2
1
6
5  13
8  25
1
1.000000
1950.000000
0.000000 0 0.000000 0.000000 0.000000
0
0
0.400000 0.220000 0.220000 0.160000
18.000000 50.000000 50.000000 60.000000
1500.000000 250.000000 22.000000 0.000000 1.500000
0.000000 0.000000 0.000000 0.000000
5 0.500000
5.000000 -2.000000
0.000000 0.000000 0.000000 0.000000
0.400000 0.007000
0.400000 0.007000
10.000000 0.350000 1.000000 1.000000
2
47
9  9
5  20
2
1.000000
60.000000
0.000000 -1 0.000000 0.000000 0.000000
1
0
0.010000 0.400000 0.400000 0.190000
15.000000 25.000000 25.000000 30.000000
1300.000000 200.000000 14.000000 0.100000 1.000000
0.000000 0.000000 0.000000 0.000000
5 0.500000
4.500000 -5.000000
0.000000 0.000000 0.000000 0.000000
0.400000 0.007000
0.400000 0.007000
10.000000 0.350000 1.000000 1.000000
