1
10 48 28.787542 429.684296 429.684326 0.099409
22.367022 22.367022 0.000000 989.350891 605.900024
0.276202 57.103333
10 Alfalfa 1 182 35.000000 0
135 230 1.000000 62.207241 61.375000
0.000000 0 0.336611 0.000000 0.000000
0
1
0.010000 0.350000 0.350000 0.290000
20.000000 80.000000 80.000000 35.000000
1800.000000 150.000000 21.000000 0.060000 1.231038
0.400000 0
0.000000 5.000000 0.000000 0.000000
0
49
0.000000
1.328225
1010
1007.524658
1691
1691.000000
1.328225
1
60
-15.000000
1.000000
5
0.600000
5.732862
0.000000
0.184000
0.820000
-15.000000
0.108000
0.400000
0.007000
0.400000
0.007000
0.880000
0.700000
0.600000
10.000000
0.350000
1.000000
1.000000
563.832397
0.000000
0.000000
0.000000
0.000000
0.000000
0.000000
10 0 0 0 0 0 0 0 0 0
