1
10 62 28.411196 514.666687 514.666748 0.039677
8.927374 8.927374 0.000000 988.248535 594.299988
0.290241 57.122135
10 Alfalfa 1 168 35.000000 0
135 230 1.000000 62.412395 61.375000
0.000000 0 0.330167 0.000000 0.000000
0
1
0.010000 0.350000 0.350000 0.290000
20.000000 80.000000 80.000000 35.000000
1800.000000 150.000000 21.000000 0.060000 1.140962
0.400000 0
0.000000 6.000000 0.000000 0.000000
0
63
0.000000
1.231038
1212
1208.615723
2056
2056.000000
1.231038
1
60
-15.000000
1.000000
5
0.600000
5.732862
0.000000
0.184000
0.820000
-15.000000
0.108000
0.400000
0.007000
0.400000
0.007000
0.880000
0.700000
0.600000
10.000000
0.350000
1.000000
1.000000
536.456909
0.000000
0.000000
0.000000
0.000000
0.000000
0.000000
10 0 0 0 0 0 0 0 0 0
