1
10 64 29.767693 343.249115 343.249146 0.232396
52.289124 52.289124 0.000000 997.347717 643.650024
0.262390 57.093872
10 Alfalfa 1 166 35.000000 0
135 230 1.000000 62.104233 61.375000
0.000000 0 0.357583 0.000000 0.000000
0
1
0.010000 0.350000 0.350000 0.290000
20.000000 80.000000 80.000000 35.000000
1800.000000 150.000000 21.000000 0.060000 1.328225
0.400000 0
0.000000 4.000000 0.000000 0.000000
0
65
0.000000
1.433085
801
800.517517
1326
1326.000000
1.433085
1
60
-15.000000
1.000000
5
0.600000
5.732862
0.000000
0.184000
0.820000
-15.000000
0.108000
0.400000
0.007000
0.400000
0.007000
0.880000
0.700000
0.600000
10.000000
0.350000
1.000000
1.000000
563.033752
0.000000
0.000000
0.000000
0.000000
0.000000
0.000000
10 0 0 0 0 0 0 0 0 0
