1
10 48 28.568508 959.339844 959.339844 0.005454
1.227109 1.227109 0.000000 1001.951355 590.700073
0.282753 57.204826
10 Alfalfa 1 182 35.000000 0
135 230 1.000000 63.321701 61.375000
0.000000 0 0.328167 0.000000 0.000000
0
1
0.010000 0.350000 0.350000 0.290000
20.000000 80.000000 80.000000 35.000000
1800.000000 150.000000 21.000000 0.060000 0.780315
0.400000 0
0.000000 11.000000 0.000000 0.000000
0
49
0.000000
0.841919
2248
2240.124512
3881
3881.000000
0.841919
1
60
-15.000000
1.000000
5
0.600000
5.776760
0.000000
0.184000
0.820000
-15.000000
0.108000
0.400000
0.007000
0.400000
0.007000
0.880000
0.700000
0.600000
10.000000
0.350000
1.000000
1.000000
503.810120
0.000000
0.000000
0.000000
0.000000
0.000000
0.000000
10 0 0 0 0 0 0 0 0 0
