1
10 58 28.924717 602.960876 602.960938 0.101537
22.845888 22.845888 0.000000 994.238770 606.150024
0.268945 57.131481
10 Alfalfa 1 172 35.000000 0
135 230 1.000000 62.514542 61.375000
0.000000 0 0.336750 0.000000 0.000000
0
1
0.010000 0.350000 0.350000 0.290000
20.000000 80.000000 80.000000 35.000000
1800.000000 150.000000 21.000000 0.060000 1.057477
0.400000 0
0.000000 7.000000 0.000000 0.000000
0
59
0.000000
1.140962
1431
1425.381226
2421
2421.000000
1.140962
1
60
-15.000000
1.000000
5
0.600000
5.732862
0.000000
0.184000
0.820000
-15.000000
0.108000
0.400000
0.007000
0.400000
0.007000
0.880000
0.700000
0.600000
10.000000
0.350000
1.000000
1.000000
528.664490
0.000000
0.000000
0.000000
0.000000
0.000000
0.000000
10 0 0 0 0 0 0 0 0 0
