1
10 59 28.544521 692.282166 692.282288 0.039175
8.814330 8.814330 0.000000 993.510620 587.940002
0.304044 57.150051
10 Alfalfa 1 171 35.000000 0
135 230 1.000000 62.717999 61.375000
0.000000 0 0.326633 0.000000 0.000000
0
1
0.010000 0.350000 0.350000 0.290000
20.000000 80.000000 80.000000 35.000000
1800.000000 150.000000 21.000000 0.060000 0.980101
0.400000 0
0.000000 8.000000 0.000000 0.000000
0
60
0.000000
1.057477
1632
1625.513916
2786
2786.000000
1.057477
1
60
-15.000000
1.000000
5
0.600000
5.732862
0.000000
0.184000
0.820000
-15.000000
0.108000
0.400000
0.007000
0.400000
0.007000
0.880000
0.700000
0.600000
10.000000
0.350000
1.000000
1.000000
535.875854
0.000000
0.000000
0.000000
0.000000
0.000000
0.000000
10 0 0 0 0 0 0 0 0 0
