1
10 39 28.092388 176.113480 176.113495 0.027909
6.279593 6.279593 0.000000 978.572571 591.200073
0.295265 57.074825
10 Alfalfa 1 191 35.000000 0
135 230 1.000000 61.897350 61.375000
0.000000 0 0.328444 0.000000 0.000000
0
1
0.010000 0.350000 0.350000 0.290000
20.000000 80.000000 80.000000 35.000000
1800.000000 150.000000 21.000000 0.060000 1.546223
0.400000 0
0.000000 2.000000 0.000000 0.000000
0
40
0.000000
1.668293
384
383.991669
596
596.000000
1.668293
1
60
-15.000000
1.000000
5
0.600000
5.732862
0.000000
0.184000
0.820000
-15.000000
0.108000
0.400000
0.007000
0.400000
0.007000
0.880000
0.700000
0.600000
10.000000
0.350000
1.000000
1.000000
540.198975
0.000000
0.000000
0.000000
0.000000
0.000000
0.000000
10 0 0 0 0 0 0 0 0 0
