1
10 55 28.647102 261.829987 261.830017 0.099142
22.306988 22.306988 0.000000 984.147888 619.999939
0.266915 57.084366
10 Alfalfa 1 175 35.000000 0
135 230 1.000000 62.000938 61.375000
0.000000 0 0.344444 0.000000 0.000000
0
1
0.010000 0.350000 0.350000 0.290000
20.000000 80.000000 80.000000 35.000000
1800.000000 150.000000 21.000000 0.060000 1.433085
0.400000 0
0.000000 3.000000 0.000000 0.000000
0
56
0.000000
1.546223
590
589.991638
961
961.000000
1.546223
1
60
-15.000000
1.000000
5
0.600000
5.732862
0.000000
0.184000
0.820000
-15.000000
0.108000
0.400000
0.007000
0.400000
0.007000
0.880000
0.700000
0.600000
10.000000
0.350000
1.000000
1.000000
567.677795
0.000000
0.000000
0.000000
0.000000
0.000000
0.000000
10 0 0 0 0 0 0 0 0 0
