1
10 33 28.785027 781.200745 781.200745 0.052523
11.817622 11.817622 0.000000 999.643921 592.149963
0.280892 57.168461
10 Alfalfa 1 197 35.000000 0
135 230 1.000000 62.920334 61.375000
0.000000 0 0.328972 0.000000 0.000000
0
1
0.010000 0.350000 0.350000 0.290000
20.000000 80.000000 80.000000 35.000000
1800.000000 150.000000 21.000000 0.060000 0.908386
0.400000 0
0.000000 9.000000 0.000000 0.000000
0
34
0.000000
0.980101
1842
1835.513672
3151
3151.000000
0.980101
1
60
-15.000000
1.000000
5
0.600000
5.732862
0.000000
0.184000
0.820000
-15.000000
0.108000
0.400000
0.007000
0.400000
0.007000
0.880000
0.700000
0.600000
10.000000
0.350000
1.000000
1.000000
519.669617
0.000000
0.000000
0.000000
0.000000
0.000000
0.000000
10 0 0 0 0 0 0 0 0 0
