1
10 59 30.692642 90.082321 90.082321 0.244638
55.043583 55.043583 0.000000 1026.809692 638.849915
0.201886 57.065247
10 Alfalfa 1 171 35.000000 0
135 230 1.000000 61.793472 61.375000
0.000000 0 0.354917 0.000000 0.000000
0
1
0.010000 0.350000 0.350000 0.290000
20.000000 80.000000 80.000000 35.000000
1800.000000 150.000000 21.000000 0.060000 1.668293
0.000000 0
0.000000 1.000000 0.000000 0.000000
0
60
0.000000
1.800000
184
183.991669
231
231.000000
1.800000
1
60
-15.000000
1.000000
5
0.600000
5.000000
0.000000
0.184000
0.820000
-15.000000
0.108000
0.400000
0.007000
0.400000
0.007000
0.880000
0.700000
0.600000
10.000000
0.350000
1.000000
1.000000
542.952820
0.000000
0.000000
0.000000
0.000000
0.000000
0.000000
10 0 0 0 0 0 0 0 0 0
