1
10 41 29.008652 870.719238 870.719238 0.065496
14.736533 14.736533 0.000000 1005.261292 606.150024
0.304817 57.186710
10 Alfalfa 1 189 35.000000 0
135 230 1.000000 63.121559 61.375000
0.000000 0 0.336750 0.000000 0.000000
0
1
0.010000 0.350000 0.350000 0.290000
20.000000 80.000000 80.000000 35.000000
1800.000000 150.000000 21.000000 0.060000 0.841919
0.400000 0
0.000000 10.000000 0.000000 0.000000
0
42
0.000000
0.908386
2043
2036.245728
3516
3516.000000
0.908386
1
60
-15.000000
1.000000
5
0.600000
5.776760
0.000000
0.184000
0.820000
-15.000000
0.108000
0.400000
0.007000
0.400000
0.007000
0.880000
0.700000
0.600000
10.000000
0.350000
1.000000
1.000000
604.621338
0.000000
0.000000
0.000000
0.000000
0.000000
0.000000
10 0 0 0 0 0 0 0 0 0
