1.000000 1.000000 1.000000 1.000000 1.000000 1.000000 1.000000 1.000000 1.000000 1.000000
82.648087 81.802437 79.402405 79.107201 75.064583 79.777946 78.404663 81.518692 82.475517 82.090271
1.000000
80.229179
10 11 2 3 4 5 6 7 8 9
0.000000 1.000000 0.000000 1.000000 1.000000 0.000000 0.000000 1.000000 1.000000 1.000000
0.000000 169.148315 0.000000 133.710754 203.187302 0.000000 0.000000 211.064468 172.020782 142.038055
1.000000
171.598633
-1 21 -1 13 24 -1 -1 17 28 29
1.000000 0.000000 1.000000 0.000000 1.000000 1.000000 1.000000 0.000000 1.000000 0.000000
146.631577 0.000000 116.291855 0.000000 115.659012 176.494278 152.375183 0.000000 96.089462 0.000000
1.000000
146.472580
30 -1 22 -1 14 25 16 -1 18 -1
1.000000 0.000000 0.000000 1.000000 0.000000 1.000000 0.761112 0.000000 0.000000 0.000000
132.255173 0.000000 0.000000 89.476799 0.000000 176.775436 207.947433 0.000000 0.000000 0.000000
0.920371
143.226456
20 -1 -1 23 -1 15 26 -1 -1 -1
0.000000 1.000000 0.000000 0.000000 0.000000 0.000000 0.000000 1.000000 0.000000 1.000000
0.000000 109.577110 0.000000 0.000000 0.000000 0.000000 0.000000 73.999344 0.000000 87.852631
1.000000
91.788223
-1 31 -1 -1 -1 -1 -1 27 -1 19
