1.000000 1.000000 1.000000 1.000000 1.000000 1.000000 1.000000 1.000000 1.000000 1.000000
82.648087 81.802437 79.402405 79.107201 75.064583 79.777946 78.404663 81.518692 82.475517 82.090271
1.000000
80.229179
10 11 2 3 4 5 6 7 8 9
0.000000 1.000000 1.000000 1.000000 1.000000 0.000000 0.000000 1.000000 1.000000 1.000000
0.000000 169.148315 241.104340 133.710754 201.995148 0.000000 0.000000 211.064468 172.020782 142.038055
1.000000
189.289581
-1 21 32 13 34 -1 -1 17 28 29
1.000000 0.000000 1.000000 1.000000 1.000000 1.000000 1.000000 0.000000 1.000000 0.000000
146.631577 0.000000 116.291855 159.360641 115.659012 176.494278 152.375183 0.000000 96.089462 0.000000
1.000000
160.828842
30 -1 22 33 14 25 16 -1 18 -1
1.000000 0.000000 0.000000 1.000000 0.000000 1.000000 0.761112 0.000000 0.000000 0.000000
132.255173 0.000000 0.000000 89.476799 0.000000 176.775436 207.947433 0.000000 0.000000 0.000000
0.920371
143.226456
20 -1 -1 23 -1 15 26 -1 -1 -1
0.000000 1.000000 0.000000 0.000000 0.000000 0.000000 0.000000 1.000000 0.000000 1.000000
0.000000 109.577110 0.000000 0.000000 0.000000 0.000000 0.000000 73.999344 0.000000 87.852631
1.000000
91.788223
-1 31 -1 -1 -1 -1 -1 27 -1 19
0.000000 0.000000 0.000000 0.953010 0.000000 0.000000 0.000000 0.000000 0.000000 0.000000
0.000000 0.000000 0.000000 57.969971 0.000000 0.000000 0.000000 0.000000 0.000000 0.000000
0.953010
57.969971
-1 -1 -1 33 -1 -1 -1 -1 -1 -1
