1.000000 1.000000 1.000000 1.000000 1.000000 1.000000 1.000000 1.000000 1.000000 1.000000
82.648087 81.802437 79.402405 79.107201 75.064583 79.777946 78.404663 81.518692 82.475517 82.090271
1.000000
80.229179
10 11 2 3 4 5 6 7 8 9
0.000000 1.000000 0.000000 1.000000 0.000000 0.000000 0.000000 1.000000 0.000000 0.000000
0.000000 169.148315 0.000000 133.710754 0.000000 0.000000 0.000000 211.064468 0.000000 0.000000
1.000000
171.307846
-1 21 -1 13 -1 -1 -1 17 -1 -1
0.000000 0.000000 1.000000 0.000000 1.000000 0.000000 1.000000 0.000000 1.000000 0.000000
0.000000 0.000000 116.291855 0.000000 115.659012 0.000000 152.375183 0.000000 96.089462 0.000000
1.000000
120.103882
-1 -1 22 -1 14 -1 16 -1 18 -1
1.000000 0.000000 0.000000 0.000000 0.000000 1.000000 0.000000 0.000000 0.000000 0.000000
132.255173 0.000000 0.000000 0.000000 0.000000 176.775436 0.000000 0.000000 0.000000 0.000000
1.000000
154.515305
20 -1 -1 -1 -1 15 -1 -1 -1 -1
0.000000 0.000000 0.000000 0.000000 0.000000 0.000000 0.000000 0.000000 0.000000 1.000000
0.000000 0.000000 0.000000 0.000000 0.000000 0.000000 0.000000 0.000000 0.000000 87.852631
1.000000
87.852631
-1 -1 -1 -1 -1 -1 -1 -1 -1 19
