7
Clay_loam
0.314000 0.490000 0.006410 0.726000 0.398000 1.000000 0.000000 0.000000
1.350000 6.610000 1 0.031000 0.500000 0.050000 0.010000 0.240000 0.750000
0.000000 0.020000 2.000000 270000.000000 96.599998 100
0.233300 1.944000 3.025300 0.000000 1
10.000000 10.000000 10.000000 5.000000 25.000000 100.000000
0.000000 0.000000 0.004812 0.000000 0.000000 0.000000
500.000000 0.000000 0.000000

0.409457 56.707035 399.191620
19.267448 3.168373 255.325500 1843.097900 5336.946289
0.000000 7.297412 0.622922 1.010348 0.000000 0.000000
0.000320 0.034369 0.002645
-0.913440 0.171163 33.818138
764.299377 0.000000
0.631058 0.000000 0.000000 0.000000
0.000000 39.556728
7 0.020000 0.020000 0.031000
0.490000 0.314000 0.726000 0.398000 1.350000 6.610000 0.726000 0.726000
270000.000000 96.599998 0.006410
1.073000 0.050000 0.116600
25.387583 2.469815 0.002233 0.000000
0.000000

0.409536 56.621925 399.195435
19.806402 2.993696 255.497375 1842.957520 5336.885254
0.000000 4.937075 0.572083 0.505174 0.000000 0.000000
0.000124 0.000462 0.002241
-0.747769 0.188408 38.288006
764.299377 0.000000
0.522412 0.000000 0.000000 0.000000
0.000000 39.269947
7 0.020000 0.040000 0.031000
0.490000 0.314000 0.726000 0.398000 1.350000 6.610000 0.726000 0.726000
270000.000000 96.599998 0.006410
1.073000 0.050000 0.116600
25.388308 2.468868 0.002458 0.000000
0.000000

0.392648 52.844204 397.192017
20.343136 3.073413 250.498352 1844.179443 5338.727539
0.000000 3.065962 0.702446 0.252587 0.000000 0.000000
0.000074 0.001549 0.001990
-0.633508 0.204051 51.150997
764.299377 0.000000
0.000000 0.000000 0.000000 0.000000
0.000000 25.049900
7 0.020000 0.060000 0.031000
0.490000 0.314000 0.726000 0.398000 1.350000 6.610000 0.726000 0.726000
270000.000000 96.599998 0.006410
1.073000 0.050000 0.116600
25.368238 2.482613 0.002678 0.000000
0.000000

0.398286 53.862270 397.670197
20.516010 2.889801 252.141556 1843.844116 5338.115723
0.000000 4.569585 0.728509 0.126294 0.000000 0.000000
0.000040 0.001497 0.000244
-0.519970 0.223065 49.287617
764.299377 0.000000
0.000000 0.000000 0.000000 0.000000
0.000000 33.754128
7 0.020000 0.080000 0.031000
0.490000 0.314000 0.726000 0.398000 1.350000 6.610000 0.726000 0.726000
270000.000000 96.599998 0.006410
1.073000 0.050000 0.116600
25.374844 2.481995 0.002929 0.000000
0.000000

0.402183 54.559616 397.998840
20.695761 2.706234 253.272369 1843.610474 5337.691406
0.000000 4.166573 0.918818 0.063147 0.000000 0.000000
0.000026 0.001240 0.000210
-0.401409 0.248356 46.809097
764.299377 0.000000
0.000000 0.000000 0.000000 0.000000
0.000000 30.660297
7 0.020000 0.100000 0.025000
0.490000 0.314000 0.726000 0.398000 1.350000 6.610000 0.726000 0.726000
270000.000000 96.599998 0.006410
1.073000 0.050000 0.116600
25.379364 2.475234 0.003258 0.000000
0.000000

0.404334 54.986492 402.058411
21.256147 2.636994 253.918640 1842.728760 5337.420898
0.000000 3.145994 0.947879 0.031573 0.000000 0.000000
0.000016 0.000918 0.000167
-0.263802 0.284372 43.279556
764.299377 0.000000
0.000000 0.000000 0.000000 0.000000
0.000000 25.268982
7 0.020000 0.120000 0.025000
0.490000 0.314000 0.726000 0.398000 1.350000 6.610000 0.726000 0.726000
270000.000000 96.599998 0.006410
1.073000 0.050000 0.116600
25.382330 2.467270 0.003734 0.000000
0.000000

0.406819 55.458935 402.252960
21.502352 2.644194 254.660324 1842.351685 5337.134277
0.000000 2.433533 0.972484 0.015787 0.000000 0.000000
0.000009 0.000690 0.000160
-0.129541 0.341794 37.652233
764.299377 0.000000
0.000000 0.000000 0.000000 0.000000
0.000000 20.329464
7 0.020000 0.140000 0.025000
0.490000 0.314000 0.726000 0.398000 1.350000 6.610000 0.726000 0.726000
270000.000000 96.599998 0.006410
1.073000 0.050000 0.116600
25.385387 2.456375 0.004477 0.000000
0.000000

0.413007 60.539665 402.735077
21.583826 2.680648 256.264313 1840.499390 5336.459473
0.000000 1.954595 1.029799 0.007893 0.000000 0.000000
0.000002 0.000571 0.000119
-0.057820 0.456871 26.374607
764.299377 0.000000
0.000000 0.000000 0.000000 0.000000
0.000000 17.599915
7 0.020000 0.160000 0.025000
0.490000 0.314000 0.726000 0.398000 1.350000 6.610000 0.726000 0.726000
270000.000000 96.599998 0.006410
1.073000 0.050000 0.116600
25.392570 2.437709 0.005897 0.000000
0.000000

0.418016 61.525879 403.120575
21.502422 2.805648 257.651703 1840.123535 5335.939453
0.000000 1.459715 1.116047 0.003947 0.000000 0.000000
0.000001 0.000255 0.000231
-0.028800 0.726000 0.000000
764.299377 0.000000
0.000000 0.000000 0.000000 0.000000
0.000000 14.271563
7 0.020000 0.180000 0.020000
0.490000 0.314000 0.726000 0.398000 1.350000 6.610000 0.726000 0.726000
270000.000000 96.599998 0.006410
1.073000 0.050000 0.116600
25.398079 2.418487 0.009225 0.000000
0.000000

0.424888 62.954494 403.642639
21.804747 3.018315 259.579102 1839.189697 5335.206543
0.000000 2.531090 1.251654 0.001973 0.000000 0.000000
0.000001 0.000273 0.000227
0.072376 0.726000 0.000000
764.299377 0.000000
0.000000 0.000000 0.000000 0.000000
0.000000 21.789585
7 0.020000 0.200000 0.020000
0.490000 0.314000 0.726000 0.398000 1.350000 6.610000 0.726000 0.726000
270000.000000 96.599998 0.006410
1.073000 0.050000 0.116600
25.405926 2.469995 0.009441 0.000000
0.000000

0.555294 97.321945 412.335205
19.125320 2.846955 300.541229 1830.121460 5320.279785
0.000000 4.002797 0.691046 0.000987 0.000000 0.000000
0.000001 0.000269 0.000224
0.172673 0.726000 0.000000
764.299377 0.000000
0.000000 0.000000 0.000000 0.000000
0.000000 25.874819
7 0.020000 0.220000 0.020000
0.490000 0.314000 0.726000 0.398000 1.350000 6.610000 0.726000 0.726000
270000.000000 96.599998 0.006410
1.073000 0.050000 0.116600
25.555870 2.325927 0.008867 0.000000
0.000000

0.000000 32.426888 68.745331
9.551814 1.513673 156.851593 925.912964 4085.217529
0.000000 3.443598 0.287725 0.000493 0.000000 0.000000
0.000000 0.000231 0.000190
0.272098 0.726000 0.000000
764.299377 0.000000
0.000000 0.000000 0.000000 0.000000
0.000000 20.018297
7 0.020000 0.240000 0.020000
0.490000 0.314000 0.726000 0.398000 1.350000 6.610000 0.726000 0.726000
270000.000000 96.599998 0.006410
1.073000 0.050000 0.116600
2.447421 1.706960 0.006484 0.000000
0.000000

0.000000 29.876484 64.652023
9.449808 1.586419 156.957199 924.644409 4084.988281
0.000000 2.233318 0.255972 0.000247 0.000000 0.000000
0.000000 0.000183 0.000150
0.370665 0.726000 0.000000
764.299377 0.000000
0.000000 0.000000 0.000000 0.000000
0.000000 12.545649
7 0.020000 0.260000 0.020000
0.490000 0.314000 0.726000 0.398000 1.350000 6.610000 0.726000 0.726000
270000.000000 96.599998 0.006410
1.073000 0.050000 0.116600
2.449440 1.436959 0.005451 0.000000
0.000000

0.000000 31.097113 63.760803
8.649763 1.529017 147.201111 852.926147 3673.019287
0.000000 3.184880 0.262730 0.000123 0.000000 0.000000
0.000000 0.000179 0.000146
0.463832 0.886341 0.000000
764.299377 0.000000
0.000000 0.000000 0.000000 0.000000
0.000000 24.508421
7 0.020000 0.280000 0.018000
0.490000 0.314000 0.726000 0.398000 1.350000 6.610000 0.726000 0.726000
270000.000000 96.599998 0.000070
1.073000 0.050000 0.116600
2.221201 1.929908 0.008961 0.000000
0.000000

0.000000 29.511808 61.278347
8.616706 1.594538 148.555908 856.375549 3671.850830
0.000000 0.579212 0.192322 0.000062 0.000000 0.000000
0.000000 0.000077 0.000063
0.550326 0.958084 0.000000
764.299377 0.000000
0.000000 0.000000 0.000000 0.000000
0.000000 10.211023
7 0.020000 0.300000 0.018000
0.490000 0.314000 0.726000 0.398000 1.350000 6.610000 0.726000 0.726000
270000.000000 96.599998 0.000070
1.073000 0.050000 0.116600
2.226333 1.357432 0.006792 0.000000
0.000000

0.000000 26.555897 57.211643
8.517029 1.643885 148.067688 852.858398 3672.019043
0.000000 0.040195 0.121206 0.000031 0.000000 0.000000
0.000000 0.000008 0.000007
0.633802 0.984354 0.000000
764.299377 0.000000
0.000000 0.000000 0.000000 0.000000
0.000000 7.514149
7 0.020000 0.320000 0.018000
0.490000 0.314000 0.726000 0.398000 1.350000 6.610000 0.726000 0.726000
270000.000000 96.599998 0.000070
1.073000 0.050000 0.116600
2.225734 1.269798 0.006525 0.000000
0.000000

0.000000 24.985916 52.545784
7.556735 1.517461 133.281525 760.907593 3206.918213
0.000000 0.001031 0.052917 0.000015 0.000000 0.000000
0.000000 0.000002 0.000001
0.715970 0.992533 0.000000
764.299377 0.000000
0.000000 0.000000 0.000000 0.000000
0.000000 6.418061
8 0.020000 0.340000 0.015500
0.483000 0.377000 0.726000 0.484000 1.370000 6.610000 0.770000 0.770000
274000.000000 96.599998 0.000070
1.073000 0.050000 0.116600
1.955740 1.108059 0.005571 0.000000
0.000000

0.000000 22.485613 49.188091
7.480547 1.559736 132.760971 758.352112 3207.055908
0.000000 0.000043 0.042430 0.000008 0.000000 0.000000
0.000000 0.000002 0.000001
0.797327 0.994919 0.000000
764.299377 0.000000
0.000000 0.000000 0.000000 0.000000
0.000000 5.767807
8 0.020000 0.360000 0.015500
0.483000 0.377000 0.726000 0.484000 1.370000 6.610000 0.770000 0.770000
274000.000000 96.599998 0.000070
1.073000 0.050000 0.116600
1.955303 1.081756 0.005451 0.000000
0.000000

0.000000 20.228680 46.145802
7.407885 1.600748 132.270126 755.934998 3207.231201
0.000000 0.000000 0.041604 0.000004 0.000000 0.000000
0.000000 0.000000 0.000000
0.877752 0.995727 0.000000
764.299377 0.000000
0.000000 0.000000 0.000000 0.000000
0.000000 5.427629
8 0.020000 0.380000 0.015500
0.483000 0.377000 0.726000 0.484000 1.370000 6.610000 0.770000 0.770000
274000.000000 96.599998 0.000070
1.073000 0.050000 0.116600
1.954831 1.077601 0.005435 0.000000
0.000000

0.000000 18.087059 43.344269
7.337728 1.640419 131.464478 753.928650 3207.341797
0.000000 0.000000 0.041619 0.000002 0.000000 0.000000
0.000000 0.000000 0.000000
0.957299 0.995994 0.000000
764.299377 0.000000
0.000000 0.000000 0.000000 0.000000
0.000000 5.295153
8 0.020000 0.400000 0.015500
0.483000 0.377000 0.726000 0.484000 1.370000 6.610000 0.770000 0.770000
274000.000000 96.599998 0.000070
1.073000 0.050000 0.116600
1.954280 1.077558 0.005436 0.000000
0.000000

0.000000 16.376415 40.992771
7.276517 1.680318 131.253845 752.186951 3207.428955
0.000000 0.000000 0.041917 0.000001 0.000000 0.000000
0.000000 0.000000 0.000000
1.035999 0.996056 0.000000
764.299377 0.000000
0.000000 0.000000 0.000000 0.000000
0.000000 5.246727
8 0.020000 0.420000 0.015500
0.483000 0.377000 0.726000 0.484000 1.370000 6.610000 0.770000 0.770000
274000.000000 96.599998 0.000070
1.073000 0.050000 0.116600
1.954190 1.077387 0.005435 0.000000
0.000000

0.000000 14.784418 38.808693
7.216298 1.718788 130.980484 750.453552 3207.557617
0.000000 0.000000 0.042525 0.000000 0.000000 0.000000
0.000000 0.000000 0.000000
1.113872 0.996052 0.000000
764.299377 0.000000
0.000000 0.000000 0.000000 0.000000
0.000000 5.229999
8 0.020000 0.440000 0.015500
0.483000 0.377000 0.726000 0.484000 1.370000 6.610000 0.770000 0.770000
274000.000000 96.599998 0.000070
1.073000 0.050000 0.116600
1.953964 1.076528 0.005431 0.000000
0.000000

0.000000 13.381821 36.894318
7.161481 1.756953 130.811829 749.100403 3207.627441
0.000000 0.000000 0.042800 0.000000 0.000000 0.000000
0.000000 0.000000 0.000000
1.190932 0.996046 0.000000
764.299377 0.000000
0.000000 0.000000 0.000000 0.000000
0.000000 5.212498
8 0.020000 0.460000 0.015500
0.483000 0.377000 0.726000 0.484000 1.370000 6.610000 0.770000 0.770000
274000.000000 96.599998 0.000070
1.073000 0.050000 0.116600
1.953937 1.075465 0.005426 0.000000
0.000000

0.000000 12.121381 35.179405
7.109950 1.794418 130.628876 748.004700 3207.676270
0.000000 0.000092 0.055171 0.000000 0.000000 0.000000
0.000000 0.000001 0.000001
1.267192 0.996052 0.000000
764.299377 0.000000
0.000000 0.000000 0.000000 0.000000
0.000000 5.208263
8 0.020000 0.480000 0.015500
0.483000 0.377000 0.726000 0.484000 1.370000 6.610000 0.770000 0.770000
274000.000000 96.599998 0.000070
1.073000 0.050000 0.116600
1.953973 1.075164 0.005424 0.000000
0.000000

0.000000 10.996285 33.658863
7.062123 1.831383 130.520737 747.137512 3207.737549
0.000000 0.001183 0.086219 0.000000 0.000000 0.000000
0.000000 0.000001 0.000001
1.342665 0.996061 0.000000
764.299377 0.000000
0.000000 0.000000 0.000000 0.000000
0.000000 5.212511
8 0.020000 0.500000 0.015500
0.483000 0.377000 0.726000 0.484000 1.370000 6.610000 0.770000 0.770000
274000.000000 96.599998 0.000070
1.073000 0.050000 0.116600
1.954125 1.074829 0.005422 0.000000
0.000000

0.000000 9.984597 32.303669
7.017412 1.867788 130.427582 746.497009 3207.747803
0.000000 0.027347 0.224340 0.000000 0.000000 0.000000
0.000000 0.000002 0.000001
1.417362 0.996062 0.000000
764.299377 0.000000
0.000000 0.000000 0.000000 0.000000
0.000000 5.228649
8 0.020000 0.520000 0.015500
0.483000 0.377000 0.726000 0.484000 1.370000 6.610000 0.770000 0.770000
274000.000000 96.599998 0.000070
1.073000 0.050000 0.116600
1.954323 1.074556 0.005421 0.000000
0.000000

0.000000 7.731633 19.796698
3.557520 0.971509 65.190132 379.367737 1657.711792
0.000000 0.059410 0.178282 0.000000 0.000000 0.000000
0.000000 0.000003 0.000002
1.495787 0.770000 0.000000
764.299377 0.000000
0.000000 0.000000 0.000000 0.000000
0.000000 4.800161
8 0.020000 0.540000 0.008000
0.483000 0.377000 0.726000 0.484000 1.370000 6.610000 0.770000 0.770000
274000.000000 96.599998 0.002410
1.073000 0.050000 0.116600
1.001391 0.632731 0.002462 0.000000
0.000000

0.000000 7.070927 18.836515
3.533950 0.991610 65.209915 379.139984 1657.639404
0.000000 0.103136 0.193338 0.000000 0.000000 0.000000
0.000000 0.000004 0.000004
1.578589 0.770000 0.000000
764.299377 0.000000
0.000000 0.000000 0.000000 0.000000
0.000000 4.438463
8 0.020000 0.560000 0.008000
0.483000 0.377000 0.726000 0.484000 1.370000 6.610000 0.770000 0.770000
274000.000000 96.599998 0.002410
1.073000 0.050000 0.116600
1.001835 0.580872 0.002260 0.000000
0.000000

0.000000 6.472921 17.976576
3.509696 1.010584 65.255959 379.016083 1657.560913
0.000000 0.141112 0.206786 0.000000 0.000000 0.000000
0.000000 0.000005 0.000004
1.659832 0.806003 0.000000
764.299377 0.000000
0.000000 0.000000 0.000000 0.000000
0.000000 4.409807
8 0.020000 0.580000 0.008000
0.483000 0.377000 0.726000 0.484000 1.370000 6.610000 0.770000 0.770000
274000.000000 96.599998 0.002410
1.073000 0.050000 0.116600
1.002305 0.569523 0.002319 0.000000
0.000000

0.000000 5.935169 17.220062
3.477874 1.025720 65.383270 379.035583 1657.467041
0.000000 0.081799 0.189567 0.000000 0.000000 0.000000
0.000000 0.000003 0.000002
1.735457 1.000000 0.000000
764.299377 0.000000
0.000000 0.000000 0.000000 0.000000
0.000000 4.214291
8 0.020000 0.600000 0.008000
0.483000 0.377000 0.726000 0.484000 1.370000 6.610000 0.770000 0.770000
274000.000000 96.599998 0.002410
1.073000 0.050000 0.116600
1.002841 0.566468 0.002861 0.000000
0.000000

0.000000 5.433649 16.531195
3.461715 1.042998 65.466530 379.105896 1657.378540
0.000000 0.077810 0.190122 0.000000 0.000000 0.000000
0.000000 0.000002 0.000002
1.806673 1.000000 0.000000
764.299377 0.000000
0.000000 0.000000 0.000000 0.000000
0.000000 4.096639
8 0.020000 0.620000 0.008000
0.483000 0.377000 0.726000 0.484000 1.370000 6.610000 0.770000 0.770000
274000.000000 96.599998 0.002410
1.073000 0.050000 0.116600
1.003342 0.565184 0.002855 0.000000
0.000000

0.000000 4.976875 15.923299
3.446892 1.060143 65.566666 379.273926 1657.302979
0.000000 0.138876 0.214024 0.000000 0.000000 0.000000
0.000000 0.000004 0.000003
1.877163 1.000000 0.000000
764.299377 0.000000
0.000000 0.000000 0.000000 0.000000
0.000000 4.052649
8 0.020000 0.640000 0.008000
0.483000 0.377000 0.726000 0.484000 1.370000 6.610000 0.770000 0.770000
274000.000000 96.599998 0.002410
1.073000 0.050000 0.116600
1.003873 0.562341 0.002841 0.000000
0.000000

0.000000 4.561728 15.388688
3.433384 1.077179 65.666168 379.557617 1657.190796
0.000000 0.148731 0.220359 0.000000 0.000000 0.000000
0.000000 0.000003 0.000003
1.946931 1.000000 0.000000
764.299377 0.000000
0.000000 0.000000 0.000000 0.000000
0.000000 4.025037
8 0.020000 0.660000 0.008000
0.483000 0.377000 0.726000 0.484000 1.370000 6.610000 0.770000 0.770000
274000.000000 96.599998 0.002410
1.073000 0.050000 0.116600
1.004431 0.561099 0.002834 0.000000
0.000000

0.000000 4.190782 14.950908
3.423144 1.094762 65.847137 380.131744 1657.055176
0.000000 0.127531 0.217902 0.000000 0.000000 0.000000
0.000000 0.000003 0.000002
2.015981 1.000000 0.000000
764.299377 0.000000
0.000000 0.000000 0.000000 0.000000
0.000000 4.078942
8 0.020000 0.680000 0.008000
0.483000 0.377000 0.726000 0.484000 1.370000 6.610000 0.770000 0.770000
274000.000000 96.599998 0.002410
1.073000 0.050000 0.116600
1.005162 0.564778 0.002853 0.000000
0.000000

0.000000 3.864082 14.594740
3.415030 1.112584 66.123779 380.838440 1656.856201
0.000000 0.471150 0.269203 0.000000 0.000000 0.000000
0.000000 0.000006 0.000005
2.084313 1.000000 0.000000
764.299377 0.000000
0.000000 0.000000 0.000000 0.000000
0.000000 3.980770
8 0.020000 0.700000 0.008000
0.483000 0.377000 0.726000 0.484000 1.370000 6.610000 0.770000 0.770000
274000.000000 96.599998 0.002410
1.073000 0.050000 0.116600
1.006003 0.562391 0.002841 0.000000
0.000000

0.000000 3.576697 14.309916
3.408676 1.130568 66.452766 381.678894 1656.645752
0.000000 0.531826 0.277344 0.000000 0.000000 0.000000
0.000000 0.000006 0.000005
2.151928 1.000000 0.000000
764.299377 0.000000
0.000000 0.000000 0.000000 0.000000
0.000000 3.948251
8 0.020000 0.720000 0.008000
0.483000 0.377000 0.726000 0.484000 1.370000 6.610000 0.770000 0.770000
274000.000000 96.599998 0.002410
1.073000 0.050000 0.116600
1.006916 0.561838 0.002838 0.000000
0.000000

0.000000 3.393333 10.664342
2.139293 0.721846 42.096092 240.258636 1027.487305
0.000000 0.363523 0.182809 0.000000 0.000000 0.000000
0.000000 0.000004 0.000003
2.218728 1.000000 0.000000
764.299377 0.000000
0.000000 0.000000 0.000000 0.000000
0.000000 3.489826
8 0.020000 0.740000 0.005000
0.486000 0.396000 0.726000 0.501000 1.360000 6.610000 0.785000 0.785000
272000.000000 96.599998 0.003000
1.073000 0.050000 0.116600
0.626539 0.360205 0.001842 0.000000
0.000000

0.000000 3.157667 10.450693
2.137778 0.733477 42.309303 241.062622 1027.248901
0.000000 0.423399 0.187561 0.000000 0.000000 0.000000
0.000000 0.000004 0.000003
2.284714 1.000000 0.000000
764.299377 0.000000
0.000000 0.000000 0.000000 0.000000
0.000000 3.233283
8 0.020000 0.760000 0.005000
0.486000 0.396000 0.726000 0.501000 1.360000 6.610000 0.785000 0.785000
272000.000000 96.599998 0.003000
1.073000 0.050000 0.116600
0.627316 0.351892 0.001800 0.000000
0.000000

0.000000 2.948357 10.288468
2.137465 0.745312 42.559078 241.966049 1027.043335
0.000000 0.139293 0.161171 0.000000 0.000000 0.000000
0.000000 0.000002 0.000001
2.349986 1.000000 0.000000
764.299377 0.000000
0.000000 0.000000 0.000000 0.000000
0.000000 3.584154
8 0.020000 0.780000 0.005000
0.486000 0.396000 0.726000 0.501000 1.360000 6.610000 0.785000 0.785000
272000.000000 96.599998 0.003000
1.073000 0.050000 0.116600
0.628146 0.351450 0.001797 0.000000
0.000000

0.000000 2.276531 9.860982
2.139529 0.757817 42.926601 243.094696 1026.762329
0.000000 0.059289 0.180134 0.000000 0.000000 0.000000
0.000000 0.000001 0.000001
2.414541 1.000000 0.000000
764.299377 0.000000
0.000000 0.000000 0.000000 0.000000
0.000000 3.242470
8 0.020000 0.800000 0.005000
0.486000 0.396000 0.726000 0.501000 1.360000 6.610000 0.785000 0.785000
272000.000000 96.599998 0.003000
1.073000 0.050000 0.116600
0.629181 0.348198 0.001781 0.000000
0.000000

0.000000 2.230738 9.942645
2.145772 0.771619 43.330143 244.669006 1026.428955
0.000000 0.082970 0.185808 0.000000 0.000000 0.000000
0.000000 0.000001 0.000001
2.478377 1.000000 0.000000
764.299377 0.000000
0.000000 0.000000 0.000000 0.000000
0.000000 2.864094
8 0.020000 0.820000 0.005000
0.486000 0.396000 0.726000 0.501000 1.360000 6.610000 0.785000 0.785000
272000.000000 96.599998 0.003000
1.073000 0.050000 0.116600
0.630439 0.343202 0.001755 0.000000
0.000000

0.000000 2.149349 9.999384
2.150378 0.784700 43.642178 246.105667 1026.140015
0.000000 0.137406 0.202903 0.000000 0.000000 0.000000
0.000000 0.000001 0.000001
2.541489 1.000000 0.000000
764.299377 0.000000
0.000000 0.000000 0.000000 0.000000
0.000000 2.826139
8 0.020000 0.840000 0.005000
0.486000 0.396000 0.726000 0.501000 1.360000 6.610000 0.785000 0.785000
272000.000000 96.599998 0.003000
1.073000 0.050000 0.116600
0.631538 0.342583 0.001752 0.000000
0.000000

0.000000 1.661577 9.700641
2.151081 0.796219 43.885162 247.111557 1025.910767
0.000000 0.178424 0.213016 0.000000 0.000000 0.000000
0.000000 0.000001 0.000001
2.603876 1.000000 0.000000
764.299377 0.000000
0.000000 0.000000 0.000000 0.000000
0.000000 2.775984
8 0.020000 0.860000 0.005000
0.486000 0.396000 0.726000 0.501000 1.360000 6.610000 0.785000 0.785000
272000.000000 96.599998 0.003000
1.073000 0.050000 0.116600
0.632372 0.342735 0.001753 0.000000
0.000000

0.000000 1.564432 9.658706
2.148950 0.806470 44.073215 247.730179 1025.775146
0.000000 0.193308 0.217616 0.000000 0.000000 0.000000
0.000000 0.000001 0.000001
2.665532 1.000000 0.000000
764.299377 0.000000
0.000000 0.000000 0.000000 0.000000
0.000000 2.719893
8 0.020000 0.880000 0.005000
0.486000 0.396000 0.726000 0.501000 1.360000 6.610000 0.785000 0.785000
272000.000000 96.599998 0.003000
1.073000 0.050000 0.116600
0.632899 0.339652 0.001737 0.000000
0.000000

0.000000 1.473516 9.626874
2.146736 0.816481 44.246792 248.330795 1025.647827
0.000000 0.192275 0.220355 0.000000 0.000000 0.000000
0.000000 0.000001 0.000001
2.726455 1.000000 0.000000
764.299377 0.000000
0.000000 0.000000 0.000000 0.000000
0.000000 2.673015
8 0.020000 0.900000 0.005000
0.486000 0.396000 0.726000 0.501000 1.360000 6.610000 0.785000 0.785000
272000.000000 96.599998 0.003000
1.073000 0.050000 0.116600
0.633404 0.339312 0.001735 0.000000
0.000000

0.000000 1.155177 9.459164
2.146813 0.827180 44.533405 249.133682 1025.436401
0.000000 0.185992 0.220996 0.000000 0.000000 0.000000
0.000000 0.000001 0.000001
2.786640 1.000000 0.000000
764.299377 0.000000
0.000000 0.000000 0.000000 0.000000
0.000000 2.819604
8 0.020000 0.920000 0.005000
0.486000 0.396000 0.726000 0.501000 1.360000 6.610000 0.785000 0.785000
272000.000000 96.599998 0.003000
1.073000 0.050000 0.116600
0.634103 0.340719 0.001742 0.000000
0.000000

0.000000 1.126045 3.099882
0.436462 0.170234 9.104377 50.703640 205.044571
0.000000 0.261919 0.151795 0.000000 0.000000 0.000000
0.000000 0.000001 0.000001
2.846084 1.000000 0.000000
764.299377 0.000000
0.000000 0.000000 0.000000 0.000000
0.000000 1.865346
8 0.020000 0.940000 0.001000
0.486000 0.396000 0.726000 0.501000 1.360000 6.610000 0.785000 0.785000
272000.000000 96.599998 0.003000
1.073000 0.050000 0.116600
0.126986 0.073961 0.000378 0.000000
0.000000

0.000000 1.108514 3.055872
0.436495 0.172339 9.168464 50.851791 204.998169
0.000000 0.312660 0.151317 0.000000 0.000000 0.000000
0.000000 0.000001 0.000001
2.904783 1.000000 0.000000
764.299377 0.000000
0.000000 0.000000 0.000000 0.000000
0.000000 2.338157
8 0.020000 0.960000 0.001000
0.486000 0.396000 0.726000 0.501000 1.360000 6.610000 0.785000 0.785000
272000.000000 96.599998 0.003000
1.073000 0.050000 0.116600
0.127165 0.069230 0.000354 0.000000
0.000000

0.000000 1.106658 3.032021
0.436916 0.174561 9.294578 50.985428 204.940323
0.000000 0.283203 0.156199 0.000000 0.000000 0.000000
0.000000 0.000001 0.000001
2.962734 1.000000 0.000000
764.299377 0.000000
0.000000 0.000000 0.000000 0.000000
0.000000 1.092603
8 0.020000 0.980000 0.001000
0.486000 0.396000 0.726000 0.501000 1.360000 6.610000 0.785000 0.785000
272000.000000 96.599998 0.003000
1.073000 0.050000 0.116600
0.127366 0.067543 0.000345 0.000000
0.000000

0.000000 0.967088 2.915949
0.438375 0.177180 9.399215 51.296543 204.862625
0.000000 0.186959 0.146994 0.000000 0.000000 0.000000
0.000000 0.000000 0.000000
3.019933 1.000000 0.000000
764.299377 0.000000
0.000000 0.000000 0.000000 0.000000
0.000000 1.037429
8 0.020000 1.000000 0.001000
0.486000 0.396000 0.726000 0.501000 1.360000 6.610000 0.785000 0.785000
272000.000000 96.599998 0.003000
1.073000 0.050000 0.116600
0.127674 0.067154 0.000343 0.000000
0.000000

0.000000 0.915083 2.869930
0.437888 0.178975 9.421193 51.407959 204.837814
0.000000 0.101653 0.139127 0.000000 0.000000 0.000000
0.000000 0.000000 0.000000
3.076376 1.000000 0.000000
764.299377 0.000000
0.000000 0.000000 0.000000 0.000000
0.000000 0.997480
8 0.020000 1.020000 0.001000
0.486000 0.396000 0.726000 0.501000 1.360000 6.610000 0.785000 0.785000
272000.000000 96.599998 0.003000
1.073000 0.050000 0.116600
0.127775 0.066807 0.000341 0.000000
0.000000

0.000000 0.850145 2.795644
0.436245 0.180254 9.417818 51.381405 204.835953
0.000000 0.052976 0.132353 0.000000 0.000000 0.000000
0.000000 0.000000 0.000000
3.132063 1.000000 0.000000
764.299377 0.000000
0.000000 0.000000 0.000000 0.000000
0.000000 0.984852
8 0.020000 1.040000 0.001000
0.486000 0.396000 0.726000 0.501000 1.360000 6.610000 0.785000 0.785000
272000.000000 96.599998 0.003000
1.073000 0.050000 0.116600
0.127781 0.066747 0.000341 0.000000
0.000000

0.000000 0.683963 2.630504
0.434333 0.181378 9.409589 51.328560 204.833496
0.000000 0.029949 0.126964 0.000000 0.000000 0.000000
0.000000 0.000000 0.000000
3.186988 1.000000 0.000000
764.299377 0.000000
0.000000 0.000000 0.000000 0.000000
0.000000 0.974220
8 0.020000 1.060000 0.001000
0.486000 0.396000 0.726000 0.501000 1.360000 6.610000 0.785000 0.785000
272000.000000 96.599998 0.003000
1.073000 0.050000 0.116600
0.127787 0.066695 0.000341 0.000000
0.000000

0.000000 0.640261 2.579306
0.432864 0.182629 9.408071 51.312458 204.832123
0.000000 0.019618 0.128582 0.000000 0.000000 0.000000
0.000000 0.000000 0.000000
3.241151 1.000000 0.000000
764.299377 0.000000
0.000000 0.000000 0.000000 0.000000
0.000000 1.004622
8 0.020000 1.080000 0.001000
0.486000 0.396000 0.726000 0.501000 1.360000 6.610000 0.785000 0.785000
272000.000000 96.599998 0.003000
1.073000 0.050000 0.116600
0.127797 0.066932 0.000342 0.000000
0.000000

0.000000 0.600564 2.532887
0.431442 0.183853 9.406766 51.297623 204.831436
0.000000 0.014555 0.126018 0.000000 0.000000 0.000000
0.000000 0.000000 0.000000
3.294549 1.000000 0.000000
764.299377 0.000000
0.000000 0.000000 0.000000 0.000000
0.000000 0.976305
8 0.020000 1.100000 0.001000
0.486000 0.396000 0.726000 0.501000 1.360000 6.610000 0.785000 0.785000
272000.000000 96.599998 0.003000
1.073000 0.050000 0.116600
0.127804 0.066660 0.000340 0.000000
0.000000

0.000000 0.564229 2.490536
0.430058 0.185048 9.405523 51.283360 204.831604
0.000000 0.011985 0.124290 0.000000 0.000000 0.000000
0.000000 0.000000 0.000000
3.347181 1.000000 0.000000
764.299377 0.000000
0.000000 0.000000 0.000000 0.000000
0.000000 0.971992
8 0.020000 1.120000 0.001000
0.486000 0.396000 0.726000 0.501000 1.360000 6.610000 0.785000 0.785000
272000.000000 96.599998 0.003000
1.073000 0.050000 0.116600
0.127807 0.066639 0.000340 0.000000
0.000000

0.000000 0.531423 2.452656
0.428734 0.186225 9.404872 51.272312 204.831406
0.000000 0.010593 0.123274 0.000000 0.000000 0.000000
0.000000 0.000000 0.000000
3.399046 1.000000 0.000000
764.299377 0.000000
0.000000 0.000000 0.000000 0.000000
0.000000 0.981104
8 0.020000 1.140000 0.001000
0.486000 0.396000 0.726000 0.501000 1.360000 6.610000 0.785000 0.785000
272000.000000 96.599998 0.003000
1.073000 0.050000 0.116600
0.127815 0.066849 0.000341 0.000000
0.000000

0.000000 0.442263 2.360653
0.427245 0.187291 9.400881 51.243362 204.830246
0.000000 0.010140 0.129787 0.000000 0.000000 0.000000
0.000000 0.000000 0.000000
3.450144 1.000000 0.000000
764.299377 0.000000
0.000000 0.000000 0.000000 0.000000
0.000000 0.967653
8 0.020000 1.160000 0.001000
0.486000 0.396000 0.726000 0.501000 1.360000 6.610000 0.785000 0.785000
272000.000000 96.599998 0.003000
1.073000 0.050000 0.116600
0.127821 0.066821 0.000341 0.000000
0.000000

0.000000 0.420995 2.335975
0.426056 0.188440 9.401656 51.240368 204.828735
0.000000 0.010033 0.131364 0.000000 0.000000 0.000000
0.000000 0.000000 0.000000
3.500474 1.000000 0.000000
764.299377 0.000000
0.000000 0.000000 0.000000 0.000000
0.000000 0.962676
8 0.020000 1.180000 0.001000
0.486000 0.396000 0.726000 0.501000 1.360000 6.610000 0.785000 0.785000
272000.000000 96.599998 0.003000
1.073000 0.050000 0.116600
0.127829 0.066600 0.000340 0.000000
0.000000

0.000000 0.401230 2.312713
0.424866 0.189547 9.401713 51.233612 204.829056
0.000000 0.010246 0.135009 0.000000 0.000000 0.000000
0.000000 0.000000 0.000000
3.550037 1.000000 0.000000
764.299377 0.000000
0.000000 0.000000 0.000000 0.000000
0.000000 0.953428
8 0.020000 1.200000 0.001000
0.486000 0.396000 0.726000 0.501000 1.360000 6.610000 0.785000 0.785000
272000.000000 96.599998 0.003000
1.073000 0.050000 0.116600
0.127834 0.066561 0.000340 0.000000
0.000000

0.000000 0.383761 2.292717
0.423750 0.190647 9.402750 51.232216 204.827774
0.000000 0.010669 0.139626 0.000000 0.000000 0.000000
0.000000 0.000000 0.000000
3.598833 1.000000 0.000000
764.299377 0.000000
0.000000 0.000000 0.000000 0.000000
0.000000 0.964562
8 0.020000 1.220000 0.001000
0.486000 0.396000 0.726000 0.501000 1.360000 6.610000 0.785000 0.785000
272000.000000 96.599998 0.003000
1.073000 0.050000 0.116600
0.127841 0.066552 0.000340 0.000000
0.000000

0.000000 0.331320 2.236577
0.422506 0.191654 9.400982 51.215736 204.826309
0.000000 0.011230 0.144079 0.000000 0.000000 0.000000
0.000000 0.000000 0.000000
3.646864 1.000000 0.000000
764.299377 0.000000
0.000000 0.000000 0.000000 0.000000
0.000000 0.952786
8 0.020000 1.240000 0.001000
0.486000 0.396000 0.726000 0.501000 1.360000 6.610000 0.785000 0.785000
272000.000000 96.599998 0.003000
1.073000 0.050000 0.116600
0.127848 0.066527 0.000340 0.000000
0.000000

0.000000 0.320317 2.223875
0.421466 0.192710 9.402353 51.216488 204.825348
0.000000 0.011776 0.146516 0.000000 0.000000 0.000000
0.000000 0.000000 0.000000
3.694129 1.000000 0.000000
764.299377 0.000000
0.000000 0.000000 0.000000 0.000000
0.000000 0.942516
8 0.020000 1.260000 0.001000
0.486000 0.396000 0.726000 0.501000 1.360000 6.610000 0.785000 0.785000
272000.000000 96.599998 0.003000
1.073000 0.050000 0.116600
0.127854 0.066477 0.000339 0.000000
0.000000

0.000000 0.310180 2.212561
0.420460 0.193745 9.403889 51.218243 204.824570
0.000000 0.012262 0.148802 0.000000 0.000000 0.000000
0.000000 0.000000 0.000000
3.740633 1.000000 0.000000
764.299377 0.000000
0.000000 0.000000 0.000000 0.000000
0.000000 0.975471
8 0.020000 1.280000 0.001000
0.486000 0.396000 0.726000 0.501000 1.360000 6.610000 0.785000 0.785000
272000.000000 96.599998 0.003000
1.073000 0.050000 0.116600
0.127861 0.068461 0.000350 0.000000
0.000000

0.000000 0.301113 2.202411
0.419480 0.194754 9.405436 51.220043 204.823730
0.000000 0.012644 0.150740 0.000000 0.000000 0.000000
0.000000 0.000000 0.000000
3.786375 1.000000 0.000000
764.299377 0.000000
0.000000 0.000000 0.000000 0.000000
0.000000 0.956620
8 0.020000 1.300000 0.001000
0.486000 0.396000 0.726000 0.501000 1.360000 6.610000 0.785000 0.785000
272000.000000 96.599998 0.003000
1.073000 0.050000 0.116600
0.127865 0.066683 0.000341 0.000000
0.000000

0.000000 0.292849 2.193542
0.418538 0.195747 9.407251 51.223515 204.823288
0.000000 0.012929 0.152488 0.000000 0.000000 0.000000
0.000000 0.000000 0.000000
3.831360 1.000000 0.000000
764.299377 0.000000
0.000000 0.000000 0.000000 0.000000
0.000000 0.954504
8 0.020000 1.320000 0.001000
0.486000 0.396000 0.726000 0.501000 1.360000 6.610000 0.785000 0.785000
272000.000000 96.599998 0.003000
1.073000 0.050000 0.116600
0.127871 0.066928 0.000342 0.000000
0.000000

0.000000 0.265004 2.163025
0.417525 0.196671 9.407289 51.217297 204.821960
0.000000 0.013159 0.154511 0.000000 0.000000 0.000000
0.000000 0.000000 0.000000
3.875589 1.000000 0.000000
764.299377 0.000000
0.000000 0.000000 0.000000 0.000000
0.000000 0.980251
8 0.020000 1.340000 0.001000
0.486000 0.396000 0.726000 0.501000 1.360000 6.610000 0.785000 0.785000
272000.000000 96.599998 0.003000
1.073000 0.050000 0.116600
0.127878 0.066743 0.000341 0.000000
0.000000

0.000000 0.260071 2.157794
0.416629 0.197615 9.408997 51.220299 204.821716
0.000000 0.013331 0.156088 0.000000 0.000000 0.000000
0.000000 0.000000 0.000000
3.919066 1.000000 0.000000
764.299377 0.000000
0.000000 0.000000 0.000000 0.000000
0.000000 0.949475
8 0.020000 1.360000 0.001000
0.486000 0.396000 0.726000 0.501000 1.360000 6.610000 0.785000 0.785000
272000.000000 96.599998 0.003000
1.073000 0.050000 0.116600
0.127884 0.066667 0.000340 0.000000
0.000000

0.000000 0.255711 2.153439
0.415767 0.198541 9.410929 51.224648 204.821457
0.000000 0.013413 0.156736 0.000000 0.000000 0.000000
0.000000 0.000000 0.000000
3.961795 1.000000 0.000000
764.299377 0.000000
0.000000 0.000000 0.000000 0.000000
0.000000 0.946795
8 0.020000 1.380000 0.001000
0.486000 0.396000 0.726000 0.501000 1.360000 6.610000 0.785000 0.785000
272000.000000 96.599998 0.003000
1.073000 0.050000 0.116600
0.127890 0.066650 0.000340 0.000000
0.000000

0.000000 0.251771 2.149699
0.414931 0.199446 9.412888 51.229263 204.821671
0.000000 0.013424 0.157486 0.000000 0.000000 0.000000
0.000000 0.000000 0.000000
4.003778 1.000000 0.000000
764.299377 0.000000
0.000000 0.000000 0.000000 0.000000
0.000000 0.943775
8 0.020000 1.400000 0.001000
0.486000 0.396000 0.726000 0.501000 1.360000 6.610000 0.785000 0.785000
272000.000000 96.599998 0.003000
1.073000 0.050000 0.116600
0.127895 0.066615 0.000340 0.000000
0.000000

0.000000 0.248196 2.146488
0.414120 0.200332 9.414940 51.234436 204.821289
0.000000 0.013412 0.158915 0.000000 0.000000 0.000000
0.000000 0.000000 0.000000
4.045020 1.000000 0.000000
764.299377 0.000000
0.000000 0.000000 0.000000 0.000000
0.000000 0.960809
8 0.020000 1.420000 0.001000
0.486000 0.396000 0.726000 0.501000 1.360000 6.610000 0.785000 0.785000
272000.000000 96.599998 0.003000
1.073000 0.050000 0.116600
0.127900 0.066602 0.000340 0.000000
0.000000

0.000000 0.233732 2.130528
0.413270 0.201167 9.415831 51.233295 204.820694
0.000000 0.013426 0.160844 0.000000 0.000000 0.000000
0.000000 0.000000 0.000000
4.085525 1.000000 0.000000
764.299377 0.000000
0.000000 0.000000 0.000000 0.000000
0.000000 0.953169
8 0.020000 1.440000 0.001000
0.486000 0.396000 0.726000 0.501000 1.360000 6.610000 0.785000 0.785000
272000.000000 96.599998 0.003000
1.073000 0.050000 0.116600
0.127906 0.066648 0.000340 0.000000
0.000000

0.000000 0.231905 2.129402
0.412510 0.202014 9.418015 51.239330 204.820251
0.000000 0.013521 0.163613 0.000000 0.000000 0.000000
0.000000 0.000000 0.000000
4.125296 1.000000 0.000000
764.299377 0.000000
0.000000 0.000000 0.000000 0.000000
0.000000 0.945583
8 0.020000 1.460000 0.001000
0.486000 0.396000 0.726000 0.501000 1.360000 6.610000 0.785000 0.785000
272000.000000 96.599998 0.003000
1.073000 0.050000 0.116600
0.127910 0.066609 0.000340 0.000000
0.000000

0.000000 0.230244 2.128602
0.411772 0.202842 9.420225 51.245621 204.819580
0.000000 0.013616 0.164971 0.000000 0.000000 0.000000
0.000000 0.000000 0.000000
4.164340 1.000000 0.000000
764.299377 0.000000
0.000000 0.000000 0.000000 0.000000
0.000000 0.955591
8 0.020000 1.480000 0.001000
0.486000 0.396000 0.726000 0.501000 1.360000 6.610000 0.785000 0.785000
272000.000000 96.599998 0.003000
1.073000 0.050000 0.116600
0.127917 0.067160 0.000343 0.000000
0.000000

0.000000 0.228645 2.127340
0.411029 0.203637 9.421890 51.248802 204.820618
0.000000 0.013752 0.167310 0.000000 0.000000 0.000000
0.000000 0.000000 0.000000
4.202659 1.000000 0.000000
764.299377 0.000000
0.000000 0.000000 0.000000 0.000000
0.000000 0.946705
8 0.020000 1.500000 0.001000
0.486000 0.396000 0.726000 0.501000 1.360000 6.610000 0.785000 0.785000
272000.000000 96.599998 0.003000
1.073000 0.050000 0.116600
0.127920 0.066728 0.000341 0.000000
0.000000

0.000000 0.227298 2.126700
0.410321 0.204420 9.423842 51.253857 204.819885
0.000000 0.013891 0.169370 0.000000 0.000000 0.000000
0.000000 0.000000 0.000000
4.240258 1.000000 0.000000
764.299377 0.000000
0.000000 0.000000 0.000000 0.000000
0.000000 0.942557
8 0.020000 1.520000 0.001000
0.486000 0.396000 0.726000 0.501000 1.360000 6.610000 0.785000 0.785000
272000.000000 96.599998 0.003000
1.073000 0.050000 0.116600
0.127923 0.066661 0.000340 0.000000
0.000000

0.000000 0.226082 2.126062
0.409624 0.205180 9.425626 51.257992 204.820801
0.000000 0.013977 0.170360 0.000000 0.000000 0.000000
0.000000 0.000000 0.000000
4.277143 1.000000 0.000000
764.299377 0.000000
0.000000 0.000000 0.000000 0.000000
0.000000 0.940786
8 0.020000 1.540000 0.001000
0.486000 0.396000 0.726000 0.501000 1.360000 6.610000 0.785000 0.785000
272000.000000 96.599998 0.003000
1.073000 0.050000 0.116600
0.127928 0.066669 0.000340 0.000000
0.000000

0.000000 0.219353 2.118495
0.408912 0.205904 9.426727 51.258488 204.821304
0.000000 0.014125 0.173473 0.000000 0.000000 0.000000
0.000000 0.000000 0.000000
4.313318 1.000000 0.000000
764.299377 0.000000
0.000000 0.000000 0.000000 0.000000
0.000000 0.938168
8 0.020000 1.560000 0.001000
0.486000 0.396000 0.726000 0.501000 1.360000 6.610000 0.785000 0.785000
272000.000000 96.599998 0.003000
1.073000 0.050000 0.116600
0.127932 0.066634 0.000340 0.000000
0.000000

0.000000 0.218911 2.118817
0.408255 0.206628 9.428544 51.262894 204.822052
0.000000 0.014190 0.174051 0.000000 0.000000 0.000000
0.000000 0.000000 0.000000
4.348789 1.000000 0.000000
764.299377 0.000000
0.000000 0.000000 0.000000 0.000000
0.000000 0.936676
8 0.020000 1.580000 0.001000
0.486000 0.396000 0.726000 0.501000 1.360000 6.610000 0.785000 0.785000
272000.000000 96.599998 0.003000
1.073000 0.050000 0.116600
0.127935 0.066646 0.000340 0.000000
0.000000

0.000000 0.218610 2.119758
0.407636 0.207344 9.430795 51.269783 204.820786
0.000000 0.014194 0.174773 0.000000 0.000000 0.000000
0.000000 0.000000 0.000000
4.383561 1.000000 0.000000
764.299377 0.000000
0.000000 0.000000 0.000000 0.000000
0.000000 0.936544
8 0.020000 1.600000 0.001000
0.486000 0.396000 0.726000 0.501000 1.360000 6.610000 0.785000 0.785000
272000.000000 96.599998 0.003000
1.073000 0.050000 0.116600
0.127940 0.066652 0.000340 0.000000
0.000000

0.000000 0.218290 2.120226
0.407014 0.208032 9.432559 51.274052 204.821167
0.000000 0.014150 0.175892 0.000000 0.000000 0.000000
0.000000 0.000000 0.000000
4.417637 1.000000 0.000000
764.299377 0.000000
0.000000 0.000000 0.000000 0.000000
0.000000 0.942982
8 0.020000 1.620000 0.001000
0.486000 0.396000 0.726000 0.501000 1.360000 6.610000 0.785000 0.785000
272000.000000 96.599998 0.003000
1.073000 0.050000 0.116600
0.127944 0.067195 0.000343 0.000000
0.000000

0.000000 0.218109 2.121329
0.406433 0.208714 9.434868 51.281315 204.820938
0.000000 0.014089 0.177298 0.000000 0.000000 0.000000
0.000000 0.000000 0.000000
4.451025 1.000000 0.000000
764.299377 0.000000
0.000000 0.000000 0.000000 0.000000
0.000000 0.934350
8 0.020000 1.640000 0.001000
0.486000 0.396000 0.726000 0.501000 1.360000 6.610000 0.785000 0.785000
272000.000000 96.599998 0.003000
1.073000 0.050000 0.116600
0.127950 0.066681 0.000341 0.000000
0.000000

0.000000 0.217922 2.122275
0.405858 0.209374 9.436909 51.287338 204.820724
0.000000 0.014018 0.178499 0.000000 0.000000 0.000000
0.000000 0.000000 0.000000
4.483728 1.000000 0.000000
764.299377 0.000000
0.000000 0.000000 0.000000 0.000000
0.000000 0.934090
8 0.020000 1.660000 0.001000
0.486000 0.396000 0.726000 0.501000 1.360000 6.610000 0.785000 0.785000
272000.000000 96.599998 0.003000
1.073000 0.050000 0.116600
0.127953 0.066706 0.000341 0.000000
0.000000

0.000000 0.214777 2.119203
0.405279 0.210007 9.438509 51.290958 204.821152
0.000000 0.013944 0.179646 0.000000 0.000000 0.000000
0.000000 0.000000 0.000000
4.515754 1.000000 0.000000
764.299377 0.000000
0.000000 0.000000 0.000000 0.000000
0.000000 0.931345
8 0.020000 1.680000 0.001000
0.486000 0.396000 0.726000 0.501000 1.360000 6.610000 0.785000 0.785000
272000.000000 96.599998 0.003000
1.073000 0.050000 0.116600
0.127958 0.066679 0.000341 0.000000
0.000000

0.000000 0.214926 2.122922
0.404825 0.210680 9.442608 51.308071 204.819275
0.000000 0.013855 0.180586 0.000000 0.000000 0.000000
0.000000 0.000000 0.000000
4.547106 1.000000 0.000000
764.299377 0.000000
0.000000 0.000000 0.000000 0.000000
0.000000 0.929664
8 0.020000 1.700000 0.001000
0.486000 0.396000 0.726000 0.501000 1.360000 6.610000 0.785000 0.785000
272000.000000 96.599998 0.003000
1.073000 0.050000 0.116600
0.127971 0.066658 0.000340 0.000000
0.000000

0.000000 0.215096 2.124627
0.404314 0.211299 9.444977 51.315876 204.818939
0.000000 0.013741 0.181215 0.000000 0.000000 0.000000
0.000000 0.000000 0.000000
4.577789 1.000000 0.000000
764.299377 0.000000
0.000000 0.000000 0.000000 0.000000
0.000000 0.928627
8 0.020000 1.720000 0.001000
0.486000 0.396000 0.726000 0.501000 1.360000 6.610000 0.785000 0.785000
272000.000000 96.599998 0.003000
1.073000 0.050000 0.116600
0.127975 0.066667 0.000340 0.000000
0.000000

0.000000 0.215338 2.126687
0.403827 0.211907 9.447550 51.324898 204.818802
0.000000 0.013599 0.181744 0.000000 0.000000 0.000000
0.000000 0.000000 0.000000
4.607809 1.000000 0.000000
764.299377 0.000000
0.000000 0.000000 0.000000 0.000000
0.000000 0.927178
8 0.020000 1.740000 0.001000
0.486000 0.396000 0.726000 0.501000 1.360000 6.610000 0.785000 0.785000
272000.000000 96.599998 0.003000
1.073000 0.050000 0.116600
0.127982 0.066670 0.000340 0.000000
0.000000

0.000000 0.215546 2.128766
0.403358 0.212500 9.450150 51.334103 204.817902
0.000000 0.013429 0.182095 0.000000 0.000000 0.000000
0.000000 0.000000 0.000000
4.637172 1.000000 0.000000
764.299377 0.000000
0.000000 0.000000 0.000000 0.000000
0.000000 0.925608
8 0.020000 1.760000 0.001000
0.486000 0.396000 0.726000 0.501000 1.360000 6.610000 0.785000 0.785000
272000.000000 96.599998 0.003000
1.073000 0.050000 0.116600
0.127988 0.066656 0.000340 0.000000
0.000000

0.000000 0.215791 2.131036
0.402910 0.213082 9.452888 51.344181 204.816452
0.000000 0.013235 0.182368 0.000000 0.000000 0.000000
0.000000 0.000000 0.000000
4.665883 1.000000 0.000000
764.299377 0.000000
0.000000 0.000000 0.000000 0.000000
0.000000 0.924108
8 0.020000 1.780000 0.001000
0.486000 0.396000 0.726000 0.501000 1.360000 6.610000 0.785000 0.785000
272000.000000 96.599998 0.003000
1.073000 0.050000 0.116600
0.127997 0.066652 0.000340 0.000000
0.000000

0.000000 0.216026 2.133224
0.402472 0.213646 9.455540 51.353722 204.816711
0.000000 0.013029 0.182675 0.000000 0.000000 0.000000
0.000000 0.000000 0.000000
4.693946 1.000000 0.000000
764.299377 0.000000
0.000000 0.000000 0.000000 0.000000
0.000000 0.922376
8 0.020000 1.800000 0.001000
0.486000 0.396000 0.726000 0.501000 1.360000 6.610000 0.785000 0.785000
272000.000000 96.599998 0.003000
1.073000 0.050000 0.116600
0.128002 0.066633 0.000340 0.000000
0.000000

0.000000 0.215644 2.134511
0.402043 0.214194 9.458046 51.362595 204.816605
0.000000 0.012985 0.186453 0.000000 0.000000 0.000000
0.000000 0.000000 0.000000
4.721367 1.000000 0.000000
764.299377 0.000000
0.000000 0.000000 0.000000 0.000000
0.000000 0.921408
8 0.020000 1.820000 0.001000
0.486000 0.396000 0.726000 0.501000 1.360000 6.610000 0.785000 0.785000
272000.000000 96.599998 0.003000
1.073000 0.050000 0.116600
0.128006 0.066643 0.000340 0.000000
0.000000

0.000000 0.215943 2.136334
0.401619 0.214721 9.460299 51.370174 204.816559
0.000000 0.012975 0.188013 0.000000 0.000000 0.000000
0.000000 0.000000 0.000000
4.748152 1.000000 0.000000
764.299377 0.000000
0.000000 0.000000 0.000000 0.000000
0.000000 0.919672
8 0.020000 1.840000 0.001000
0.486000 0.396000 0.726000 0.501000 1.360000 6.610000 0.785000 0.785000
272000.000000 96.599998 0.003000
1.073000 0.050000 0.116600
0.128014 0.066629 0.000340 0.000000
0.000000

0.000000 0.216256 2.138315
0.401215 0.215239 9.462708 51.378670 204.815338
0.000000 0.013004 0.189646 0.000000 0.000000 0.000000
0.000000 0.000000 0.000000
4.774304 1.000000 0.000000
764.299377 0.000000
0.000000 0.000000 0.000000 0.000000
0.000000 0.917937
8 0.020000 1.860000 0.001000
0.486000 0.396000 0.726000 0.501000 1.360000 6.610000 0.785000 0.785000
272000.000000 96.599998 0.003000
1.073000 0.050000 0.116600
0.128017 0.066612 0.000340 0.000000
0.000000

0.000000 0.216549 2.140099
0.400816 0.215737 9.464886 51.385906 204.814560
0.000000 0.013048 0.191508 0.000000 0.000000 0.000000
0.000000 0.000000 0.000000
4.799830 1.000000 0.000000
764.299377 0.000000
0.000000 0.000000 0.000000 0.000000
0.000000 0.917225
8 0.020000 1.880000 0.001000
0.486000 0.396000 0.726000 0.501000 1.360000 6.610000 0.785000 0.785000
272000.000000 96.599998 0.003000
1.073000 0.050000 0.116600
0.128024 0.066635 0.000340 0.000000
0.000000

0.000000 0.216844 2.141815
0.400429 0.216221 9.467031 51.392990 204.814133
0.000000 0.013074 0.192949 0.000000 0.000000 0.000000
0.000000 0.000000 0.000000
4.824735 1.000000 0.000000
764.299377 0.000000
0.000000 0.000000 0.000000 0.000000
0.000000 0.915417
8 0.020000 1.900000 0.001000
0.486000 0.396000 0.726000 0.501000 1.360000 6.610000 0.785000 0.785000
272000.000000 96.599998 0.003000
1.073000 0.050000 0.116600
0.128029 0.066613 0.000340 0.000000
0.000000

0.000000 0.217138 2.143656
0.400060 0.216694 9.469303 51.400768 204.813263
0.000000 0.013086 0.194510 0.000000 0.000000 0.000000
0.000000 0.000000 0.000000
4.849023 1.000000 0.000000
764.299377 0.000000
0.000000 0.000000 0.000000 0.000000
0.000000 0.914015
8 0.020000 1.920000 0.001000
0.486000 0.396000 0.726000 0.501000 1.360000 6.610000 0.785000 0.785000
272000.000000 96.599998 0.003000
1.073000 0.050000 0.116600
0.128034 0.066609 0.000340 0.000000
0.000000

0.000000 0.217444 2.146082
0.399724 0.217165 9.472001 51.411060 204.812241
0.000000 0.013084 0.196032 0.000000 0.000000 0.000000
0.000000 0.000000 0.000000
4.872700 1.000000 0.000000
764.299377 0.000000
0.000000 0.000000 0.000000 0.000000
0.000000 0.912635
8 0.020000 1.940000 0.001000
0.486000 0.396000 0.726000 0.501000 1.360000 6.610000 0.785000 0.785000
272000.000000 96.599998 0.003000
1.073000 0.050000 0.116600
0.128042 0.066603 0.000340 0.000000
0.000000

0.000000 0.217741 2.149447
0.399434 0.217642 9.475516 51.425774 204.811188
0.000000 0.013137 0.198930 0.000000 0.000000 0.000000
0.000000 0.000000 0.000000
4.895770 1.000000 0.000000
764.299377 0.000000
0.000000 0.000000 0.000000 0.000000
0.000000 0.911288
8 0.020000 1.960000 0.001000
0.486000 0.396000 0.726000 0.501000 1.360000 6.610000 0.785000 0.785000
272000.000000 96.599998 0.003000
1.073000 0.050000 0.116600
0.128050 0.066593 0.000340 0.000000
0.000000

0.000000 0.218035 2.161178
0.399463 0.218273 9.486253 51.479656 204.806229
0.000000 0.013207 0.201204 0.000000 0.000000 0.000000
0.000000 0.000000 0.000000
4.918237 1.000000 0.000000
764.299377 0.000000
0.000000 0.000000 0.000000 0.000000
0.000000 0.909901
8 0.020000 1.980000 0.001000
0.486000 0.396000 0.726000 0.501000 1.360000 6.610000 0.785000 0.785000
272000.000000 96.599998 0.003000
1.073000 0.050000 0.116600
0.128084 0.066551 0.000340 0.000000
0.000000

0.000000 0.218308 2.180778
0.399792 0.219050 9.503846 51.570675 204.798721
0.000000 0.054863 0.269867 0.000000 0.000000 0.000000
0.000000 0.000000 0.000000
4.940109 1.000000 0.000000
764.299377 0.000000
0.000000 0.000000 0.000000 0.000000
0.000000 0.909337
8 0.020000 2.000000 0.001000
0.486000 0.396000 0.726000 0.501000 1.360000 6.610000 0.785000 0.785000
272000.000000 96.599998 0.003000
1.073000 0.050000 0.116600
0.128142 0.066553 0.000340 0.000000
0.000000
1.000000
2.000000
0.000000 0.000000
0.000000
0
-0.600000
0 0
0.000000
1
0.000000
1.000000
1.000000
1.000000
0.000000 0.000000 0.000000
0.000000 0.000000
0.000000 0.000000 0.000000 0.000000 0.000000 0.000000 0.000000
0.000000 0.000000 0.000000 0.000000 0.000000 0.000000 0.000000
0
2.000000
1
C:\DNDC\sites\Ottawa\CEFSoilc.spf
-1.000000 -1.000000
0.000000
30
30
10.000000
107
0.000000
0.000000
259
0.000000
175540.218750
1
