7
Clay_loam
0.314000 0.490000 0.006410 0.726000 0.398000 1.000000 0.000000 0.000000
1.350000 6.610000 1 0.031000 0.500000 0.050000 0.010000 0.240000 0.750000
0.000000 0.020000 2.000000 270000.000000 96.599998 100
0.233300 1.944000 3.025300 0.000000 1
10.000000 10.000000 10.000000 5.000000 25.000000 100.000000
0.000000 0.000000 0.000000 0.000000 471.695496 61.372913
500.000000 0.000000 0.000000

0.000000 1366.328369 1684.679565
12.482446 1.387176 60.208286 1163.217163 5839.240234
0.000000 2.217631 0.045700 0.725740 0.000000 0.000000
0.000022 0.000617 0.000001
3.494824 0.725627 0.000000
764.299377 0.000000
0.000000 0.000000 0.000000 0.000000
0.000000 6.110830
7 0.020000 0.020000 0.031000
0.490000 0.314000 0.726000 0.398000 1.350000 6.610000 0.726000 0.726000
270000.000000 96.599998 0.006410
1.073000 0.050000 0.116600
15.629707 10.064627 0.039279 0.000000
0.000000

0.000000 52.217342 474.547546
10.153483 1.128254 53.104515 1057.766357 5840.543457
0.000000 0.439177 0.010814 0.198337 0.000000 0.000000
0.000016 0.000576 0.000001
3.384475 0.969393 0.000000
764.299377 0.000000
0.000000 0.000000 0.000000 0.000000
0.000000 3.364765
7 0.020000 0.040000 0.031000
0.490000 0.314000 0.726000 0.398000 1.350000 6.610000 0.726000 0.726000
270000.000000 96.599998 0.006410
1.073000 0.050000 0.116600
15.611665 9.880797 0.051058 0.000000
0.000000

0.000000 41.841240 456.406372
10.111311 1.123543 55.037571 1053.160278 5840.630859
0.000000 0.123336 0.004155 0.082060 0.000000 0.000000
0.000004 0.000023 0.000000
3.280357 1.000000 0.000000
764.299377 0.000000
0.000000 0.000000 0.000000 0.000000
0.000000 1.600901
7 0.020000 0.060000 0.031000
0.490000 0.314000 0.726000 0.398000 1.350000 6.610000 0.726000 0.726000
270000.000000 96.599998 0.006410
1.073000 0.050000 0.116600
15.635926 9.665941 0.051105 0.000000
0.000000

0.000000 38.587410 466.518402
10.119651 1.124467 59.917858 1049.367188 5839.865234
0.000000 0.041515 0.001423 0.032077 0.000000 0.000000
0.000001 0.000447 0.000000
3.179299 1.000000 0.000000
764.299377 0.000000
0.000000 0.000000 0.000000 0.000000
0.000000 1.179372
7 0.020000 0.080000 0.031000
0.490000 0.314000 0.726000 0.398000 1.350000 6.610000 0.726000 0.726000
270000.000000 96.599998 0.006410
1.073000 0.050000 0.116600
15.689386 9.471014 0.050052 0.000000
0.000000

0.000000 35.520283 472.472046
10.126825 1.125261 63.673763 1046.565796 5839.210938
0.000000 0.014967 0.001155 0.022103 0.000000 0.000000
0.000000 0.000204 0.000000
3.081775 1.000000 0.000000
764.299377 0.000000
0.000000 0.000000 0.000000 0.000000
0.000000 0.954138
7 0.020000 0.100000 0.025000
0.490000 0.314000 0.726000 0.398000 1.350000 6.610000 0.726000 0.726000
270000.000000 96.599998 0.006410
1.073000 0.050000 0.116600
15.727818 9.245789 0.048856 0.000000
0.000000

0.000000 32.713268 680.797241
10.001277 1.111309 64.155159 1033.272949 5838.739746
0.000000 0.005221 0.000978 0.016527 0.000000 0.000000
0.000000 0.000008 0.000000
2.994616 1.000000 0.000000
764.299377 0.000000
0.000000 0.000000 0.000000 0.000000
0.000000 0.782195
7 0.020000 0.120000 0.025000
0.490000 0.314000 0.726000 0.398000 1.350000 6.610000 0.726000 0.726000
270000.000000 96.599998 0.006410
1.073000 0.050000 0.116600
15.740153 8.807766 0.046543 0.000000
0.000000

0.000000 30.119827 683.216553
10.013299 1.112643 67.975975 1030.915771 5838.135742
0.000000 0.001698 0.000851 0.013216 0.000000 0.000000
0.000000 0.000103 0.000000
2.916985 1.000000 0.000000
764.299377 0.000000
0.000000 0.000000 0.000000 0.000000
0.000000 0.640457
7 0.020000 0.140000 0.025000
0.490000 0.314000 0.726000 0.398000 1.350000 6.610000 0.726000 0.726000
270000.000000 96.599998 0.006410
1.073000 0.050000 0.116600
15.776710 8.620170 0.045554 0.000000
0.000000

0.000000 33.371105 689.087830
9.976049 1.108502 70.291847 1025.180786 5837.603516
0.000000 0.000309 0.000705 0.007893 0.000000 0.000000
0.000000 0.000071 0.000000
2.843172 1.000000 0.000000
764.299377 0.000000
0.000000 0.000000 0.000000 0.000000
0.000000 0.527935
7 0.020000 0.160000 0.025000
0.490000 0.314000 0.726000 0.398000 1.350000 6.610000 0.726000 0.726000
270000.000000 96.599998 0.006410
1.073000 0.050000 0.116600
15.800526 8.466206 0.044736 0.000000
0.000000

0.000000 30.882654 688.269409
9.981569 1.109114 72.325249 1023.993408 5837.230957
0.000000 0.000000 0.000547 0.003947 0.000000 0.000000
0.000000 0.000047 0.000000
2.773264 1.000000 0.000000
764.299377 0.000000
0.000000 0.000000 0.000000 0.000000
0.000000 0.439899
7 0.020000 0.180000 0.020000
0.490000 0.314000 0.726000 0.398000 1.350000 6.610000 0.726000 0.726000
270000.000000 96.599998 0.006410
1.073000 0.050000 0.116600
15.818633 8.332454 0.044014 0.000000
0.000000

0.000000 28.641518 682.247192
10.004782 1.111692 74.378159 1024.776733 5836.899414
0.000000 0.000000 0.000541 0.001973 0.000000 0.000000
0.000000 0.000032 0.000000
2.707330 1.000000 0.000000
764.299377 0.000000
0.000000 0.000000 0.000000 0.000000
0.000000 2.458373
7 0.020000 0.200000 0.020000
0.490000 0.314000 0.726000 0.398000 1.350000 6.610000 0.726000 0.726000
270000.000000 96.599998 0.006410
1.073000 0.050000 0.116600
15.835268 11.959868 0.068306 0.000000
0.000000

0.000000 68.262192 767.017700
10.547706 1.172018 167.729263 990.818970 5810.872070
0.000000 0.000000 0.000849 0.000987 0.000000 0.000000
0.000000 0.000016 0.000000
2.645424 1.000000 0.000000
764.299377 0.000000
0.000000 0.000000 0.000000 0.000000
0.000000 8.410985
7 0.020000 0.220000 0.020000
0.490000 0.314000 0.726000 0.398000 1.350000 6.610000 0.726000 0.726000
270000.000000 96.599998 0.006410
1.073000 0.050000 0.116600
16.363321 13.303333 0.081400 0.000000
0.000000

0.000000 43.075710 390.005707
8.419055 0.935503 134.463272 789.991272 4113.596680
0.000000 0.000001 0.014760 0.000493 0.000000 0.000000
0.000000 0.000006 0.000000
2.587582 0.967058 0.000000
764.299377 0.000000
0.000000 0.000000 0.000000 0.000000
0.000000 3.310020
7 0.020000 0.240000 0.020000
0.490000 0.314000 0.726000 0.398000 1.350000 6.610000 0.726000 0.726000
270000.000000 96.599998 0.006410
1.073000 0.050000 0.116600
2.219708 6.589970 0.034534 0.000000
0.000000

0.000000 38.922607 352.327515
8.250062 0.916712 131.652496 774.731506 4112.502930
0.000000 0.000003 0.018986 0.000247 0.000000 0.000000
0.000000 0.000005 0.000000
2.533814 1.000000 0.000000
764.299377 0.000000
0.000000 0.000000 0.000000 0.000000
0.000000 2.842853
7 0.020000 0.260000 0.020000
0.490000 0.314000 0.726000 0.398000 1.350000 6.610000 0.726000 0.726000
270000.000000 96.599998 0.006410
1.073000 0.050000 0.116600
2.222420 3.552423 0.018815 0.000000
0.000000

0.000000 39.500916 352.285461
7.948498 0.883203 128.770325 744.460266 3699.017334
0.000000 0.000001 0.014260 0.000123 0.000000 0.000000
0.000000 0.000003 0.000000
2.484039 1.000000 0.000000
764.299377 0.000000
0.000000 0.000000 0.000000 0.000000
0.000000 13.888596
7 0.020000 0.280000 0.018000
0.490000 0.314000 0.726000 0.398000 1.350000 6.610000 0.726000 0.726000
270000.000000 96.599998 0.000070
1.073000 0.050000 0.116600
2.047487 4.309283 0.022910 0.000000
0.000000

0.000000 37.044968 328.146393
7.943447 0.882641 129.236328 743.520081 3696.850830
0.000000 0.000001 0.014957 0.000062 0.000000 0.000000
0.000000 0.000003 0.000000
2.438265 1.000000 0.000000
764.299377 0.000000
0.000000 0.000000 0.000000 0.000000
0.000000 9.990466
7 0.020000 0.300000 0.018000
0.490000 0.314000 0.726000 0.398000 1.350000 6.610000 0.726000 0.726000
270000.000000 96.599998 0.000070
1.073000 0.050000 0.116600
2.061134 1.951806 0.010228 0.000000
0.000000

0.000000 33.643219 299.469299
7.784306 0.864958 126.802719 728.544128 3695.993164
0.000000 0.000001 0.016252 0.000031 0.000000 0.000000
0.000000 0.000003 0.000000
2.396541 1.000000 0.000000
764.299377 0.000000
0.000000 0.000000 0.000000 0.000000
0.000000 7.492768
7 0.020000 0.320000 0.018000
0.490000 0.314000 0.726000 0.398000 1.350000 6.610000 0.726000 0.726000
270000.000000 96.599998 0.000070
1.073000 0.050000 0.116600
2.060662 1.502739 0.007854 0.000000
0.000000

0.000000 31.329544 279.624603
7.195374 0.799517 118.020439 672.638367 3228.543457
0.000000 0.000000 0.010874 0.000015 0.000000 0.000000
0.000000 0.000002 0.000000
2.358680 0.997012 0.000000
764.299377 0.000000
0.000000 0.000000 0.000000 0.000000
0.000000 5.912020
8 0.020000 0.340000 0.015500
0.483000 0.377000 0.726000 0.484000 1.370000 6.610000 0.770000 0.770000
274000.000000 96.599998 0.000070
1.073000 0.050000 0.116600
1.828237 1.283168 0.006487 0.000000
0.000000

0.000000 28.331451 252.725327
7.073973 0.786028 115.996124 661.385437 3228.081299
0.000000 0.000000 0.013659 0.000008 0.000000 0.000000
0.000000 0.000002 0.000000
2.324688 0.996306 0.000000
764.299377 0.000000
0.000000 0.000000 0.000000 0.000000
0.000000 5.246467
8 0.020000 0.360000 0.015500
0.483000 0.377000 0.726000 0.484000 1.370000 6.610000 0.770000 0.770000
274000.000000 96.599998 0.000070
1.073000 0.050000 0.116600
1.827780 1.216021 0.006141 0.000000
0.000000

0.000000 25.624622 228.369370
6.961674 0.773549 114.133987 650.966858 3227.743408
0.000000 0.000001 0.016278 0.000004 0.000000 0.000000
0.000000 0.000000 0.000000
2.294618 0.996177 0.000000
764.299377 0.000000
0.000000 0.000000 0.000000 0.000000
0.000000 5.006872
8 0.020000 0.380000 0.015500
0.483000 0.377000 0.726000 0.484000 1.370000 6.610000 0.770000 0.770000
274000.000000 96.599998 0.000070
1.073000 0.050000 0.116600
1.827183 1.199507 0.006056 0.000000
0.000000

0.000000 23.167622 206.238739
6.858643 0.762100 112.419777 641.412720 3227.426514
0.000000 0.000003 0.019283 0.000002 0.000000 0.000000
0.000000 0.000001 0.000000
2.268394 0.996152 0.000000
764.299377 0.000000
0.000000 0.000000 0.000000 0.000000
0.000000 4.906960
8 0.020000 0.400000 0.015500
0.483000 0.377000 0.726000 0.484000 1.370000 6.610000 0.770000 0.770000
274000.000000 96.599998 0.000070
1.073000 0.050000 0.116600
1.826525 1.196596 0.006041 0.000000
0.000000

0.000000 20.965027 186.608673
6.771943 0.752466 111.001419 633.350464 3227.169434
0.000000 0.000006 0.021722 0.000001 0.000000 0.000000
0.000000 0.000001 0.000000
2.245931 0.996069 0.000000
764.299377 0.000000
0.000000 0.000000 0.000000 0.000000
0.000000 4.861497
8 0.020000 0.420000 0.015500
0.483000 0.377000 0.726000 0.484000 1.370000 6.610000 0.770000 0.770000
274000.000000 96.599998 0.000070
1.073000 0.050000 0.116600
1.826479 1.195800 0.006037 0.000000
0.000000

0.000000 18.960045 168.973602
6.693048 0.743700 109.689499 626.033569 3227.002197
0.000000 0.000010 0.024329 0.000000 0.000000 0.000000
0.000000 0.000000 0.000000
2.227139 0.995874 0.000000
764.299377 0.000000
0.000000 0.000000 0.000000 0.000000
0.000000 4.845584
8 0.020000 0.440000 0.015500
0.483000 0.377000 0.726000 0.484000 1.370000 6.610000 0.770000 0.770000
274000.000000 96.599998 0.000070
1.073000 0.050000 0.116600
1.826428 1.196186 0.006037 0.000000
0.000000

0.000000 17.157486 153.169662
6.624856 0.736122 108.570801 619.694275 3226.844482
0.000000 0.000013 0.026895 0.000000 0.000000 0.000000
0.000000 0.000000 0.000000
2.211918 0.995534 0.000000
764.299377 0.000000
0.000000 0.000000 0.000000 0.000000
0.000000 4.845368
8 0.020000 0.460000 0.015500
0.483000 0.377000 0.726000 0.484000 1.370000 6.610000 0.770000 0.770000
274000.000000 96.599998 0.000070
1.073000 0.050000 0.116600
1.826644 1.193708 0.006023 0.000000
0.000000

0.000000 15.528320 138.944092
6.562235 0.729164 107.550278 613.864441 3226.733154
0.000000 0.000016 0.028869 0.000000 0.000000 0.000000
0.000000 0.000000 0.000000
2.200164 0.995041 0.000000
764.299377 0.000000
0.000000 0.000000 0.000000 0.000000
0.000000 4.853144
8 0.020000 0.480000 0.015500
0.483000 0.377000 0.726000 0.484000 1.370000 6.610000 0.770000 0.770000
274000.000000 96.599998 0.000070
1.073000 0.050000 0.116600
1.826808 1.192930 0.006016 0.000000
0.000000

0.000000 14.066996 126.237617
6.508703 0.723216 106.712029 608.847168 3226.675049
0.000000 0.000020 0.031483 0.000000 0.000000 0.000000
0.000000 0.000000 0.000000
2.191767 0.994437 0.000000
764.299377 0.000000
0.000000 0.000000 0.000000 0.000000
0.000000 4.865014
8 0.020000 0.500000 0.015500
0.483000 0.377000 0.726000 0.484000 1.370000 6.610000 0.770000 0.770000
274000.000000 96.599998 0.000070
1.073000 0.050000 0.116600
1.827225 1.192256 0.006009 0.000000
0.000000

0.000000 12.730064 114.711098
6.461734 0.717997 105.933456 604.488831 3226.631592
0.000000 0.000024 0.033718 0.000000 0.000000 0.000000
0.000000 0.000000 0.000000
2.186617 0.993816 0.000000
764.299377 0.000000
0.000000 0.000000 0.000000 0.000000
0.000000 4.878614
8 0.020000 0.520000 0.015500
0.483000 0.377000 0.726000 0.484000 1.370000 6.610000 0.770000 0.770000
274000.000000 96.599998 0.000070
1.073000 0.050000 0.116600
1.827677 1.191634 0.006002 0.000000
0.000000

0.000000 9.680377 88.777763
3.258923 0.362133 52.357037 305.538605 1669.820312
0.000000 0.000009 0.016491 0.000000 0.000000 0.000000
0.000000 0.000000 0.000000
2.184475 0.770000 0.000000
764.299377 0.000000
0.000000 0.000000 0.000000 0.000000
0.000000 4.471560
8 0.020000 0.540000 0.008000
0.483000 0.377000 0.726000 0.484000 1.370000 6.610000 0.770000 0.770000
274000.000000 96.599998 0.002410
1.073000 0.050000 0.116600
0.919858 0.808748 0.003150 0.000000
0.000000

0.000000 8.818357 80.915123
3.228544 0.358757 51.932819 302.668213 1669.535278
0.000000 0.000010 0.017930 0.000000 0.000000 0.000000
0.000000 0.000000 0.000000
2.184967 0.770000 0.000000
764.299377 0.000000
0.000000 0.000000 0.000000 0.000000
0.000000 4.215018
8 0.020000 0.560000 0.008000
0.483000 0.377000 0.726000 0.484000 1.370000 6.610000 0.770000 0.770000
274000.000000 96.599998 0.002410
1.073000 0.050000 0.116600
0.921179 0.677406 0.002636 0.000000
0.000000

0.000000 8.038295 73.860992
3.206234 0.356278 51.638680 300.549835 1669.248779
0.000000 0.000012 0.018983 0.000000 0.000000 0.000000
0.000000 0.000000 0.000000
2.188103 0.770000 0.000000
764.299377 0.000000
0.000000 0.000000 0.000000 0.000000
0.000000 4.098996
8 0.020000 0.580000 0.008000
0.483000 0.377000 0.726000 0.484000 1.370000 6.610000 0.770000 0.770000
274000.000000 96.599998 0.002410
1.073000 0.050000 0.116600
0.922785 0.652312 0.002538 0.000000
0.000000

0.000000 7.343740 67.588753
3.190302 0.354507 51.468475 299.004242 1668.937378
0.000000 0.000014 0.020334 0.000000 0.000000 0.000000
0.000000 0.000000 0.000000
2.193759 0.770000 0.000000
764.299377 0.000000
0.000000 0.000000 0.000000 0.000000
0.000000 4.058693
8 0.020000 0.600000 0.008000
0.483000 0.377000 0.726000 0.484000 1.370000 6.610000 0.770000 0.770000
274000.000000 96.599998 0.002410
1.073000 0.050000 0.116600
0.924595 0.648071 0.002522 0.000000
0.000000

0.000000 6.717499 61.962402
3.178707 0.353219 51.373333 297.856323 1668.676147
0.000000 0.000016 0.021453 0.000000 0.000000 0.000000
0.000000 0.000000 0.000000
2.201808 0.770000 0.000000
764.299377 0.000000
0.000000 0.000000 0.000000 0.000000
0.000000 4.037894
8 0.020000 0.620000 0.008000
0.483000 0.377000 0.726000 0.484000 1.370000 6.610000 0.770000 0.770000
274000.000000 96.599998 0.002410
1.073000 0.050000 0.116600
0.926462 0.643420 0.002504 0.000000
0.000000

0.000000 6.151233 56.899117
3.173038 0.352589 51.367859 297.267181 1668.396118
0.000000 0.000018 0.022392 0.000000 0.000000 0.000000
0.000000 0.000000 0.000000
2.212124 0.770000 0.000000
764.299377 0.000000
0.000000 0.000000 0.000000 0.000000
0.000000 4.021338
8 0.020000 0.640000 0.008000
0.483000 0.377000 0.726000 0.484000 1.370000 6.610000 0.770000 0.770000
274000.000000 96.599998 0.002410
1.073000 0.050000 0.116600
0.928521 0.638254 0.002483 0.000000
0.000000

0.000000 5.631360 52.252964
3.170452 0.352301 51.412018 296.964722 1668.118530
0.000000 0.040719 0.023637 0.000000 0.000000 0.000000
0.000000 0.000000 0.000000
2.224580 0.770000 0.000000
764.299377 0.000000
0.000000 0.000000 0.000000 0.000000
0.000000 3.996147
8 0.020000 0.660000 0.008000
0.483000 0.377000 0.726000 0.484000 1.370000 6.610000 0.770000 0.770000
274000.000000 96.599998 0.002410
1.073000 0.050000 0.116600
0.930562 0.635058 0.002471 0.000000
0.000000

0.000000 5.179543 48.130775
3.172879 0.352554 51.644176 297.224792 1667.797241
0.000000 0.000697 0.024386 0.000000 0.000000 0.000000
0.000000 0.000000 0.000000
2.238824 0.998805 0.000000
764.299377 0.000000
0.000000 0.000000 0.000000 0.000000
0.000000 4.024900
8 0.020000 0.680000 0.008000
0.483000 0.377000 0.726000 0.484000 1.370000 6.610000 0.770000 0.770000
274000.000000 96.599998 0.002410
1.073000 0.050000 0.116600
0.932918 0.640981 0.003233 0.000000
0.000000

0.000000 4.748717 44.362755
3.183219 0.353703 51.902496 298.114258 1667.453979
0.000000 0.000015 0.025296 0.000000 0.000000 0.000000
0.000000 0.000000 0.000000
2.254048 1.000000 0.000000
764.299377 0.000000
0.000000 0.000000 0.000000 0.000000
0.000000 4.114529
8 0.020000 0.700000 0.008000
0.483000 0.377000 0.726000 0.484000 1.370000 6.610000 0.770000 0.770000
274000.000000 96.599998 0.002410
1.073000 0.050000 0.116600
0.935509 0.637640 0.003222 0.000000
0.000000

0.000000 4.352847 40.214741
3.200554 0.355629 52.234482 299.698151 1667.047241
0.000000 0.000011 0.026119 0.000000 0.000000 0.000000
0.000000 0.000000 0.000000
2.270539 1.000000 0.000000
764.299377 0.000000
0.000000 0.000000 0.000000 0.000000
0.000000 4.092814
8 0.020000 0.720000 0.008000
0.483000 0.377000 0.726000 0.484000 1.370000 6.610000 0.770000 0.770000
274000.000000 96.599998 0.002410
1.073000 0.050000 0.116600
0.938916 0.637752 0.003223 0.000000
0.000000

0.000000 4.096674 37.203053
2.107125 0.234133 34.533169 197.143585 1034.304688
0.000000 0.000002 0.013785 0.000000 0.000000 0.000000
0.000000 0.000000 0.000000
2.288824 1.000000 0.000000
764.299377 0.000000
0.000000 0.000000 0.000000 0.000000
0.000000 3.551151
8 0.020000 0.740000 0.005000
0.486000 0.396000 0.726000 0.501000 1.360000 6.610000 0.785000 0.785000
272000.000000 96.599998 0.003000
1.073000 0.050000 0.116600
0.587781 0.417120 0.002134 0.000000
0.000000

0.000000 3.814798 34.628185
2.121497 0.235730 34.836182 198.427094 1033.895142
0.000000 0.000001 0.014157 0.000000 0.000000 0.000000
0.000000 0.000000 0.000000
2.308783 1.000000 0.000000
764.299377 0.000000
0.000000 0.000000 0.000000 0.000000
0.000000 3.281188
8 0.020000 0.760000 0.005000
0.486000 0.396000 0.726000 0.501000 1.360000 6.610000 0.785000 0.785000
272000.000000 96.599998 0.003000
1.073000 0.050000 0.116600
0.590085 0.396055 0.002026 0.000000
0.000000

0.000000 3.561966 32.314579
2.139410 0.237720 35.193401 200.045273 1033.549072
0.000000 0.000002 0.014605 0.000000 0.000000 0.000000
0.000000 0.000000 0.000000
2.330336 1.000000 0.000000
764.299377 0.000000
0.000000 0.000000 0.000000 0.000000
0.000000 3.299199
8 0.020000 0.780000 0.005000
0.486000 0.396000 0.726000 0.501000 1.360000 6.610000 0.785000 0.785000
272000.000000 96.599998 0.003000
1.073000 0.050000 0.116600
0.592500 0.389191 0.001991 0.000000
0.000000

0.000000 3.341491 30.141193
2.158990 0.239896 35.602821 201.793976 1033.140991
0.000000 0.000002 0.014852 0.000000 0.000000 0.000000
0.000000 0.000000 0.000000
2.353380 1.000000 0.000000
764.299377 0.000000
0.000000 0.000000 0.000000 0.000000
0.000000 3.215631
8 0.020000 0.800000 0.005000
0.486000 0.396000 0.726000 0.501000 1.360000 6.610000 0.785000 0.785000
272000.000000 96.599998 0.003000
1.073000 0.050000 0.116600
0.595091 0.384659 0.001968 0.000000
0.000000

0.000000 3.071421 27.078457
2.175476 0.241728 35.959415 203.257019 1032.724121
0.000000 0.000002 0.015243 0.000000 0.000000 0.000000
0.000000 0.000000 0.000000
2.377813 1.000000 0.000000
764.299377 0.000000
0.000000 0.000000 0.000000 0.000000
0.000000 3.119836
8 0.020000 0.820000 0.005000
0.486000 0.396000 0.726000 0.501000 1.360000 6.610000 0.785000 0.785000
272000.000000 96.599998 0.003000
1.073000 0.050000 0.116600
0.597781 0.379109 0.001939 0.000000
0.000000

0.000000 2.867273 25.323317
2.199449 0.244391 36.430149 205.426941 1032.416870
0.000000 0.000002 0.014896 0.000000 0.000000 0.000000
0.000000 0.000000 0.000000
2.403538 1.000000 0.000000
764.299377 0.000000
0.000000 0.000000 0.000000 0.000000
0.000000 3.029638
8 0.020000 0.840000 0.005000
0.486000 0.396000 0.726000 0.501000 1.360000 6.610000 0.785000 0.785000
272000.000000 96.599998 0.003000
1.073000 0.050000 0.116600
0.600121 0.375166 0.001919 0.000000
0.000000

0.000000 2.659579 23.538221
2.217112 0.246354 36.805489 206.998199 1032.137939
0.000000 0.000002 0.014510 0.000000 0.000000 0.000000
0.000000 0.000000 0.000000
2.430460 1.000000 0.000000
764.299377 0.000000
0.000000 0.000000 0.000000 0.000000
0.000000 2.954274
8 0.020000 0.860000 0.005000
0.486000 0.396000 0.726000 0.501000 1.360000 6.610000 0.785000 0.785000
272000.000000 96.599998 0.003000
1.073000 0.050000 0.116600
0.602077 0.374919 0.001918 0.000000
0.000000

0.000000 2.488021 22.081196
2.237083 0.248573 37.194832 208.808655 1031.915771
0.000000 0.000002 0.013189 0.000000 0.000000 0.000000
0.000000 0.000000 0.000000
2.458490 1.000000 0.000000
764.299377 0.000000
0.000000 0.000000 0.000000 0.000000
0.000000 2.891844
8 0.020000 0.880000 0.005000
0.486000 0.396000 0.726000 0.501000 1.360000 6.610000 0.785000 0.785000
272000.000000 96.599998 0.003000
1.073000 0.050000 0.116600
0.603951 0.369191 0.001888 0.000000
0.000000

0.000000 2.349221 20.833443
2.258642 0.250969 37.604706 210.772614 1031.702393
0.000000 0.000001 0.011304 0.000000 0.000000 0.000000
0.000000 0.000000 0.000000
2.487540 1.000000 0.000000
764.299377 0.000000
0.000000 0.000000 0.000000 0.000000
0.000000 2.882689
8 0.020000 0.900000 0.005000
0.486000 0.396000 0.726000 0.501000 1.360000 6.610000 0.785000 0.785000
272000.000000 96.599998 0.003000
1.073000 0.050000 0.116600
0.605881 0.367358 0.001879 0.000000
0.000000

0.000000 1.817120 15.165492
2.272679 0.252528 37.915257 212.017929 1031.451172
0.000000 0.000001 0.009634 0.000000 0.000000 0.000000
0.000000 0.000000 0.000000
2.517525 1.000000 0.000000
764.299377 0.000000
0.000000 0.000000 0.000000 0.000000
0.000000 2.742278
8 0.020000 0.920000 0.005000
0.486000 0.396000 0.726000 0.501000 1.360000 6.610000 0.785000 0.785000
272000.000000 96.599998 0.003000
1.073000 0.050000 0.116600
0.607632 0.367265 0.001879 0.000000
0.000000

0.000000 1.683695 11.795689
0.491462 0.054609 8.209932 45.816353 206.353760
0.000000 0.000000 0.001287 0.000000 0.000000 0.000000
0.000000 0.000000 0.000000
2.548366 1.000000 0.000000
764.299377 0.000000
0.000000 0.000000 0.000000 0.000000
0.000000 1.392166
8 0.020000 0.940000 0.001000
0.486000 0.396000 0.726000 0.501000 1.360000 6.610000 0.785000 0.785000
272000.000000 96.599998 0.003000
1.073000 0.050000 0.116600
0.121870 0.081861 0.000418 0.000000
0.000000

0.000000 1.570107 10.953044
0.493307 0.054814 8.250005 45.981205 206.291214
0.000000 0.000000 0.001374 0.000000 0.000000 0.000000
0.000000 0.000000 0.000000
2.579984 1.000000 0.000000
764.299377 0.000000
0.000000 0.000000 0.000000 0.000000
0.000000 1.239278
8 0.020000 0.960000 0.001000
0.486000 0.396000 0.726000 0.501000 1.360000 6.610000 0.785000 0.785000
272000.000000 96.599998 0.003000
1.073000 0.050000 0.116600
0.122264 0.074348 0.000380 0.000000
0.000000

0.000000 1.486279 10.265939
0.496904 0.055213 8.330154 46.298149 206.209671
0.000000 0.000000 0.001617 0.000000 0.000000 0.000000
0.000000 0.000000 0.000000
2.612305 1.000000 0.000000
764.299377 0.000000
0.000000 0.000000 0.000000 0.000000
0.000000 1.188792
8 0.020000 0.980000 0.001000
0.486000 0.396000 0.726000 0.501000 1.360000 6.610000 0.785000 0.785000
272000.000000 96.599998 0.003000
1.073000 0.050000 0.116600
0.122756 0.072225 0.000369 0.000000
0.000000

0.000000 1.483242 9.811304
0.503670 0.055965 8.562808 46.810272 206.083542
0.000000 0.000001 0.002140 0.000000 0.000000 0.000000
0.000000 0.000000 0.000000
2.645259 1.000000 0.000000
764.299377 0.000000
0.000000 0.000000 0.000000 0.000000
0.000000 0.991477
8 0.020000 1.000000 0.001000
0.486000 0.396000 0.726000 0.501000 1.360000 6.610000 0.785000 0.785000
272000.000000 96.599998 0.003000
1.073000 0.050000 0.116600
0.123539 0.071401 0.000365 0.000000
0.000000

0.000000 1.130997 9.058493
0.504639 0.056073 8.592155 46.890717 206.030121
0.000000 0.102403 0.067009 0.000000 0.000000 0.000000
0.000000 0.000000 0.000000
2.678778 1.000000 0.000000
764.299377 0.000000
0.000000 0.000000 0.000000 0.000000
0.000000 0.983378
8 0.020000 1.020000 0.001000
0.486000 0.396000 0.726000 0.501000 1.360000 6.610000 0.785000 0.785000
272000.000000 96.599998 0.003000
1.073000 0.050000 0.116600
0.123781 0.070765 0.000361 0.000000
0.000000

0.000000 1.031215 8.321714
0.503713 0.055970 8.578300 46.804485 206.013519
0.000000 0.143534 0.067121 0.000000 0.000000 0.000000
0.000000 0.000000 0.000000
2.712798 1.000000 0.000000
764.299377 0.000000
0.000000 0.000000 0.000000 0.000000
0.000000 0.957076
8 0.020000 1.040000 0.001000
0.486000 0.396000 0.726000 0.501000 1.360000 6.610000 0.785000 0.785000
272000.000000 96.599998 0.003000
1.073000 0.050000 0.116600
0.123858 0.070616 0.000361 0.000000
0.000000

0.000000 0.929644 7.591112
0.501358 0.055708 8.539310 46.586143 206.005707
0.000000 0.119060 0.064882 0.000000 0.000000 0.000000
0.000000 0.000000 0.000000
2.747258 1.000000 0.000000
764.299377 0.000000
0.000000 0.000000 0.000000 0.000000
0.000000 0.954706
8 0.020000 1.060000 0.001000
0.486000 0.396000 0.726000 0.501000 1.360000 6.610000 0.785000 0.785000
272000.000000 96.599998 0.003000
1.073000 0.050000 0.116600
0.123882 0.070542 0.000360 0.000000
0.000000

0.000000 0.845660 6.978963
0.500062 0.055564 8.519215 46.465168 206.002670
0.000000 0.082320 0.061845 0.000000 0.000000 0.000000
0.000000 0.000000 0.000000
2.782099 1.000000 0.000000
764.299377 0.000000
0.000000 0.000000 0.000000 0.000000
0.000000 0.947172
8 0.020000 1.080000 0.001000
0.486000 0.396000 0.726000 0.501000 1.360000 6.610000 0.785000 0.785000
272000.000000 96.599998 0.003000
1.073000 0.050000 0.116600
0.123905 0.070798 0.000362 0.000000
0.000000

0.000000 0.769490 6.424436
0.498892 0.055434 8.500093 46.356876 206.000717
0.000000 0.054868 0.058165 0.000000 0.000000 0.000000
0.000000 0.000000 0.000000
2.817265 1.000000 0.000000
764.299377 0.000000
0.000000 0.000000 0.000000 0.000000
0.000000 0.941058
8 0.020000 1.100000 0.001000
0.486000 0.396000 0.726000 0.501000 1.360000 6.610000 0.785000 0.785000
272000.000000 96.599998 0.003000
1.073000 0.050000 0.116600
0.123928 0.070533 0.000360 0.000000
0.000000

0.000000 0.700245 5.921873
0.497860 0.055320 8.484270 46.260353 206.000549
0.000000 0.037173 0.053861 0.000000 0.000000 0.000000
0.000000 0.000000 0.000000
2.852704 1.000000 0.000000
764.299377 0.000000
0.000000 0.000000 0.000000 0.000000
0.000000 0.935900
8 0.020000 1.120000 0.001000
0.486000 0.396000 0.726000 0.501000 1.360000 6.610000 0.785000 0.785000
272000.000000 96.599998 0.003000
1.073000 0.050000 0.116600
0.123946 0.070451 0.000360 0.000000
0.000000

0.000000 0.637354 5.466896
0.496951 0.055219 8.469694 46.176029 205.999115
0.000000 0.025289 0.048662 0.000000 0.000000 0.000000
0.000000 0.000000 0.000000
2.888365 1.000000 0.000000
764.299377 0.000000
0.000000 0.000000 0.000000 0.000000
0.000000 0.930388
8 0.020000 1.140000 0.001000
0.486000 0.396000 0.726000 0.501000 1.360000 6.610000 0.785000 0.785000
272000.000000 96.599998 0.003000
1.073000 0.050000 0.116600
0.123969 0.070627 0.000361 0.000000
0.000000

0.000000 0.575265 5.025087
0.495705 0.055080 8.450138 46.059570 205.995682
0.000000 0.016611 0.042840 0.000000 0.000000 0.000000
0.000000 0.000000 0.000000
2.924202 1.000000 0.000000
764.299377 0.000000
0.000000 0.000000 0.000000 0.000000
0.000000 1.053978
8 0.020000 1.160000 0.001000
0.486000 0.396000 0.726000 0.501000 1.360000 6.610000 0.785000 0.785000
272000.000000 96.599998 0.003000
1.073000 0.050000 0.116600
0.123989 0.070701 0.000361 0.000000
0.000000

0.000000 0.523829 4.654883
0.495077 0.055011 8.440154 46.001392 205.995163
0.000000 0.010400 0.038103 0.000000 0.000000 0.000000
0.000000 0.000000 0.000000
2.960169 1.000000 0.000000
764.299377 0.000000
0.000000 0.000000 0.000000 0.000000
0.000000 0.948790
8 0.020000 1.180000 0.001000
0.486000 0.396000 0.726000 0.501000 1.360000 6.610000 0.785000 0.785000
272000.000000 96.599998 0.003000
1.073000 0.050000 0.116600
0.124015 0.070439 0.000360 0.000000
0.000000

0.000000 0.477108 4.319814
0.494524 0.054949 8.431856 45.949593 205.995163
0.000000 0.006534 0.035859 0.000000 0.000000 0.000000
0.000000 0.000000 0.000000
2.996224 1.000000 0.000000
764.299377 0.000000
0.000000 0.000000 0.000000 0.000000
0.000000 0.957758
8 0.020000 1.200000 0.001000
0.486000 0.396000 0.726000 0.501000 1.360000 6.610000 0.785000 0.785000
272000.000000 96.599998 0.003000
1.073000 0.050000 0.116600
0.124033 0.070333 0.000359 0.000000
0.000000

0.000000 0.434907 4.017083
0.494084 0.054900 8.426032 45.907703 205.993820
0.000000 0.004569 0.036120 0.000000 0.000000 0.000000
0.000000 0.000000 0.000000
3.032326 1.000000 0.000000
764.299377 0.000000
0.000000 0.000000 0.000000 0.000000
0.000000 0.945214
8 0.020000 1.220000 0.001000
0.486000 0.396000 0.726000 0.501000 1.360000 6.610000 0.785000 0.785000
272000.000000 96.599998 0.003000
1.073000 0.050000 0.116600
0.124057 0.070287 0.000359 0.000000
0.000000

0.000000 0.393292 3.722953
0.493380 0.054822 8.414677 45.842411 205.990646
0.000000 0.003977 0.038358 0.000000 0.000000 0.000000
0.000000 0.000000 0.000000
3.068437 1.000000 0.000000
764.299377 0.000000
0.000000 0.000000 0.000000 0.000000
0.000000 0.932694
8 0.020000 1.240000 0.001000
0.486000 0.396000 0.726000 0.501000 1.360000 6.610000 0.785000 0.785000
272000.000000 96.599998 0.003000
1.073000 0.050000 0.116600
0.124074 0.070276 0.000359 0.000000
0.000000

0.000000 0.358784 3.476999
0.493103 0.054791 8.411325 45.815826 205.990219
0.000000 0.004313 0.041194 0.000000 0.000000 0.000000
0.000000 0.000000 0.000000
3.104522 1.000000 0.000000
764.299377 0.000000
0.000000 0.000000 0.000000 0.000000
0.000000 0.956716
8 0.020000 1.260000 0.001000
0.486000 0.396000 0.726000 0.501000 1.360000 6.610000 0.785000 0.785000
272000.000000 96.599998 0.003000
1.073000 0.050000 0.116600
0.124096 0.070226 0.000359 0.000000
0.000000

0.000000 0.327370 3.253819
0.492846 0.054763 8.407959 45.791435 205.992432
0.000000 0.005286 0.044148 0.000000 0.000000 0.000000
0.000000 0.000000 0.000000
3.140547 1.000000 0.000000
764.299377 0.000000
0.000000 0.000000 0.000000 0.000000
0.000000 0.937793
8 0.020000 1.280000 0.001000
0.486000 0.396000 0.726000 0.501000 1.360000 6.610000 0.785000 0.785000
272000.000000 96.599998 0.003000
1.073000 0.050000 0.116600
0.124114 0.072183 0.000369 0.000000
0.000000

0.000000 0.298950 3.052942
0.492676 0.054744 8.405459 45.775726 205.990860
0.000000 0.006783 0.047519 0.000000 0.000000 0.000000
0.000000 0.000000 0.000000
3.176480 1.000000 0.000000
764.299377 0.000000
0.000000 0.000000 0.000000 0.000000
0.000000 0.934164
8 0.020000 1.300000 0.001000
0.486000 0.396000 0.726000 0.501000 1.360000 6.610000 0.785000 0.785000
272000.000000 96.599998 0.003000
1.073000 0.050000 0.116600
0.124135 0.070361 0.000359 0.000000
0.000000

0.000000 0.273152 2.870964
0.492536 0.054728 8.404206 45.761951 205.991898
0.000000 0.008697 0.050711 0.000000 0.000000 0.000000
0.000000 0.000000 0.000000
3.212291 1.000000 0.000000
764.299377 0.000000
0.000000 0.000000 0.000000 0.000000
0.000000 0.933343
8 0.020000 1.320000 0.001000
0.486000 0.396000 0.726000 0.501000 1.360000 6.610000 0.785000 0.785000
272000.000000 96.599998 0.003000
1.073000 0.050000 0.116600
0.124156 0.070608 0.000361 0.000000
0.000000

0.000000 0.247812 2.694361
0.492240 0.054695 8.398969 45.735146 205.990631
0.000000 0.010850 0.053563 0.000000 0.000000 0.000000
0.000000 0.000000 0.000000
3.247952 1.000000 0.000000
764.299377 0.000000
0.000000 0.000000 0.000000 0.000000
0.000000 0.935384
8 0.020000 1.340000 0.001000
0.486000 0.396000 0.726000 0.501000 1.360000 6.610000 0.785000 0.785000
272000.000000 96.599998 0.003000
1.073000 0.050000 0.116600
0.124173 0.070441 0.000360 0.000000
0.000000

0.000000 0.226736 2.546293
0.492162 0.054687 8.398574 45.727253 205.991241
0.000000 0.013043 0.056059 0.000000 0.000000 0.000000
0.000000 0.000000 0.000000
3.283436 1.000000 0.000000
764.299377 0.000000
0.000000 0.000000 0.000000 0.000000
0.000000 0.921225
8 0.020000 1.360000 0.001000
0.486000 0.396000 0.726000 0.501000 1.360000 6.610000 0.785000 0.785000
272000.000000 96.599998 0.003000
1.073000 0.050000 0.116600
0.124191 0.070310 0.000359 0.000000
0.000000

0.000000 0.207572 2.412408
0.492120 0.054682 8.398183 45.723301 205.993759
0.000000 0.015150 0.058238 0.000000 0.000000 0.000000
0.000000 0.000000 0.000000
3.318719 1.000000 0.000000
764.299377 0.000000
0.000000 0.000000 0.000000 0.000000
0.000000 0.943231
8 0.020000 1.380000 0.001000
0.486000 0.396000 0.726000 0.501000 1.360000 6.610000 0.785000 0.785000
272000.000000 96.599998 0.003000
1.073000 0.050000 0.116600
0.124209 0.070292 0.000359 0.000000
0.000000

0.000000 0.190112 2.291117
0.492096 0.054679 8.397452 45.721691 205.997604
0.000000 0.017075 0.060194 0.000000 0.000000 0.000000
0.000000 0.000000 0.000000
3.353778 1.000000 0.000000
764.299377 0.000000
0.000000 0.000000 0.000000 0.000000
0.000000 0.928477
8 0.020000 1.400000 0.001000
0.486000 0.396000 0.726000 0.501000 1.360000 6.610000 0.785000 0.785000
272000.000000 96.599998 0.003000
1.073000 0.050000 0.116600
0.124223 0.070273 0.000359 0.000000
0.000000

0.000000 0.174415 2.182049
0.492118 0.054682 8.397959 45.723839 205.999176
0.000000 0.018703 0.061865 0.000000 0.000000 0.000000
0.000000 0.000000 0.000000
3.388592 1.000000 0.000000
764.299377 0.000000
0.000000 0.000000 0.000000 0.000000
0.000000 0.925085
8 0.020000 1.420000 0.001000
0.486000 0.396000 0.726000 0.501000 1.360000 6.610000 0.785000 0.785000
272000.000000 96.599998 0.003000
1.073000 0.050000 0.116600
0.124243 0.070192 0.000358 0.000000
0.000000

0.000000 0.159100 2.076293
0.492029 0.054672 8.397489 45.714821 205.998657
0.000000 0.020032 0.063401 0.000000 0.000000 0.000000
0.000000 0.000000 0.000000
3.423140 1.000000 0.000000
764.299377 0.000000
0.000000 0.000000 0.000000 0.000000
0.000000 0.922887
8 0.020000 1.440000 0.001000
0.486000 0.396000 0.726000 0.501000 1.360000 6.610000 0.785000 0.785000
272000.000000 96.599998 0.003000
1.073000 0.050000 0.116600
0.124257 0.070285 0.000359 0.000000
0.000000

0.000000 0.146280 1.987929
0.492101 0.054680 8.398934 45.721405 206.000168
0.000000 0.021176 0.064858 0.000000 0.000000 0.000000
0.000000 0.000000 0.000000
3.457403 1.000000 0.000000
764.299377 0.000000
0.000000 0.000000 0.000000 0.000000
0.000000 0.929105
8 0.020000 1.460000 0.001000
0.486000 0.396000 0.726000 0.501000 1.360000 6.610000 0.785000 0.785000
272000.000000 96.599998 0.003000
1.073000 0.050000 0.116600
0.124275 0.070291 0.000359 0.000000
0.000000

0.000000 0.134673 1.908250
0.492198 0.054691 8.400964 45.730244 206.001450
0.000000 0.022261 0.066259 0.000000 0.000000 0.000000
0.000000 0.000000 0.000000
3.491365 1.000000 0.000000
764.299377 0.000000
0.000000 0.000000 0.000000 0.000000
0.000000 0.922249
8 0.020000 1.480000 0.001000
0.486000 0.396000 0.726000 0.501000 1.360000 6.610000 0.785000 0.785000
272000.000000 96.599998 0.003000
1.073000 0.050000 0.116600
0.124289 0.070757 0.000361 0.000000
0.000000

0.000000 0.124198 1.836285
0.492294 0.054701 8.403531 45.738476 206.003311
0.000000 0.023473 0.067905 0.000000 0.000000 0.000000
0.000000 0.000000 0.000000
3.525008 1.000000 0.000000
764.299377 0.000000
0.000000 0.000000 0.000000 0.000000
0.000000 0.920587
8 0.020000 1.500000 0.001000
0.486000 0.396000 0.726000 0.501000 1.360000 6.610000 0.785000 0.785000
272000.000000 96.599998 0.003000
1.073000 0.050000 0.116600
0.124308 0.070341 0.000359 0.000000
0.000000

0.000000 0.040808 1.305558
0.491500 0.054613 8.391086 45.664963 206.003586
0.000000 0.026071 0.072067 0.000000 0.000000 0.000000
0.000000 0.000000 0.000000
3.558318 1.000000 0.000000
764.299377 0.000000
0.000000 0.000000 0.000000 0.000000
0.000000 0.917703
8 0.020000 1.520000 0.001000
0.486000 0.396000 0.726000 0.501000 1.360000 6.610000 0.785000 0.785000
272000.000000 96.599998 0.003000
1.073000 0.050000 0.116600
0.124323 0.070212 0.000359 0.000000
0.000000

0.000000 0.039082 1.290925
0.491702 0.054636 8.395415 45.682854 206.006424
0.000000 0.029340 0.074102 0.000000 0.000000 0.000000
0.000000 0.000000 0.000000
3.591282 1.000000 0.000000
764.299377 0.000000
0.000000 0.000000 0.000000 0.000000
0.000000 0.916678
8 0.020000 1.540000 0.001000
0.486000 0.396000 0.726000 0.501000 1.360000 6.610000 0.785000 0.785000
272000.000000 96.599998 0.003000
1.073000 0.050000 0.116600
0.124339 0.070250 0.000359 0.000000
0.000000

0.000000 0.037004 1.274421
0.491866 0.054654 8.399083 45.697189 206.007416
0.000000 0.032458 0.075962 0.000000 0.000000 0.000000
0.000000 0.000000 0.000000
3.623886 1.000000 0.000000
764.299377 0.000000
0.000000 0.000000 0.000000 0.000000
0.000000 0.914345
8 0.020000 1.560000 0.001000
0.486000 0.396000 0.726000 0.501000 1.360000 6.610000 0.785000 0.785000
272000.000000 96.599998 0.003000
1.073000 0.050000 0.116600
0.124353 0.070184 0.000358 0.000000
0.000000

0.000000 0.035651 1.263059
0.492060 0.054675 8.403276 45.714428 206.009796
0.000000 0.035031 0.077587 0.000000 0.000000 0.000000
0.000000 0.000000 0.000000
3.656118 1.000000 0.000000
764.299377 0.000000
0.000000 0.000000 0.000000 0.000000
0.000000 0.910897
8 0.020000 1.580000 0.001000
0.486000 0.396000 0.726000 0.501000 1.360000 6.610000 0.785000 0.785000
272000.000000 96.599998 0.003000
1.073000 0.050000 0.116600
0.124370 0.070175 0.000358 0.000000
0.000000

0.000000 0.034462 1.253545
0.492301 0.054702 8.408251 45.735943 206.010315
0.000000 0.037111 0.079030 0.000000 0.000000 0.000000
0.000000 0.000000 0.000000
3.687970 1.000000 0.000000
764.299377 0.000000
0.000000 0.000000 0.000000 0.000000
0.000000 0.909035
8 0.020000 1.600000 0.001000
0.486000 0.396000 0.726000 0.501000 1.360000 6.610000 0.785000 0.785000
272000.000000 96.599998 0.003000
1.073000 0.050000 0.116600
0.124386 0.070186 0.000358 0.000000
0.000000

0.000000 0.033402 1.244982
0.492521 0.054727 8.412861 45.755493 206.012604
0.000000 0.038842 0.080357 0.000000 0.000000 0.000000
0.000000 0.000000 0.000000
3.719430 1.000000 0.000000
764.299377 0.000000
0.000000 0.000000 0.000000 0.000000
0.000000 0.907561
8 0.020000 1.620000 0.001000
0.486000 0.396000 0.726000 0.501000 1.360000 6.610000 0.785000 0.785000
272000.000000 96.599998 0.003000
1.073000 0.050000 0.116600
0.124400 0.070735 0.000361 0.000000
0.000000

0.000000 0.032453 1.237645
0.492757 0.054753 8.417741 45.776554 206.014618
0.000000 0.040306 0.081555 0.000000 0.000000 0.000000
0.000000 0.000000 0.000000
3.750490 1.000000 0.000000
764.299377 0.000000
0.000000 0.000000 0.000000 0.000000
0.000000 0.905453
8 0.020000 1.640000 0.001000
0.486000 0.396000 0.726000 0.501000 1.360000 6.610000 0.785000 0.785000
272000.000000 96.599998 0.003000
1.073000 0.050000 0.116600
0.124416 0.070184 0.000358 0.000000
0.000000

0.000000 0.031616 1.231301
0.492993 0.054779 8.422595 45.797646 206.016602
0.000000 0.041554 0.082700 0.000000 0.000000 0.000000
0.000000 0.000000 0.000000
3.781142 1.000000 0.000000
764.299377 0.000000
0.000000 0.000000 0.000000 0.000000
0.000000 0.903557
8 0.020000 1.660000 0.001000
0.486000 0.396000 0.726000 0.501000 1.360000 6.610000 0.785000 0.785000
272000.000000 96.599998 0.003000
1.073000 0.050000 0.116600
0.124431 0.070183 0.000358 0.000000
0.000000

0.000000 0.030561 1.223533
0.493184 0.054800 8.426689 45.814625 206.019440
0.000000 0.042619 0.083829 0.000000 0.000000 0.000000
0.000000 0.000000 0.000000
3.811379 1.000000 0.000000
764.299377 0.000000
0.000000 0.000000 0.000000 0.000000
0.000000 0.911777
8 0.020000 1.680000 0.001000
0.486000 0.396000 0.726000 0.501000 1.360000 6.610000 0.785000 0.785000
272000.000000 96.599998 0.003000
1.073000 0.050000 0.116600
0.124448 0.070178 0.000358 0.000000
0.000000

0.000000 0.029900 1.219870
0.493498 0.054835 8.432867 45.842941 206.020782
0.000000 0.043522 0.085051 0.000000 0.000000 0.000000
0.000000 0.000000 0.000000
3.841194 1.000000 0.000000
764.299377 0.000000
0.000000 0.000000 0.000000 0.000000
0.000000 0.903711
8 0.020000 1.700000 0.001000
0.486000 0.396000 0.726000 0.501000 1.360000 6.610000 0.785000 0.785000
272000.000000 96.599998 0.003000
1.073000 0.050000 0.116600
0.124468 0.070162 0.000358 0.000000
0.000000

0.000000 0.029346 1.216271
0.493755 0.054864 8.438071 45.865952 206.021454
0.000000 0.044267 0.086182 0.000000 0.000000 0.000000
0.000000 0.000000 0.000000
3.870583 1.000000 0.000000
764.299377 0.000000
0.000000 0.000000 0.000000 0.000000
0.000000 0.902908
8 0.020000 1.720000 0.001000
0.486000 0.396000 0.726000 0.501000 1.360000 6.610000 0.785000 0.785000
272000.000000 96.599998 0.003000
1.073000 0.050000 0.116600
0.124484 0.070133 0.000358 0.000000
0.000000

0.000000 0.028844 1.213141
0.493996 0.054890 8.442996 45.887497 206.023071
0.000000 0.044884 0.087301 0.000000 0.000000 0.000000
0.000000 0.000000 0.000000
3.899540 1.000000 0.000000
764.299377 0.000000
0.000000 0.000000 0.000000 0.000000
0.000000 0.900539
8 0.020000 1.740000 0.001000
0.486000 0.396000 0.726000 0.501000 1.360000 6.610000 0.785000 0.785000
272000.000000 96.599998 0.003000
1.073000 0.050000 0.116600
0.124499 0.070152 0.000358 0.000000
0.000000

0.000000 0.028418 1.210816
0.494258 0.054920 8.448282 45.911098 206.024490
0.000000 0.045387 0.088411 0.000000 0.000000 0.000000
0.000000 0.000000 0.000000
3.928061 1.000000 0.000000
764.299377 0.000000
0.000000 0.000000 0.000000 0.000000
0.000000 0.899115
8 0.020000 1.760000 0.001000
0.486000 0.396000 0.726000 0.501000 1.360000 6.610000 0.785000 0.785000
272000.000000 96.599998 0.003000
1.073000 0.050000 0.116600
0.124517 0.070096 0.000358 0.000000
0.000000

0.000000 0.028033 1.208899
0.494506 0.054947 8.453306 45.933296 206.026535
0.000000 0.045770 0.089441 0.000000 0.000000 0.000000
0.000000 0.000000 0.000000
3.956144 1.000000 0.000000
764.299377 0.000000
0.000000 0.000000 0.000000 0.000000
0.000000 0.896023
8 0.020000 1.780000 0.001000
0.486000 0.396000 0.726000 0.501000 1.360000 6.610000 0.785000 0.785000
272000.000000 96.599998 0.003000
1.073000 0.050000 0.116600
0.124535 0.070107 0.000358 0.000000
0.000000

0.000000 0.027694 1.207289
0.494744 0.054974 8.458143 45.954609 206.029617
0.000000 0.046002 0.090389 0.000000 0.000000 0.000000
0.000000 0.000000 0.000000
3.983784 1.000000 0.000000
764.299377 0.000000
0.000000 0.000000 0.000000 0.000000
0.000000 0.898722
8 0.020000 1.800000 0.001000
0.486000 0.396000 0.726000 0.501000 1.360000 6.610000 0.785000 0.785000
272000.000000 96.599998 0.003000
1.073000 0.050000 0.116600
0.124549 0.070078 0.000358 0.000000
0.000000

0.000000 0.023012 1.165997
0.494927 0.054994 8.462069 45.970856 206.031143
0.000000 0.046095 0.091339 0.000000 0.000000 0.000000
0.000000 0.000000 0.000000
4.010980 1.000000 0.000000
764.299377 0.000000
0.000000 0.000000 0.000000 0.000000
0.000000 0.895296
8 0.020000 1.820000 0.001000
0.486000 0.396000 0.726000 0.501000 1.360000 6.610000 0.785000 0.785000
272000.000000 96.599998 0.003000
1.073000 0.050000 0.116600
0.124561 0.070092 0.000358 0.000000
0.000000

0.000000 0.023201 1.169104
0.495178 0.055022 8.467127 45.993408 206.032318
0.000000 0.046014 0.092141 0.000000 0.000000 0.000000
0.000000 0.000000 0.000000
4.037730 1.000000 0.000000
764.299377 0.000000
0.000000 0.000000 0.000000 0.000000
0.000000 0.893472
8 0.020000 1.840000 0.001000
0.486000 0.396000 0.726000 0.501000 1.360000 6.610000 0.785000 0.785000
272000.000000 96.599998 0.003000
1.073000 0.050000 0.116600
0.124580 0.070031 0.000358 0.000000
0.000000

0.000000 0.023384 1.172243
0.495430 0.055050 8.472198 46.016010 206.033005
0.000000 0.045756 0.092892 0.000000 0.000000 0.000000
0.000000 0.000000 0.000000
4.064034 1.000000 0.000000
764.299377 0.000000
0.000000 0.000000 0.000000 0.000000
0.000000 0.892229
8 0.020000 1.860000 0.001000
0.486000 0.396000 0.726000 0.501000 1.360000 6.610000 0.785000 0.785000
272000.000000 96.599998 0.003000
1.073000 0.050000 0.116600
0.124592 0.070011 0.000358 0.000000
0.000000

0.000000 0.023576 1.175359
0.495678 0.055077 8.477197 46.038261 206.033249
0.000000 0.045350 0.093595 0.000000 0.000000 0.000000
0.000000 0.000000 0.000000
4.089889 1.000000 0.000000
764.299377 0.000000
0.000000 0.000000 0.000000 0.000000
0.000000 0.890715
8 0.020000 1.880000 0.001000
0.486000 0.396000 0.726000 0.501000 1.360000 6.610000 0.785000 0.785000
272000.000000 96.599998 0.003000
1.073000 0.050000 0.116600
0.124611 0.070017 0.000358 0.000000
0.000000

0.000000 0.023748 1.178196
0.495903 0.055102 8.481800 46.058403 206.034149
0.000000 0.044866 0.094325 0.000000 0.000000 0.000000
0.000000 0.000000 0.000000
4.115297 1.000000 0.000000
764.299377 0.000000
0.000000 0.000000 0.000000 0.000000
0.000000 0.889504
8 0.020000 1.900000 0.001000
0.486000 0.396000 0.726000 0.501000 1.360000 6.610000 0.785000 0.785000
272000.000000 96.599998 0.003000
1.073000 0.050000 0.116600
0.124623 0.070021 0.000358 0.000000
0.000000

0.000000 0.023935 1.181276
0.496149 0.055130 8.486755 46.080517 206.034805
0.000000 0.044376 0.095089 0.000000 0.000000 0.000000
0.000000 0.000000 0.000000
4.140259 1.000000 0.000000
764.299377 0.000000
0.000000 0.000000 0.000000 0.000000
0.000000 0.887999
8 0.020000 1.920000 0.001000
0.486000 0.396000 0.726000 0.501000 1.360000 6.610000 0.785000 0.785000
272000.000000 96.599998 0.003000
1.073000 0.050000 0.116600
0.124637 0.070004 0.000358 0.000000
0.000000

0.000000 0.024117 1.184597
0.496416 0.055159 8.492039 46.104530 206.035751
0.000000 0.043929 0.095913 0.000000 0.000000 0.000000
0.000000 0.000000 0.000000
4.164774 1.000000 0.000000
764.299377 0.000000
0.000000 0.000000 0.000000 0.000000
0.000000 0.886644
8 0.020000 1.940000 0.001000
0.486000 0.396000 0.726000 0.501000 1.360000 6.610000 0.785000 0.785000
272000.000000 96.599998 0.003000
1.073000 0.050000 0.116600
0.124655 0.069963 0.000357 0.000000
0.000000

0.000000 0.024307 1.188538
0.496732 0.055195 8.498163 46.133106 206.036209
0.000000 0.043558 0.096847 0.000000 0.000000 0.000000
0.000000 0.000000 0.000000
4.188845 1.000000 0.000000
764.299377 0.000000
0.000000 0.000000 0.000000 0.000000
0.000000 0.885337
8 0.020000 1.960000 0.001000
0.486000 0.396000 0.726000 0.501000 1.360000 6.610000 0.785000 0.785000
272000.000000 96.599998 0.003000
1.073000 0.050000 0.116600
0.124672 0.069949 0.000357 0.000000
0.000000

0.000000 0.024494 1.197040
0.497430 0.055272 8.510858 46.197159 206.034103
0.000000 0.043265 0.097909 0.000000 0.000000 0.000000
0.000000 0.000000 0.000000
4.212474 1.000000 0.000000
764.299377 0.000000
0.000000 0.000000 0.000000 0.000000
0.000000 0.884327
8 0.020000 1.980000 0.001000
0.486000 0.396000 0.726000 0.501000 1.360000 6.610000 0.785000 0.785000
272000.000000 96.599998 0.003000
1.073000 0.050000 0.116600
0.124716 0.069890 0.000357 0.000000
0.000000

0.000000 0.024685 1.210039
0.498505 0.055392 8.529982 46.296310 206.030533
0.000000 0.176743 0.122410 0.000000 0.000000 0.000000
0.000000 0.000000 0.000000
4.235665 1.000000 0.000000
764.299377 0.000000
0.000000 0.000000 0.000000 0.000000
0.000000 0.883675
8 0.020000 2.000000 0.001000
0.486000 0.396000 0.726000 0.501000 1.360000 6.610000 0.785000 0.785000
272000.000000 96.599998 0.003000
1.073000 0.050000 0.116600
0.124783 0.069923 0.000357 0.000000
0.000000
1.000000
2.000000
0.000000 0.000000
0.000000
0
-0.700000
0 0
0.000000
1
0.000000
1.000000
1.000000
1.000000
0.000000 0.000000 0.000000
0.000000 0.000000
0.000000 0.000000 0.000000 0.000000 0.000000 0.000000 0.000000
0.000000 0.000000 0.000000 0.000000 0.000000 0.000000 0.000000
233
2.000000
1
C:\DNDC\sites\Ottawa\CEFSoilc.spf
-1.000000 -1.000000
0.000000
35
35
10.000000
105
0.000000
0.000000
256
0.000000
497611.343750
1
