7
Clay_loam
0.314000 0.490000 0.006410 0.726000 0.398000 1.000000 0.000000 0.000000
1.350000 6.610000 1 0.031000 0.500000 0.050000 0.010000 0.240000 0.750000
0.000000 0.020000 2.000000 270000.000000 96.599998 100
0.233300 1.944000 3.025300 0.000000 1
10.000000 10.000000 10.000000 5.000000 25.000000 100.000000
0.000000 0.000000 0.001434 0.000000 0.000000 0.000000
500.000000 0.000000 0.000000

0.022068 33.799038 476.942352
15.416702 1.976289 177.782562 1529.957153 5534.689941
0.000000 8.199342 0.696751 1.010348 0.000005 0.000000
0.000471 0.012158 0.001526
-0.538751 0.227504 32.829414
764.299377 0.000000
0.000000 0.000000 0.000000 0.000000
0.000000 31.356680
7 0.020000 0.020000 0.031000
0.490000 0.314000 0.726000 0.398000 1.350000 6.610000 0.726000 0.726000
270000.000000 96.599998 0.006410
1.073000 0.050000 0.116600
22.452587 4.998502 0.006042 0.000000
0.000000

0.020160 29.756454 475.703491
15.413285 1.926691 171.287201 1532.661865 5536.938477
0.000000 4.353492 0.690372 0.505174 0.000005 0.000000
0.000106 0.001435 0.000029
-0.462575 0.245491 43.390579
764.299377 0.000000
0.000000 0.000000 0.000000 0.000000
0.000000 32.540379
7 0.020000 0.040000 0.031000
0.490000 0.314000 0.726000 0.398000 1.350000 6.610000 0.726000 0.726000
270000.000000 96.599998 0.006410
1.073000 0.050000 0.116600
22.418770 5.031774 0.006567 0.000000
0.000000

0.019057 27.470518 466.604980
15.418844 1.890010 168.332504 1533.761108 5537.923340
0.000000 1.720541 0.640542 0.252587 0.000000 0.000000
0.000043 0.000992 0.000020
-0.407980 0.261046 45.122658
764.299377 0.000000
0.000000 0.000000 0.000000 0.000000
0.000000 14.309033
7 0.020000 0.060000 0.031000
0.490000 0.314000 0.726000 0.398000 1.350000 6.610000 0.726000 0.726000
270000.000000 96.599998 0.006410
1.073000 0.050000 0.116600
22.403111 5.025866 0.006981 0.000000
0.000000

0.019678 28.386353 467.835236
15.459423 1.860882 170.224014 1533.288086 5537.276367
0.000000 3.256818 0.736028 0.126294 0.000000 0.000000
0.000040 0.001062 0.000022
-0.353979 0.279509 43.575096
764.299377 0.000000
0.000000 0.000000 0.000000 0.000000
0.000000 22.577948
7 0.020000 0.080000 0.031000
0.490000 0.314000 0.726000 0.398000 1.350000 6.610000 0.726000 0.726000
270000.000000 96.599998 0.006410
1.073000 0.050000 0.116600
22.413036 5.035232 0.007496 0.000000
0.000000

0.020125 29.037031 468.667908
15.495181 1.832994 171.568573 1532.954590 5536.812012
0.000000 3.464493 0.761119 0.063147 0.000000 0.000000
0.000026 0.000955 0.000019
-0.298962 0.302196 41.517208
764.299377 0.000000
0.000000 0.000000 0.000000 0.000000
0.000000 21.511831
7 0.020000 0.100000 0.025000
0.490000 0.314000 0.726000 0.398000 1.350000 6.610000 0.726000 0.726000
270000.000000 96.599998 0.006410
1.073000 0.050000 0.116600
22.420044 5.026427 0.008101 0.000000
0.000000

0.036186 62.577133 523.093933
15.771882 1.830265 221.512970 1516.101929 5519.338379
0.000000 2.026713 0.646876 0.031573 0.000000 0.000000
0.000005 0.000732 0.000015
-0.245728 0.329195 58.558434
764.299377 0.000000
0.000000 0.000000 0.000000 0.000000
0.000000 12.275663
7 0.020000 0.120000 0.025000
0.490000 0.314000 0.726000 0.398000 1.350000 6.610000 0.726000 0.726000
270000.000000 96.599998 0.006410
1.073000 0.050000 0.116600
22.653057 4.789931 0.008416 0.000000
0.000000

0.052722 16.254169 537.038147
15.859960 1.813131 248.122406 1499.420532 5509.613281
0.000000 1.303954 0.563311 0.015787 0.000000 0.000000
0.000001 0.000549 0.000011
-0.192587 0.361516 62.571461
764.299377 0.000000
0.000000 0.000000 0.000000 0.000000
0.000000 8.296461
7 0.020000 0.140000 0.025000
0.490000 0.314000 0.726000 0.398000 1.350000 6.610000 0.726000 0.726000
270000.000000 96.599998 0.006410
1.073000 0.050000 0.116600
22.783939 4.436943 0.008567 0.000000
0.000000

0.056143 40.026756 536.472656
15.821083 1.789803 248.196518 1490.858032 5509.249512
0.000000 0.819357 0.441194 0.007893 0.000000 0.000000
0.000000 0.000388 0.000008
-0.126498 0.403916 58.416267
764.299377 0.000000
0.000000 0.000000 0.000000 0.000000
0.000000 5.772552
7 0.020000 0.160000 0.025000
0.490000 0.314000 0.726000 0.398000 1.350000 6.610000 0.726000 0.726000
270000.000000 96.599998 0.006410
1.073000 0.050000 0.116600
22.791307 4.332963 0.009394 0.000000
0.000000

0.061216 41.204586 537.951660
15.837218 1.766834 249.759399 1491.168213 5508.210938
0.000000 0.503124 0.293208 0.003947 0.000000 0.000000
0.000000 0.000255 0.000005
-0.013303 0.464443 52.484573
764.299377 0.000000
0.000000 0.000000 0.000000 0.000000
0.000000 3.990921
7 0.020000 0.180000 0.020000
0.490000 0.314000 0.726000 0.398000 1.350000 6.610000 0.726000 0.726000
270000.000000 96.599998 0.006410
1.073000 0.050000 0.116600
22.807993 4.201155 0.010611 0.000000
0.000000

0.065137 41.376740 537.778748
15.869243 1.773970 251.148636 1490.459839 5507.913574
0.000000 0.672325 0.348161 0.001973 0.000000 0.000000
0.000000 0.000272 0.000006
0.006168 0.561665 42.956875
764.299377 0.000000
0.000000 0.000000 0.000000 0.000000
0.000000 8.344533
7 0.020000 0.200000 0.020000
0.490000 0.314000 0.726000 0.398000 1.350000 6.610000 0.726000 0.726000
270000.000000 96.599998 0.006410
1.073000 0.050000 0.116600
22.814756 5.230956 0.016007 0.000000
0.000000

0.089498 59.797249 548.455505
16.050428 1.805675 255.262894 1507.001099 5497.266113
0.000000 0.492488 0.424475 0.000987 0.000000 0.000000
0.000000 0.000111 0.000091
0.003438 0.760625 23.458784
764.299377 0.000000
0.000000 0.000000 0.000000 0.000000
0.000000 9.055882
7 0.020000 0.220000 0.020000
0.490000 0.314000 0.726000 0.398000 1.350000 6.610000 0.726000 0.726000
270000.000000 96.599998 0.006410
1.073000 0.050000 0.116600
22.947929 5.251027 0.021490 0.000000
0.000000

0.000000 25.846729 190.265808
9.178391 1.039611 146.995712 863.437866 4095.441895
0.000000 0.271411 0.382171 0.000493 0.000000 0.000000
0.000000 0.000064 0.000052
-0.008509 1.000000 0.000001
764.299377 0.000000
0.000000 0.000000 0.000000 0.000000
0.000000 5.267612
7 0.020000 0.240000 0.020000
0.490000 0.314000 0.726000 0.398000 1.350000 6.610000 0.726000 0.726000
270000.000000 96.599998 0.006410
1.073000 0.050000 0.116600
2.381779 2.508021 0.013180 0.000000
0.000000

0.000000 23.304583 173.227005
9.148982 1.045947 146.135361 859.742920 4095.265625
0.000000 0.282371 0.400834 0.000247 0.000000 0.000000
0.000000 0.000058 0.000048
0.032398 0.726000 0.000000
764.299377 0.000000
0.000000 0.000000 0.000000 0.000000
0.000000 4.444591
7 0.020000 0.260000 0.020000
0.490000 0.314000 0.726000 0.398000 1.350000 6.610000 0.726000 0.726000
270000.000000 96.599998 0.006410
1.073000 0.050000 0.116600
2.383784 1.668224 0.006336 0.000000
0.000000

0.000000 25.315155 168.110779
8.552834 0.988381 139.355301 803.864929 3681.766357
0.000000 5.188210 0.732216 0.000123 0.000000 0.000000
0.000000 0.000197 0.000161
0.072753 1.000000 0.000000
764.299377 0.000000
0.000000 0.000000 0.000000 0.000000
0.000000 12.649661
7 0.020000 0.280000 0.018000
0.490000 0.314000 0.726000 0.398000 1.350000 6.610000 0.726000 0.726000
270000.000000 96.599998 0.000070
1.073000 0.050000 0.116600
2.171135 2.383900 0.012519 0.000000
0.000000

0.000000 24.041016 156.192642
8.589463 1.002134 140.455429 807.824524 3680.302246
0.000000 7.669494 0.745252 0.000062 0.000000 0.000000
0.000000 0.000184 0.000150
0.109627 1.000000 0.000000
764.299377 0.000000
0.000000 0.000000 0.000000 0.000000
0.000000 7.058225
7 0.020000 0.300000 0.018000
0.490000 0.314000 0.726000 0.398000 1.350000 6.610000 0.726000 0.726000
270000.000000 96.599998 0.000070
1.073000 0.050000 0.116600
2.178540 1.465489 0.007658 0.000000
0.000000

0.000000 21.666775 142.352386
8.518619 1.002904 139.486282 801.940002 3680.355225
0.000000 7.011922 0.698711 0.000031 0.000000 0.000000
0.000000 0.000161 0.000132
0.145868 0.998715 0.000000
764.299377 0.000000
0.000000 0.000000 0.000000 0.000000
0.000000 5.057802
7 0.020000 0.320000 0.018000
0.490000 0.314000 0.726000 0.398000 1.350000 6.610000 0.726000 0.726000
270000.000000 96.599998 0.000070
1.073000 0.050000 0.116600
2.177724 1.325814 0.006914 0.000000
0.000000

0.000000 20.515821 130.742081
7.682087 0.912261 127.296371 722.477417 3214.101074
0.000000 5.099162 0.586643 0.000015 0.000000 0.000000
0.000000 0.000137 0.000112
0.181633 0.996029 0.000000
764.299377 0.000000
0.000000 0.000000 0.000000 0.000000
0.000000 4.384311
8 0.020000 0.340000 0.015500
0.483000 0.377000 0.726000 0.484000 1.370000 6.610000 0.770000 0.770000
274000.000000 96.599998 0.000070
1.073000 0.050000 0.116600
1.918523 1.156737 0.005838 0.000000
0.000000

0.000000 18.513800 119.332497
7.627930 0.913348 126.561676 718.034485 3214.154785
0.000000 3.841510 0.560684 0.000008 0.000000 0.000000
0.000000 0.000115 0.000094
0.216920 0.995578 0.000000
764.299377 0.000000
0.000000 0.000000 0.000000 0.000000
0.000000 4.151983
8 0.020000 0.360000 0.015500
0.483000 0.377000 0.726000 0.484000 1.370000 6.610000 0.770000 0.770000
274000.000000 96.599998 0.000070
1.073000 0.050000 0.116600
1.918068 1.121559 0.005657 0.000000
0.000000

0.000000 16.672121 108.943474
7.576012 0.914327 125.800468 713.822388 3214.270508
0.000000 3.507451 0.555029 0.000004 0.000000 0.000000
0.000000 0.000100 0.000082
0.251600 0.995123 0.000000
764.299377 0.000000
0.000000 0.000000 0.000000 0.000000
0.000000 4.088009
8 0.020000 0.380000 0.015500
0.483000 0.377000 0.726000 0.484000 1.370000 6.610000 0.770000 0.770000
274000.000000 96.599998 0.000070
1.073000 0.050000 0.116600
1.917472 1.113462 0.005613 0.000000
0.000000

0.000000 14.986136 99.510223
7.526918 0.915312 125.084641 709.827576 3214.346191
0.000000 3.342346 0.551536 0.000002 0.000000 0.000000
0.000000 0.000088 0.000072
0.285698 0.993290 0.000000
764.299377 0.000000
0.000000 0.000000 0.000000 0.000000
0.000000 4.163098
8 0.020000 0.400000 0.015500
0.483000 0.377000 0.726000 0.484000 1.370000 6.610000 0.770000 0.770000
274000.000000 96.599998 0.000070
1.073000 0.050000 0.116600
1.916829 1.112834 0.005600 0.000000
0.000000

0.000000 13.537754 91.158333
7.488937 0.917365 124.517143 706.859558 3214.421387
0.000000 2.894297 0.545694 0.000001 0.000000 0.000000
0.000000 0.000075 0.000062
0.319270 0.988140 0.000000
764.299377 0.000000
0.000000 0.000000 0.000000 0.000000
0.000000 4.347788
8 0.020000 0.420000 0.015500
0.483000 0.377000 0.726000 0.484000 1.370000 6.610000 0.770000 0.770000
274000.000000 96.599998 0.000070
1.073000 0.050000 0.116600
1.916699 1.112659 0.005570 0.000000
0.000000

0.000000 12.233853 83.595741
7.453830 0.919542 124.014824 704.087036 3214.526611
0.000000 2.254975 0.537696 0.000000 0.000000 0.000000
0.000000 0.000062 0.000051
0.352406 0.977547 0.000000
764.299377 0.000000
0.000000 0.000000 0.000000 0.000000
0.000000 4.531261
8 0.020000 0.440000 0.015500
0.483000 0.377000 0.726000 0.484000 1.370000 6.610000 0.770000 0.770000
274000.000000 96.599998 0.000070
1.073000 0.050000 0.116600
1.916534 1.113558 0.005515 0.000000
0.000000

0.000000 11.074216 76.823425
7.424691 0.922277 123.595016 701.849548 3214.582764
0.000000 1.640619 0.525842 0.000000 0.000000 0.000000
0.000000 0.000050 0.000041
0.385218 0.961141 0.000000
764.299377 0.000000
0.000000 0.000000 0.000000 0.000000
0.000000 4.681932
8 0.020000 0.460000 0.015500
0.483000 0.377000 0.726000 0.484000 1.370000 6.610000 0.770000 0.770000
274000.000000 96.599998 0.000070
1.073000 0.050000 0.116600
1.916574 1.110863 0.005409 0.000000
0.000000

0.000000 10.005274 70.660324
7.397736 0.925149 123.195343 699.823547 3214.660156
0.000000 1.158745 0.508360 0.000000 0.000000 0.000000
0.000000 0.000038 0.000031
0.417798 0.942410 0.000000
764.299377 0.000000
0.000000 0.000000 0.000000 0.000000
0.000000 4.792779
8 0.020000 0.480000 0.015500
0.483000 0.377000 0.726000 0.484000 1.370000 6.610000 0.770000 0.770000
274000.000000 96.599998 0.000070
1.073000 0.050000 0.116600
1.916591 1.110564 0.005302 0.000000
0.000000

0.000000 9.071675 65.172890
7.375997 0.928563 122.921196 698.267029 3214.719971
0.000000 0.825342 0.490439 0.000000 0.000000 0.000000
0.000000 0.000028 0.000023
0.450167 0.926971 0.000000
764.299377 0.000000
0.000000 0.000000 0.000000 0.000000
0.000000 4.852469
8 0.020000 0.500000 0.015500
0.483000 0.377000 0.726000 0.484000 1.370000 6.610000 0.770000 0.770000
274000.000000 96.599998 0.000070
1.073000 0.050000 0.116600
1.916849 1.110165 0.005213 0.000000
0.000000

0.000000 8.215873 60.193554
7.356213 0.932124 122.679489 696.917725 3214.755859
0.000000 0.621324 0.480440 0.000000 0.000000 0.000000
0.000000 0.000021 0.000018
0.482275 0.917840 0.000000
764.299377 0.000000
0.000000 0.000000 0.000000 0.000000
0.000000 4.884580
8 0.020000 0.520000 0.015500
0.483000 0.377000 0.726000 0.484000 1.370000 6.610000 0.770000 0.770000
274000.000000 96.599998 0.000070
1.073000 0.050000 0.116600
1.917088 1.109881 0.005161 0.000000
0.000000

0.000000 5.917656 45.364658
3.704936 0.472588 60.497368 352.212372 1662.223267
0.000000 0.656631 0.363758 0.000000 0.000000 0.000000
0.000000 0.000020 0.000016
0.515328 0.770000 0.000000
764.299377 0.000000
0.000000 0.000000 0.000000 0.000000
0.000000 4.651583
8 0.020000 0.540000 0.008000
0.483000 0.377000 0.726000 0.484000 1.370000 6.610000 0.770000 0.770000
274000.000000 96.599998 0.002410
1.073000 0.050000 0.116600
0.977946 0.681374 0.002652 0.000000
0.000000

0.000000 5.424761 41.759911
3.695909 0.474667 60.453255 351.618225 1662.106934
0.000000 0.629631 0.370699 0.000000 0.000000 0.000000
0.000000 0.000017 0.000014
0.549414 0.770000 0.000000
764.299377 0.000000
0.000000 0.000000 0.000000 0.000000
0.000000 4.582881
8 0.020000 0.560000 0.008000
0.483000 0.377000 0.726000 0.484000 1.370000 6.610000 0.770000 0.770000
274000.000000 96.599998 0.002410
1.073000 0.050000 0.116600
0.978674 0.607526 0.002364 0.000000
0.000000

0.000000 5.012284 38.590237
3.690887 0.477223 60.506714 351.363007 1661.934692
0.000000 0.667630 0.380700 0.000000 0.000000 0.000000
0.000000 0.000016 0.000013
0.583139 0.770000 0.000000
764.299377 0.000000
0.000000 0.000000 0.000000 0.000000
0.000000 4.460798
8 0.020000 0.580000 0.008000
0.483000 0.377000 0.726000 0.484000 1.370000 6.610000 0.770000 0.770000
274000.000000 96.599998 0.002410
1.073000 0.050000 0.116600
0.979582 0.593458 0.002309 0.000000
0.000000

0.000000 4.624541 35.703121
3.688427 0.480085 60.613018 351.335052 1661.736206
0.000000 0.685278 0.390922 0.000000 0.000000 0.000000
0.000000 0.000014 0.000011
0.616531 0.770000 0.000000
764.299377 0.000000
0.000000 0.000000 0.000000 0.000000
0.000000 4.391837
8 0.020000 0.600000 0.008000
0.483000 0.377000 0.726000 0.484000 1.370000 6.610000 0.770000 0.770000
274000.000000 96.599998 0.002410
1.073000 0.050000 0.116600
0.980547 0.589733 0.002294 0.000000
0.000000

0.000000 4.252847 33.047230
3.686153 0.482956 60.707420 351.335663 1661.575806
0.000000 0.604367 0.393882 0.000000 0.000000 0.000000
0.000000 0.000012 0.000009
0.649620 0.770000 0.000000
764.299377 0.000000
0.000000 0.000000 0.000000 0.000000
0.000000 4.352293
8 0.020000 0.620000 0.008000
0.483000 0.377000 0.726000 0.484000 1.370000 6.610000 0.770000 0.770000
274000.000000 96.599998 0.002410
1.073000 0.050000 0.116600
0.981422 0.587646 0.002286 0.000000
0.000000

0.000000 3.916709 30.660912
3.685679 0.486054 60.822182 351.512573 1661.434326
0.000000 0.598210 0.412750 0.000000 0.000000 0.000000
0.000000 0.000010 0.000008
0.682433 0.770000 0.000000
764.299377 0.000000
0.000000 0.000000 0.000000 0.000000
0.000000 4.324721
8 0.020000 0.640000 0.008000
0.483000 0.377000 0.726000 0.484000 1.370000 6.610000 0.770000 0.770000
274000.000000 96.599998 0.002410
1.073000 0.050000 0.116600
0.982340 0.584686 0.002274 0.000000
0.000000

0.000000 3.615719 28.522249
3.686924 0.489377 61.014271 351.800964 1661.251221
0.000000 0.939875 0.436051 0.000000 0.000000 0.000000
0.000000 0.000012 0.000010
0.715001 0.770000 0.000000
764.299377 0.000000
0.000000 0.000000 0.000000 0.000000
0.000000 4.297525
8 0.020000 0.660000 0.008000
0.483000 0.377000 0.726000 0.484000 1.370000 6.610000 0.770000 0.770000
274000.000000 96.599998 0.002410
1.073000 0.050000 0.116600
0.983301 0.582753 0.002267 0.000000
0.000000

0.000000 3.354316 26.652636
3.692957 0.493302 61.299511 352.564392 1661.025757
0.000000 0.743693 0.468108 0.000000 0.000000 0.000000
0.000000 0.000009 0.000007
0.746913 0.816362 0.000000
764.299377 0.000000
0.000000 0.000000 0.000000 0.000000
0.000000 4.385796
8 0.020000 0.680000 0.008000
0.483000 0.377000 0.726000 0.484000 1.370000 6.610000 0.770000 0.770000
274000.000000 96.599998 0.002410
1.073000 0.050000 0.116600
0.984533 0.587013 0.002421 0.000000
0.000000

0.000000 3.130884 25.015713
3.699920 0.497172 61.709778 353.554718 1660.732422
0.000000 0.756523 0.478839 0.000000 0.000000 0.000000
0.000000 0.000008 0.000007
0.776698 1.000000 0.000000
764.299377 0.000000
0.000000 0.000000 0.000000 0.000000
0.000000 4.490410
8 0.020000 0.700000 0.008000
0.483000 0.377000 0.726000 0.484000 1.370000 6.610000 0.770000 0.770000
274000.000000 96.599998 0.002410
1.073000 0.050000 0.116600
0.985929 0.583239 0.002946 0.000000
0.000000

0.000000 2.948319 23.618629
3.714317 0.501941 62.232441 354.936401 1660.417603
0.000000 0.483549 0.453702 0.000000 0.000000 0.000000
0.000000 0.000005 0.000004
0.804940 1.000000 0.000000
764.299377 0.000000
0.000000 0.000000 0.000000 0.000000
0.000000 4.349615
8 0.020000 0.720000 0.008000
0.483000 0.377000 0.726000 0.484000 1.370000 6.610000 0.770000 0.770000
274000.000000 96.599998 0.002410
1.073000 0.050000 0.116600
0.987566 0.584130 0.002951 0.000000
0.000000

0.000000 2.855544 20.229914
2.362777 0.321104 39.888432 225.632919 1029.807373
0.000000 0.420285 0.323808 0.000000 0.000000 0.000000
0.000000 0.000004 0.000004
0.832992 1.000000 0.000000
764.299377 0.000000
0.000000 0.000000 0.000000 0.000000
0.000000 3.175134
8 0.020000 0.740000 0.005000
0.486000 0.396000 0.726000 0.501000 1.360000 6.610000 0.785000 0.785000
272000.000000 96.599998 0.003000
1.073000 0.050000 0.116600
0.615508 0.376491 0.001926 0.000000
0.000000

0.000000 2.683356 19.033211
2.373161 0.324342 40.148571 226.727722 1029.505249
0.000000 0.407894 0.331490 0.000000 0.000000 0.000000
0.000000 0.000004 0.000003
0.860881 1.000000 0.000000
764.299377 0.000000
0.000000 0.000000 0.000000 0.000000
0.000000 3.075486
8 0.020000 0.760000 0.005000
0.486000 0.396000 0.726000 0.501000 1.360000 6.610000 0.785000 0.785000
272000.000000 96.599998 0.003000
1.073000 0.050000 0.116600
0.616695 0.363331 0.001858 0.000000
0.000000

0.000000 2.526062 17.966574
2.384227 0.327702 40.483543 227.826279 1029.263062
0.000000 0.435592 0.345252 0.000000 0.000000 0.000000
0.000000 0.000004 0.000003
0.888673 1.000000 0.000000
764.299377 0.000000
0.000000 0.000000 0.000000 0.000000
0.000000 2.986163
8 0.020000 0.780000 0.005000
0.486000 0.396000 0.726000 0.501000 1.360000 6.610000 0.785000 0.785000
272000.000000 96.599998 0.003000
1.073000 0.050000 0.116600
0.617880 0.362253 0.001853 0.000000
0.000000

0.000000 2.240184 16.783260
2.396723 0.331292 40.802383 229.107697 1028.942505
0.000000 0.497419 0.363089 0.000000 0.000000 0.000000
0.000000 0.000003 0.000003
0.916394 1.000000 0.000000
764.299377 0.000000
0.000000 0.000000 0.000000 0.000000
0.000000 2.902550
8 0.020000 0.800000 0.005000
0.486000 0.396000 0.726000 0.501000 1.360000 6.610000 0.785000 0.785000
272000.000000 96.599998 0.003000
1.073000 0.050000 0.116600
0.619249 0.358048 0.001831 0.000000
0.000000

0.000000 1.646205 13.409108
2.414212 0.335613 41.208324 230.880768 1028.598511
0.000000 0.600673 0.384833 0.000000 0.000000 0.000000
0.000000 0.000003 0.000003
0.944064 1.000000 0.000000
764.299377 0.000000
0.000000 0.000000 0.000000 0.000000
0.000000 2.905801
8 0.020000 0.820000 0.005000
0.486000 0.396000 0.726000 0.501000 1.360000 6.610000 0.785000 0.785000
272000.000000 96.599998 0.003000
1.073000 0.050000 0.116600
0.620824 0.354331 0.001812 0.000000
0.000000

0.000000 1.567669 12.956515
2.430530 0.339812 41.622101 232.500137 1028.306763
0.000000 0.700571 0.405021 0.000000 0.000000 0.000000
0.000000 0.000003 0.000003
0.971707 1.000000 0.000000
764.299377 0.000000
0.000000 0.000000 0.000000 0.000000
0.000000 2.851363
8 0.020000 0.840000 0.005000
0.486000 0.396000 0.726000 0.501000 1.360000 6.610000 0.785000 0.785000
272000.000000 96.599998 0.003000
1.073000 0.050000 0.116600
0.622204 0.352050 0.001801 0.000000
0.000000

0.000000 1.366823 12.288830
2.441116 0.343248 41.918266 233.596741 1028.061523
0.000000 0.716188 0.416868 0.000000 0.000000 0.000000
0.000000 0.000003 0.000002
0.999342 1.000000 0.000000
764.299377 0.000000
0.000000 0.000000 0.000000 0.000000
0.000000 2.807992
8 0.020000 0.860000 0.005000
0.486000 0.396000 0.726000 0.501000 1.360000 6.610000 0.785000 0.785000
272000.000000 96.599998 0.003000
1.073000 0.050000 0.116600
0.623298 0.351815 0.001799 0.000000
0.000000

0.000000 1.289166 11.863543
2.449793 0.346449 42.184376 234.508575 1027.906738
0.000000 0.628874 0.418922 0.000000 0.000000 0.000000
0.000000 0.000002 0.000002
1.026989 1.000000 0.000000
764.299377 0.000000
0.000000 0.000000 0.000000 0.000000
0.000000 2.782692
8 0.020000 0.880000 0.005000
0.486000 0.396000 0.726000 0.501000 1.360000 6.610000 0.785000 0.785000
272000.000000 96.599998 0.003000
1.073000 0.050000 0.116600
0.624119 0.348615 0.001783 0.000000
0.000000

0.000000 1.210018 11.465898
2.457393 0.349530 42.396030 235.356384 1027.764282
0.000000 0.494504 0.412222 0.000000 0.000000 0.000000
0.000000 0.000002 0.000002
1.054665 1.000000 0.000000
764.299377 0.000000
0.000000 0.000000 0.000000 0.000000
0.000000 2.734924
8 0.020000 0.900000 0.005000
0.486000 0.396000 0.726000 0.501000 1.360000 6.610000 0.785000 0.785000
272000.000000 96.599998 0.003000
1.073000 0.050000 0.116600
0.624858 0.347884 0.001779 0.000000
0.000000

0.000000 0.914882 10.288045
2.467635 0.353021 42.655846 236.464066 1027.527100
0.000000 0.416349 0.409428 0.000000 0.000000 0.000000
0.000000 0.000001 0.000001
1.082387 1.000000 0.000000
764.299377 0.000000
0.000000 0.000000 0.000000 0.000000
0.000000 2.712354
8 0.020000 0.920000 0.005000
0.486000 0.396000 0.726000 0.501000 1.360000 6.610000 0.785000 0.785000
272000.000000 96.599998 0.003000
1.073000 0.050000 0.116600
0.625871 0.348920 0.001785 0.000000
0.000000

0.000000 0.878569 5.262252
0.508477 0.073162 8.808363 48.726540 205.478271
0.000000 0.697490 0.145116 0.000000 0.000000 0.000000
0.000000 0.000002 0.000002
1.110168 1.000000 0.000000
764.299377 0.000000
0.000000 0.000000 0.000000 0.000000
0.000000 1.381212
8 0.020000 0.940000 0.001000
0.486000 0.396000 0.726000 0.501000 1.360000 6.610000 0.785000 0.785000
272000.000000 96.599998 0.003000
1.073000 0.050000 0.116600
0.125396 0.076310 0.000390 0.000000
0.000000

0.000000 0.860328 5.007969
0.510593 0.073896 8.889599 48.928421 205.422897
0.000000 0.697732 0.175847 0.000000 0.000000 0.000000
0.000000 0.000002 0.000001
1.138024 1.000000 0.000000
764.299377 0.000000
0.000000 0.000000 0.000000 0.000000
0.000000 1.198048
8 0.020000 0.960000 0.001000
0.486000 0.396000 0.726000 0.501000 1.360000 6.610000 0.785000 0.785000
272000.000000 96.599998 0.003000
1.073000 0.050000 0.116600
0.125652 0.070766 0.000361 0.000000
0.000000

0.000000 0.873259 4.826190
0.513909 0.074811 9.000671 49.236454 205.346420
0.000000 0.536718 0.215202 0.000000 0.000000 0.000000
0.000000 0.000001 0.000001
1.165964 1.000000 0.000000
764.299377 0.000000
0.000000 0.000000 0.000000 0.000000
0.000000 1.123192
8 0.020000 0.980000 0.001000
0.486000 0.396000 0.726000 0.501000 1.360000 6.610000 0.785000 0.785000
272000.000000 96.599998 0.003000
1.073000 0.050000 0.116600
0.125984 0.068951 0.000352 0.000000
0.000000

0.000000 0.848262 4.617200
0.518933 0.075986 9.129052 49.722527 205.242584
0.000000 0.327626 0.203992 0.000000 0.000000 0.000000
0.000000 0.000001 0.000001
1.193999 1.000000 0.000000
764.299377 0.000000
0.000000 0.000000 0.000000 0.000000
0.000000 1.005409
8 0.020000 1.000000 0.001000
0.486000 0.396000 0.726000 0.501000 1.360000 6.610000 0.785000 0.785000
272000.000000 96.599998 0.003000
1.073000 0.050000 0.116600
0.126468 0.068363 0.000349 0.000000
0.000000

0.000000 0.797418 4.382738
0.519930 0.076580 9.155636 49.854954 205.211533
0.000000 0.180187 0.187416 0.000000 0.000000 0.000000
0.000000 0.000000 0.000000
1.222139 1.000000 0.000000
764.299377 0.000000
0.000000 0.000000 0.000000 0.000000
0.000000 0.982846
8 0.020000 1.020000 0.001000
0.486000 0.396000 0.726000 0.501000 1.360000 6.610000 0.785000 0.785000
272000.000000 96.599998 0.003000
1.073000 0.050000 0.116600
0.126605 0.067952 0.000347 0.000000
0.000000

0.000000 0.749354 4.154730
0.519873 0.077024 9.163024 49.887253 205.193405
0.000000 0.103624 0.172033 0.000000 0.000000 0.000000
0.000000 0.000000 0.000000
1.250390 1.000000 0.000000
764.299377 0.000000
0.000000 0.000000 0.000000 0.000000
0.000000 0.998568
8 0.020000 1.040000 0.001000
0.486000 0.396000 0.726000 0.501000 1.360000 6.610000 0.785000 0.785000
272000.000000 96.599998 0.003000
1.073000 0.050000 0.116600
0.126671 0.067860 0.000347 0.000000
0.000000

0.000000 0.637843 3.845145
0.518487 0.077273 9.146894 49.793667 205.189590
0.000000 0.066758 0.159303 0.000000 0.000000 0.000000
0.000000 0.000000 0.000000
1.278757 1.000000 0.000000
764.299377 0.000000
0.000000 0.000000 0.000000 0.000000
0.000000 0.979369
8 0.020000 1.060000 0.001000
0.486000 0.396000 0.726000 0.501000 1.360000 6.610000 0.785000 0.785000
272000.000000 96.599998 0.003000
1.073000 0.050000 0.116600
0.126683 0.067782 0.000346 0.000000
0.000000

0.000000 0.589309 3.646493
0.517788 0.077627 9.143435 49.764225 205.187378
0.000000 0.045994 0.147985 0.000000 0.000000 0.000000
0.000000 0.000000 0.000000
1.307247 1.000000 0.000000
764.299377 0.000000
0.000000 0.000000 0.000000 0.000000
0.000000 1.001378
8 0.020000 1.080000 0.001000
0.486000 0.396000 0.726000 0.501000 1.360000 6.610000 0.785000 0.785000
272000.000000 96.599998 0.003000
1.073000 0.050000 0.116600
0.126697 0.068057 0.000348 0.000000
0.000000

0.000000 0.544794 3.465885
0.517099 0.077984 9.139163 49.736858 205.187012
0.000000 0.031953 0.137067 0.000000 0.000000 0.000000
0.000000 0.000000 0.000000
1.335861 1.000000 0.000000
764.299377 0.000000
0.000000 0.000000 0.000000 0.000000
0.000000 0.982777
8 0.020000 1.100000 0.001000
0.486000 0.396000 0.726000 0.501000 1.360000 6.610000 0.785000 0.785000
272000.000000 96.599998 0.003000
1.073000 0.050000 0.116600
0.126709 0.067747 0.000346 0.000000
0.000000

0.000000 0.504637 3.302930
0.516456 0.078350 9.136922 49.712860 205.186752
0.000000 0.021852 0.126399 0.000000 0.000000 0.000000
0.000000 0.000000 0.000000
1.364603 1.000000 0.000000
764.299377 0.000000
0.000000 0.000000 0.000000 0.000000
0.000000 0.984935
8 0.020000 1.120000 0.001000
0.486000 0.396000 0.726000 0.501000 1.360000 6.610000 0.785000 0.785000
272000.000000 96.599998 0.003000
1.073000 0.050000 0.116600
0.126717 0.067712 0.000346 0.000000
0.000000

0.000000 0.467842 3.155073
0.515837 0.078722 9.133859 49.692455 205.187027
0.000000 0.014813 0.116764 0.000000 0.000000 0.000000
0.000000 0.000000 0.000000
1.393472 1.000000 0.000000
764.299377 0.000000
0.000000 0.000000 0.000000 0.000000
0.000000 0.971452
8 0.020000 1.140000 0.001000
0.486000 0.396000 0.726000 0.501000 1.360000 6.610000 0.785000 0.785000
272000.000000 96.599998 0.003000
1.073000 0.050000 0.116600
0.126728 0.067916 0.000347 0.000000
0.000000

0.000000 0.405192 2.974132
0.514933 0.079052 9.127044 49.643959 205.185226
0.000000 0.010211 0.109248 0.000000 0.000000 0.000000
0.000000 0.000000 0.000000
1.422469 1.000000 0.000000
764.299377 0.000000
0.000000 0.000000 0.000000 0.000000
0.000000 0.977241
8 0.020000 1.160000 0.001000
0.486000 0.396000 0.726000 0.501000 1.360000 6.610000 0.785000 0.785000
272000.000000 96.599998 0.003000
1.073000 0.050000 0.116600
0.126739 0.067890 0.000347 0.000000
0.000000

0.000000 0.377684 2.858292
0.514434 0.079446 9.126134 49.635284 205.184967
0.000000 0.007338 0.104121 0.000000 0.000000 0.000000
0.000000 0.000000 0.000000
1.451592 1.000000 0.000000
764.299377 0.000000
0.000000 0.000000 0.000000 0.000000
0.000000 0.964464
8 0.020000 1.180000 0.001000
0.486000 0.396000 0.726000 0.501000 1.360000 6.610000 0.785000 0.785000
272000.000000 96.599998 0.003000
1.073000 0.050000 0.116600
0.126752 0.067691 0.000346 0.000000
0.000000

0.000000 0.352775 2.753377
0.513930 0.079841 9.126307 49.624973 205.185104
0.000000 0.005636 0.101532 0.000000 0.000000 0.000000
0.000000 0.000000 0.000000
1.480839 1.000000 0.000000
764.299377 0.000000
0.000000 0.000000 0.000000 0.000000
0.000000 0.982009
8 0.020000 1.200000 0.001000
0.486000 0.396000 0.726000 0.501000 1.360000 6.610000 0.785000 0.785000
272000.000000 96.599998 0.003000
1.073000 0.050000 0.116600
0.126761 0.067624 0.000345 0.000000
0.000000

0.000000 0.330270 2.659008
0.513475 0.080246 9.126153 49.620792 205.183411
0.000000 0.004673 0.100938 0.000000 0.000000 0.000000
0.000000 0.000000 0.000000
1.510207 1.000000 0.000000
764.299377 0.000000
0.000000 0.000000 0.000000 0.000000
0.000000 0.956132
8 0.020000 1.220000 0.001000
0.486000 0.396000 0.726000 0.501000 1.360000 6.610000 0.785000 0.785000
272000.000000 96.599998 0.003000
1.073000 0.050000 0.116600
0.126773 0.067593 0.000345 0.000000
0.000000

0.000000 0.291538 2.542363
0.512802 0.080618 9.123193 49.594837 205.181076
0.000000 0.004163 0.101669 0.000000 0.000000 0.000000
0.000000 0.000000 0.000000
1.539693 1.000000 0.000000
764.299377 0.000000
0.000000 0.000000 0.000000 0.000000
0.000000 0.958675
8 0.020000 1.240000 0.001000
0.486000 0.396000 0.726000 0.501000 1.360000 6.610000 0.785000 0.785000
272000.000000 96.599998 0.003000
1.073000 0.050000 0.116600
0.126783 0.067576 0.000345 0.000000
0.000000

0.000000 0.274766 2.468437
0.512398 0.081033 9.124447 49.595161 205.180405
0.000000 0.003935 0.103322 0.000000 0.000000 0.000000
0.000000 0.000000 0.000000
1.569292 1.000000 0.000000
764.299377 0.000000
0.000000 0.000000 0.000000 0.000000
0.000000 0.975933
8 0.020000 1.260000 0.001000
0.486000 0.396000 0.726000 0.501000 1.360000 6.610000 0.785000 0.785000
272000.000000 96.599998 0.003000
1.073000 0.050000 0.116600
0.126795 0.067539 0.000345 0.000000
0.000000

0.000000 0.259411 2.401536
0.512003 0.081451 9.125366 49.596832 205.179977
0.000000 0.003888 0.105532 0.000000 0.000000 0.000000
0.000000 0.000000 0.000000
1.598998 1.000000 0.000000
764.299377 0.000000
0.000000 0.000000 0.000000 0.000000
0.000000 0.969722
8 0.020000 1.280000 0.001000
0.486000 0.396000 0.726000 0.501000 1.360000 6.610000 0.785000 0.785000
272000.000000 96.599998 0.003000
1.073000 0.050000 0.116600
0.126805 0.069536 0.000355 0.000000
0.000000

0.000000 0.245732 2.341630
0.511632 0.081874 9.127881 49.599850 205.178253
0.000000 0.003956 0.108022 0.000000 0.000000 0.000000
0.000000 0.000000 0.000000
1.628807 1.000000 0.000000
764.299377 0.000000
0.000000 0.000000 0.000000 0.000000
0.000000 0.957506
8 0.020000 1.300000 0.001000
0.486000 0.396000 0.726000 0.501000 1.360000 6.610000 0.785000 0.785000
272000.000000 96.599998 0.003000
1.073000 0.050000 0.116600
0.126813 0.067713 0.000346 0.000000
0.000000

0.000000 0.233151 2.287263
0.511260 0.082298 9.129178 49.604053 205.178207
0.000000 0.004099 0.110744 0.000000 0.000000 0.000000
0.000000 0.000000 0.000000
1.658710 1.000000 0.000000
764.299377 0.000000
0.000000 0.000000 0.000000 0.000000
0.000000 0.954442
8 0.020000 1.320000 0.001000
0.486000 0.396000 0.726000 0.501000 1.360000 6.610000 0.785000 0.785000
272000.000000 96.599998 0.003000
1.073000 0.050000 0.116600
0.126824 0.067958 0.000347 0.000000
0.000000

0.000000 0.211449 2.219652
0.510759 0.082702 9.128920 49.595242 205.176056
0.000000 0.004293 0.113568 0.000000 0.000000 0.000000
0.000000 0.000000 0.000000
1.688703 1.000000 0.000000
764.299377 0.000000
0.000000 0.000000 0.000000 0.000000
0.000000 0.967323
8 0.020000 1.340000 0.001000
0.486000 0.396000 0.726000 0.501000 1.360000 6.610000 0.785000 0.785000
272000.000000 96.599998 0.003000
1.073000 0.050000 0.116600
0.126835 0.067786 0.000346 0.000000
0.000000

0.000000 0.202136 2.177144
0.510404 0.083131 9.131501 49.600109 205.175720
0.000000 0.004507 0.116247 0.000000 0.000000 0.000000
0.000000 0.000000 0.000000
1.718778 1.000000 0.000000
764.299377 0.000000
0.000000 0.000000 0.000000 0.000000
0.000000 0.952868
8 0.020000 1.360000 0.001000
0.486000 0.396000 0.726000 0.501000 1.360000 6.610000 0.785000 0.785000
272000.000000 96.599998 0.003000
1.073000 0.050000 0.116600
0.126844 0.067686 0.000346 0.000000
0.000000

0.000000 0.193746 2.139061
0.510064 0.083562 9.133358 49.607445 205.175964
0.000000 0.004739 0.119036 0.000000 0.000000 0.000000
0.000000 0.000000 0.000000
1.748929 1.000000 0.000000
764.299377 0.000000
0.000000 0.000000 0.000000 0.000000
0.000000 0.938811
8 0.020000 1.380000 0.001000
0.486000 0.396000 0.726000 0.501000 1.360000 6.610000 0.785000 0.785000
272000.000000 96.599998 0.003000
1.073000 0.050000 0.116600
0.126854 0.067655 0.000346 0.000000
0.000000

0.000000 0.186220 2.104996
0.509734 0.083995 9.136548 49.614620 205.176498
0.000000 0.004953 0.121456 0.000000 0.000000 0.000000
0.000000 0.000000 0.000000
1.779146 1.000000 0.000000
764.299377 0.000000
0.000000 0.000000 0.000000 0.000000
0.000000 0.942098
8 0.020000 1.400000 0.001000
0.486000 0.396000 0.726000 0.501000 1.360000 6.610000 0.785000 0.785000
272000.000000 96.599998 0.003000
1.073000 0.050000 0.116600
0.126864 0.067652 0.000345 0.000000
0.000000

0.000000 0.179331 2.074117
0.509401 0.084429 9.138558 49.622696 205.176651
0.000000 0.005159 0.123942 0.000000 0.000000 0.000000
0.000000 0.000000 0.000000
1.809424 1.000000 0.000000
764.299377 0.000000
0.000000 0.000000 0.000000 0.000000
0.000000 0.940257
8 0.020000 1.420000 0.001000
0.486000 0.396000 0.726000 0.501000 1.360000 6.610000 0.785000 0.785000
272000.000000 96.599998 0.003000
1.073000 0.050000 0.116600
0.126872 0.067618 0.000345 0.000000
0.000000

0.000000 0.167368 2.035595
0.508991 0.084849 9.139679 49.622925 205.175491
0.000000 0.005343 0.126240 0.000000 0.000000 0.000000
0.000000 0.000000 0.000000
1.839754 1.000000 0.000000
764.299377 0.000000
0.000000 0.000000 0.000000 0.000000
0.000000 0.932706
8 0.020000 1.440000 0.001000
0.486000 0.396000 0.726000 0.501000 1.360000 6.610000 0.785000 0.785000
272000.000000 96.599998 0.003000
1.073000 0.050000 0.116600
0.126881 0.067650 0.000345 0.000000
0.000000

0.000000 0.162354 2.011880
0.508680 0.085286 9.142964 49.632107 205.175446
0.000000 0.005515 0.128503 0.000000 0.000000 0.000000
0.000000 0.000000 0.000000
1.870128 1.000000 0.000000
764.299377 0.000000
0.000000 0.000000 0.000000 0.000000
0.000000 0.986169
8 0.020000 1.460000 0.001000
0.486000 0.396000 0.726000 0.501000 1.360000 6.610000 0.785000 0.785000
272000.000000 96.599998 0.003000
1.073000 0.050000 0.116600
0.126890 0.067662 0.000346 0.000000
0.000000

0.000000 0.157824 1.990703
0.508373 0.085724 9.145387 49.642761 205.175064
0.000000 0.005672 0.130679 0.000000 0.000000 0.000000
0.000000 0.000000 0.000000
1.900539 1.000000 0.000000
764.299377 0.000000
0.000000 0.000000 0.000000 0.000000
0.000000 0.953000
8 0.020000 1.480000 0.001000
0.486000 0.396000 0.726000 0.501000 1.360000 6.610000 0.785000 0.785000
272000.000000 96.599998 0.003000
1.073000 0.050000 0.116600
0.126900 0.068186 0.000348 0.000000
0.000000

0.000000 0.153699 1.971185
0.508038 0.086157 9.148408 49.649483 205.176132
0.000000 0.005813 0.132716 0.000000 0.000000 0.000000
0.000000 0.000000 0.000000
1.930979 1.000000 0.000000
764.299377 0.000000
0.000000 0.000000 0.000000 0.000000
0.000000 0.942344
8 0.020000 1.500000 0.001000
0.486000 0.396000 0.726000 0.501000 1.360000 6.610000 0.785000 0.785000
272000.000000 96.599998 0.003000
1.073000 0.050000 0.116600
0.126907 0.067728 0.000346 0.000000
0.000000

0.000000 0.118736 1.784425
0.507598 0.086572 9.148552 49.648010 205.175842
0.000000 0.006213 0.138225 0.000000 0.000000 0.000000
0.000000 0.000000 0.000000
1.961440 1.000000 0.000000
764.299377 0.000000
0.000000 0.000000 0.000000 0.000000
0.000000 0.927690
8 0.020000 1.520000 0.001000
0.486000 0.396000 0.726000 0.501000 1.360000 6.610000 0.785000 0.785000
272000.000000 96.599998 0.003000
1.073000 0.050000 0.116600
0.126914 0.067639 0.000345 0.000000
0.000000

0.000000 0.118353 1.784921
0.507280 0.087006 9.151216 49.656784 205.177078
0.000000 0.006473 0.140272 0.000000 0.000000 0.000000
0.000000 0.000000 0.000000
1.991916 1.000000 0.000000
764.299377 0.000000
0.000000 0.000000 0.000000 0.000000
0.000000 0.959943
8 0.020000 1.540000 0.001000
0.486000 0.396000 0.726000 0.501000 1.360000 6.610000 0.785000 0.785000
272000.000000 96.599998 0.003000
1.073000 0.050000 0.116600
0.126922 0.067687 0.000346 0.000000
0.000000

0.000000 0.115093 1.779661
0.506918 0.087433 9.153532 49.660873 205.177765
0.000000 0.006703 0.142302 0.000000 0.000000 0.000000
0.000000 0.000000 0.000000
2.022398 1.000000 0.000000
764.299377 0.000000
0.000000 0.000000 0.000000 0.000000
0.000000 0.936217
8 0.020000 1.560000 0.001000
0.486000 0.396000 0.726000 0.501000 1.360000 6.610000 0.785000 0.785000
272000.000000 96.599998 0.003000
1.073000 0.050000 0.116600
0.126930 0.067616 0.000345 0.000000
0.000000

0.000000 0.115075 1.780820
0.506601 0.087866 9.155612 49.670147 205.179276
0.000000 0.006880 0.144210 0.000000 0.000000 0.000000
0.000000 0.000000 0.000000
2.052880 1.000000 0.000000
764.299377 0.000000
0.000000 0.000000 0.000000 0.000000
0.000000 0.937327
8 0.020000 1.580000 0.001000
0.486000 0.396000 0.726000 0.501000 1.360000 6.610000 0.785000 0.785000
272000.000000 96.599998 0.003000
1.073000 0.050000 0.116600
0.126936 0.067632 0.000345 0.000000
0.000000

0.000000 0.115153 1.782615
0.506312 0.088303 9.158738 49.681618 205.178467
0.000000 0.007007 0.145995 0.000000 0.000000 0.000000
0.000000 0.000000 0.000000
2.083354 1.000000 0.000000
764.299377 0.000000
0.000000 0.000000 0.000000 0.000000
0.000000 0.937757
8 0.020000 1.600000 0.001000
0.486000 0.396000 0.726000 0.501000 1.360000 6.610000 0.785000 0.785000
272000.000000 96.599998 0.003000
1.073000 0.050000 0.116600
0.126944 0.067662 0.000346 0.000000
0.000000

0.000000 0.115232 1.784036
0.506002 0.088736 9.161891 49.690594 205.179001
0.000000 0.007097 0.147582 0.000000 0.000000 0.000000
0.000000 0.000000 0.000000
2.113813 1.000000 0.000000
764.299377 0.000000
0.000000 0.000000 0.000000 0.000000
0.000000 0.928380
8 0.020000 1.620000 0.001000
0.486000 0.396000 0.726000 0.501000 1.360000 6.610000 0.785000 0.785000
272000.000000 96.599998 0.003000
1.073000 0.050000 0.116600
0.126951 0.068182 0.000348 0.000000
0.000000

0.000000 0.115299 1.785643
0.505703 0.089170 9.164091 49.701538 205.179749
0.000000 0.007175 0.149255 0.000000 0.000000 0.000000
0.000000 0.000000 0.000000
2.144252 1.000000 0.000000
764.299377 0.000000
0.000000 0.000000 0.000000 0.000000
0.000000 0.941378
8 0.020000 1.640000 0.001000
0.486000 0.396000 0.726000 0.501000 1.360000 6.610000 0.785000 0.785000
272000.000000 96.599998 0.003000
1.073000 0.050000 0.116600
0.126959 0.067670 0.000346 0.000000
0.000000

0.000000 0.115411 1.787321
0.505403 0.089602 9.166899 49.711731 205.180130
0.000000 0.007232 0.150812 0.000000 0.000000 0.000000
0.000000 0.000000 0.000000
2.174663 1.000000 0.000000
764.299377 0.000000
0.000000 0.000000 0.000000 0.000000
0.000000 0.929895
8 0.020000 1.660000 0.001000
0.486000 0.396000 0.726000 0.501000 1.360000 6.610000 0.785000 0.785000
272000.000000 96.599998 0.003000
1.073000 0.050000 0.116600
0.126965 0.067682 0.000346 0.000000
0.000000

0.000000 0.113995 1.785790
0.505084 0.090030 9.169335 49.719959 205.181000
0.000000 0.007277 0.152313 0.000000 0.000000 0.000000
0.000000 0.000000 0.000000
2.205043 1.000000 0.000000
764.299377 0.000000
0.000000 0.000000 0.000000 0.000000
0.000000 0.921314
8 0.020000 1.680000 0.001000
0.486000 0.396000 0.726000 0.501000 1.360000 6.610000 0.785000 0.785000
272000.000000 96.599998 0.003000
1.073000 0.050000 0.116600
0.126973 0.067646 0.000345 0.000000
0.000000

0.000000 0.114195 1.789433
0.504879 0.090476 9.173642 49.739483 205.180618
0.000000 0.007350 0.153955 0.000000 0.000000 0.000000
0.000000 0.000000 0.000000
2.235383 1.000000 0.000000
764.299377 0.000000
0.000000 0.000000 0.000000 0.000000
0.000000 0.945966
8 0.020000 1.700000 0.001000
0.486000 0.396000 0.726000 0.501000 1.360000 6.610000 0.785000 0.785000
272000.000000 96.599998 0.003000
1.073000 0.050000 0.116600
0.126988 0.067649 0.000345 0.000000
0.000000

0.000000 0.114516 1.791859
0.504606 0.090909 9.176737 49.752178 205.180389
0.000000 0.007494 0.155740 0.000000 0.000000 0.000000
0.000000 0.000000 0.000000
2.265680 1.000000 0.000000
764.299377 0.000000
0.000000 0.000000 0.000000 0.000000
0.000000 0.931759
8 0.020000 1.720000 0.001000
0.486000 0.396000 0.726000 0.501000 1.360000 6.610000 0.785000 0.785000
272000.000000 96.599998 0.003000
1.073000 0.050000 0.116600
0.126995 0.067646 0.000345 0.000000
0.000000

0.000000 0.114828 1.794369
0.504337 0.091342 9.179805 49.765167 205.180740
0.000000 0.007691 0.157689 0.000000 0.000000 0.000000
0.000000 0.000000 0.000000
2.295929 1.000000 0.000000
764.299377 0.000000
0.000000 0.000000 0.000000 0.000000
0.000000 0.916935
8 0.020000 1.740000 0.001000
0.486000 0.396000 0.726000 0.501000 1.360000 6.610000 0.785000 0.785000
272000.000000 96.599998 0.003000
1.073000 0.050000 0.116600
0.127004 0.067630 0.000345 0.000000
0.000000

0.000000 0.115197 1.797205
0.504087 0.091776 9.183688 49.779343 205.180069
0.000000 0.007913 0.159668 0.000000 0.000000 0.000000
0.000000 0.000000 0.000000
2.326124 1.000000 0.000000
764.299377 0.000000
0.000000 0.000000 0.000000 0.000000
0.000000 0.913023
8 0.020000 1.760000 0.001000
0.486000 0.396000 0.726000 0.501000 1.360000 6.610000 0.785000 0.785000
272000.000000 96.599998 0.003000
1.073000 0.050000 0.116600
0.127013 0.067606 0.000345 0.000000
0.000000

0.000000 0.115507 1.799882
0.503827 0.092207 9.185925 49.793926 205.179672
0.000000 0.008170 0.161678 0.000000 0.000000 0.000000
0.000000 0.000000 0.000000
2.356262 1.000000 0.000000
764.299377 0.000000
0.000000 0.000000 0.000000 0.000000
0.000000 0.954546
8 0.020000 1.780000 0.001000
0.486000 0.396000 0.726000 0.501000 1.360000 6.610000 0.785000 0.785000
272000.000000 96.599998 0.003000
1.073000 0.050000 0.116600
0.127026 0.067650 0.000345 0.000000
0.000000

0.000000 0.115819 1.802509
0.503567 0.092636 9.187988 49.808498 205.180603
0.000000 0.008429 0.163626 0.000000 0.000000 0.000000
0.000000 0.000000 0.000000
2.386338 1.000000 0.000000
764.299377 0.000000
0.000000 0.000000 0.000000 0.000000
0.000000 0.925509
8 0.020000 1.800000 0.001000
0.486000 0.396000 0.726000 0.501000 1.360000 6.610000 0.785000 0.785000
272000.000000 96.599998 0.003000
1.073000 0.050000 0.116600
0.127033 0.067596 0.000345 0.000000
0.000000

0.000000 0.115833 1.804519
0.503307 0.093064 9.191582 49.821426 205.181290
0.000000 0.008580 0.165300 0.000000 0.000000 0.000000
0.000000 0.000000 0.000000
2.416350 1.000000 0.000000
764.299377 0.000000
0.000000 0.000000 0.000000 0.000000
0.000000 0.923792
8 0.020000 1.820000 0.001000
0.486000 0.396000 0.726000 0.501000 1.360000 6.610000 0.785000 0.785000
272000.000000 96.599998 0.003000
1.073000 0.050000 0.116600
0.127040 0.067604 0.000345 0.000000
0.000000

0.000000 0.116226 1.807030
0.503040 0.093488 9.194185 49.834248 205.181473
0.000000 0.008556 0.166735 0.000000 0.000000 0.000000
0.000000 0.000000 0.000000
2.446294 1.000000 0.000000
764.299377 0.000000
0.000000 0.000000 0.000000 0.000000
0.000000 0.920948
8 0.020000 1.840000 0.001000
0.486000 0.396000 0.726000 0.501000 1.360000 6.610000 0.785000 0.785000
272000.000000 96.599998 0.003000
1.073000 0.050000 0.116600
0.127051 0.067580 0.000345 0.000000
0.000000

0.000000 0.116572 1.809458
0.502771 0.093910 9.197068 49.846451 205.180908
0.000000 0.008377 0.167899 0.000000 0.000000 0.000000
0.000000 0.000000 0.000000
2.476168 1.000000 0.000000
764.299377 0.000000
0.000000 0.000000 0.000000 0.000000
0.000000 0.919378
8 0.020000 1.860000 0.001000
0.486000 0.396000 0.726000 0.501000 1.360000 6.610000 0.785000 0.785000
272000.000000 96.599998 0.003000
1.073000 0.050000 0.116600
0.127058 0.067559 0.000345 0.000000
0.000000

0.000000 0.116973 1.811989
0.502506 0.094332 9.200283 49.858608 205.180130
0.000000 0.008138 0.169009 0.000000 0.000000 0.000000
0.000000 0.000000 0.000000
2.505968 1.000000 0.000000
764.299377 0.000000
0.000000 0.000000 0.000000 0.000000
0.000000 0.916717
8 0.020000 1.880000 0.001000
0.486000 0.396000 0.726000 0.501000 1.360000 6.610000 0.785000 0.785000
272000.000000 96.599998 0.003000
1.073000 0.050000 0.116600
0.127066 0.067574 0.000345 0.000000
0.000000

0.000000 0.117306 1.814163
0.502224 0.094748 9.203153 49.868935 205.180267
0.000000 0.007923 0.170206 0.000000 0.000000 0.000000
0.000000 0.000000 0.000000
2.535694 1.000000 0.000000
764.299377 0.000000
0.000000 0.000000 0.000000 0.000000
0.000000 0.922774
8 0.020000 1.900000 0.001000
0.486000 0.396000 0.726000 0.501000 1.360000 6.610000 0.785000 0.785000
272000.000000 96.599998 0.003000
1.073000 0.050000 0.116600
0.127075 0.067577 0.000345 0.000000
0.000000

0.000000 0.117707 1.816736
0.501966 0.095167 9.206417 49.881493 205.179733
0.000000 0.007769 0.171479 0.000000 0.000000 0.000000
0.000000 0.000000 0.000000
2.565343 1.000000 0.000000
764.299377 0.000000
0.000000 0.000000 0.000000 0.000000
0.000000 0.919321
8 0.020000 1.920000 0.001000
0.486000 0.396000 0.726000 0.501000 1.360000 6.610000 0.785000 0.785000
272000.000000 96.599998 0.003000
1.073000 0.050000 0.116600
0.127080 0.067572 0.000345 0.000000
0.000000

0.000000 0.118066 1.819592
0.501724 0.095586 9.209943 49.895451 205.179291
0.000000 0.007681 0.172937 0.000000 0.000000 0.000000
0.000000 0.000000 0.000000
2.594914 1.000000 0.000000
764.299377 0.000000
0.000000 0.000000 0.000000 0.000000
0.000000 0.914507
8 0.020000 1.940000 0.001000
0.486000 0.396000 0.726000 0.501000 1.360000 6.610000 0.785000 0.785000
272000.000000 96.599998 0.003000
1.073000 0.050000 0.116600
0.127094 0.067540 0.000345 0.000000
0.000000

0.000000 0.118452 1.823378
0.501533 0.096014 9.214362 49.914341 205.178497
0.000000 0.007641 0.174519 0.000000 0.000000 0.000000
0.000000 0.000000 0.000000
2.624406 1.000000 0.000000
764.299377 0.000000
0.000000 0.000000 0.000000 0.000000
0.000000 0.913098
8 0.020000 1.960000 0.001000
0.486000 0.396000 0.726000 0.501000 1.360000 6.610000 0.785000 0.785000
272000.000000 96.599998 0.003000
1.073000 0.050000 0.116600
0.127102 0.067534 0.000345 0.000000
0.000000

0.000000 0.118835 1.834262
0.501729 0.096515 9.225879 49.971584 205.174133
0.000000 0.007632 0.176290 0.000000 0.000000 0.000000
0.000000 0.000000 0.000000
2.653819 1.000000 0.000000
764.299377 0.000000
0.000000 0.000000 0.000000 0.000000
0.000000 0.910070
8 0.020000 1.980000 0.001000
0.486000 0.396000 0.726000 0.501000 1.360000 6.610000 0.785000 0.785000
272000.000000 96.599998 0.003000
1.073000 0.050000 0.116600
0.127141 0.067479 0.000345 0.000000
0.000000

0.000000 0.119210 1.851846
0.502291 0.097085 9.244087 50.065212 205.167603
0.000000 0.053036 0.268126 0.000000 0.000000 0.000000
0.000000 0.000000 0.000000
2.683153 1.000000 0.000000
764.299377 0.000000
0.000000 0.000000 0.000000 0.000000
0.000000 0.917119
8 0.020000 2.000000 0.001000
0.486000 0.396000 0.726000 0.501000 1.360000 6.610000 0.785000 0.785000
272000.000000 96.599998 0.003000
1.073000 0.050000 0.116600
0.127200 0.067511 0.000345 0.000000
0.000000
1.000000
2.000000
0.000000 0.000000
0.000000
0
-0.700000
0 0
0.000000
1
0.000000
1.000000
1.000000
1.000000
0.000000 0.000000 0.000000
0.000000 0.000000
0.000000 0.000000 0.000000 0.000000 0.000000 0.000000 0.000000
0.000000 0.000000 0.000000 0.000000 0.000000 0.000000 0.000000
236
2.000000
1
C:\DNDC\sites\Ottawa\CEFSoilc.spf
-1.000000 -1.000000
0.000000
35
35
10.000000
104
0.000000
0.000000
258
0.000000
284141.343750
1
