7
Clay_loam
0.314000 0.490000 0.006410 0.726000 0.398000 1.000000 0.000000 0.000000
1.350000 6.610000 1 0.031000 0.500000 0.050000 0.010000 0.240000 0.750000
0.000000 0.020000 2.000000 270000.000000 96.599998 100
0.233300 1.944000 3.025300 0.000000 1
10.000000 10.000000 10.000000 5.000000 25.000000 100.000000
0.000000 0.000000 0.027983 0.000000 0.000000 0.000000
500.000000 0.000000 0.000000

4.721207 66.491837 401.929443
14.991040 1.821887 166.487991 1622.016724 5496.820801
0.000000 10.550941 0.990499 1.010348 0.000000 0.000000
0.000247 0.012023 0.002052
-1.810465 0.122451 58.852707
764.299377 0.000000
1.470811 0.000000 0.000000 0.000000
0.000000 27.798309
7 0.020000 0.020000 0.031000
0.490000 0.314000 0.726000 0.398000 1.350000 6.610000 0.726000 0.726000
270000.000000 96.599998 0.006410
1.073000 0.050000 0.116600
23.039991 4.550891 0.002991 0.000000
0.000000

4.693989 65.396187 402.058716
15.193553 1.818581 165.976242 1622.903687 5497.063965
0.000000 1.638140 0.937408 0.505174 0.000000 0.000000
0.000027 0.000000 0.000000
-1.599895 0.130138 58.340221
764.299377 0.000000
1.256961 0.000000 0.000000 0.000000
0.000000 9.967576
7 0.020000 0.040000 0.031000
0.490000 0.314000 0.726000 0.398000 1.350000 6.610000 0.726000 0.726000
270000.000000 96.599998 0.006410
1.073000 0.050000 0.116600
23.036707 4.533420 0.003170 0.000000
0.000000

4.837701 67.299088 401.992065
15.489988 1.975331 167.936188 1621.985352 5496.320801
0.000000 1.413538 1.195315 0.252587 0.000000 0.000000
0.000011 0.000000 0.000000
-1.458047 0.136252 66.094315
764.299377 0.000000
0.798366 0.000000 0.000000 0.000000
0.000000 9.410949
7 0.020000 0.060000 0.031000
0.490000 0.314000 0.726000 0.398000 1.350000 6.610000 0.726000 0.726000
270000.000000 96.599998 0.006410
1.073000 0.050000 0.116600
23.047682 4.530163 0.003319 0.000000
0.000000

4.970417 69.095032 402.951416
15.542498 1.939210 169.398193 1621.280029 5495.761719
0.000000 1.213245 1.145159 0.126294 0.000000 0.000000
0.000006 0.000000 0.000000
-1.330680 0.142596 84.025581
764.299377 0.000000
0.726413 0.000000 0.000000 0.000000
0.000000 7.398085
7 0.020000 0.080000 0.031000
0.490000 0.314000 0.726000 0.398000 1.350000 6.610000 0.726000 0.726000
270000.000000 96.599998 0.006410
1.073000 0.050000 0.116600
23.055792 4.519103 0.003469 0.000000
0.000000

5.051226 70.152069 403.396759
15.637934 1.912412 170.312424 1620.847534 5495.401855
0.000000 1.049712 1.081971 0.063147 0.000000 0.000000
0.000002 0.000000 0.000000
-1.210590 0.149332 83.365440
764.299377 0.000000
0.660978 0.000000 0.000000 0.000000
0.000000 5.894876
7 0.020000 0.100000 0.025000
0.490000 0.314000 0.726000 0.398000 1.350000 6.610000 0.726000 0.726000
270000.000000 96.599998 0.006410
1.073000 0.050000 0.116600
23.060823 4.507028 0.003625 0.000000
0.000000

8.250029 132.934006 439.069458
15.902787 1.901468 209.436310 1595.332153 5480.635742
0.000000 0.932034 0.741298 0.031573 0.000000 0.000000
0.000001 0.000000 0.000000
-1.093558 0.156874 82.626358
764.299377 0.000000
0.603568 0.000000 0.000000 0.000000
0.000000 5.193394
7 0.020000 0.120000 0.025000
0.490000 0.314000 0.726000 0.398000 1.350000 6.610000 0.726000 0.726000
270000.000000 96.599998 0.006410
1.073000 0.050000 0.116600
23.260942 4.306666 0.003634 0.000000
0.000000

0.000222 12.053973 480.670807
16.056774 1.873132 257.230988 1567.648438 5454.931641
0.000000 0.762857 0.636306 0.015787 0.000000 0.000000
0.000001 0.000000 0.000000
-0.979357 0.165396 81.791206
764.299377 0.000000
0.542643 0.000000 0.000000 0.000000
0.000000 4.148262
7 0.020000 0.140000 0.025000
0.490000 0.314000 0.726000 0.398000 1.350000 6.610000 0.726000 0.726000
270000.000000 96.599998 0.006410
1.073000 0.050000 0.116600
23.642548 3.702226 0.003278 0.000000
0.000000

0.000241 28.733795 479.324371
16.098579 1.848263 258.175049 1561.737305 5454.360840
0.000000 0.613986 0.576858 0.007893 0.000000 0.000000
0.000001 0.000000 0.000000
-0.867589 0.175133 80.836990
764.299377 0.000000
0.479519 0.000000 0.000000 0.000000
0.000000 3.274632
7 0.020000 0.160000 0.025000
0.490000 0.314000 0.726000 0.398000 1.350000 6.610000 0.726000 0.726000
270000.000000 96.599998 0.006410
1.073000 0.050000 0.116600
23.653605 3.573623 0.003351 0.000000
0.000000

0.000260 28.707708 478.630524
16.190948 1.832019 259.880219 1561.633301 5453.735840
0.000000 0.492429 0.523159 0.003947 0.000000 0.000000
0.000000 0.000000 0.000000
-0.757488 0.186408 79.731987
764.299377 0.000000
0.419023 0.000000 0.000000 0.000000
0.000000 2.566940
7 0.020000 0.180000 0.020000
0.490000 0.314000 0.726000 0.398000 1.350000 6.610000 0.726000 0.726000
270000.000000 96.599998 0.006410
1.073000 0.050000 0.116600
23.665640 3.450255 0.003446 0.000000
0.000000

0.000289 29.507318 479.465332
16.487154 2.008992 261.938141 1562.728760 5452.413574
0.000000 1.601277 0.656696 0.001973 0.000000 0.000000
0.000000 0.000418 0.000009
-0.647393 0.199684 78.430939
764.299377 0.000000
0.000000 0.000000 0.000000 0.000000
0.000000 8.973661
7 0.020000 0.200000 0.020000
0.490000 0.314000 0.726000 0.398000 1.350000 6.610000 0.726000 0.726000
270000.000000 96.599998 0.006410
1.073000 0.050000 0.116600
23.688433 4.650029 0.005053 0.000000
0.000000

0.000481 54.602699 495.023987
16.883917 2.015336 268.618622 1596.749146 5433.806641
0.000000 3.297557 0.789046 0.000987 0.000000 0.000000
0.000000 0.000460 0.000009
-0.532717 0.215646 76.866730
764.299377 0.000000
0.000000 0.000000 0.000000 0.000000
0.000000 19.934479
7 0.020000 0.220000 0.020000
0.490000 0.314000 0.726000 0.398000 1.350000 6.610000 0.726000 0.726000
270000.000000 96.599998 0.006410
1.073000 0.050000 0.116600
23.938114 4.758853 0.005630 0.000000
0.000000

0.000000 25.127974 148.885239
9.352330 1.100505 149.103241 881.647888 4092.089355
0.000000 1.362443 0.469034 0.000493 0.000000 0.000000
0.000000 0.000307 0.000006
-0.388083 0.235530 71.689774
764.299377 0.000000
0.000000 0.000000 0.000000 0.000000
0.000000 9.198414
7 0.020000 0.240000 0.020000
0.490000 0.314000 0.726000 0.398000 1.350000 6.610000 0.726000 0.726000
270000.000000 96.599998 0.006410
1.073000 0.050000 0.116600
2.402873 2.128460 0.002689 0.000000
0.000000

0.000000 22.720167 136.140717
9.320780 1.086021 147.862579 879.859619 4091.922119
0.000000 0.741621 0.405204 0.000247 0.000000 0.000000
0.000000 0.000201 0.000004
-0.244032 0.261071 72.415009
764.299377 0.000000
0.000000 0.000000 0.000000 0.000000
0.000000 6.197279
7 0.020000 0.260000 0.020000
0.490000 0.314000 0.726000 0.398000 1.350000 6.610000 0.726000 0.726000
270000.000000 96.599998 0.006410
1.073000 0.050000 0.116600
2.404958 1.562006 0.002182 0.000000
0.000000

0.000000 24.779423 131.843506
8.697865 1.018359 140.676987 818.691589 3678.926514
0.000000 3.917772 0.666613 0.000123 0.000000 0.000000
0.000000 0.000333 0.000007
-0.163557 0.295378 69.052917
764.299377 0.000000
0.000000 0.000000 0.000000 0.000000
0.000000 16.028065
7 0.020000 0.280000 0.018000
0.490000 0.314000 0.726000 0.398000 1.350000 6.610000 0.726000 0.726000
270000.000000 96.599998 0.000070
1.073000 0.050000 0.116600
2.187128 2.211775 0.003523 0.000000
0.000000

0.000000 23.785986 123.268173
8.741703 1.028744 142.146606 822.693787 3677.545166
0.000000 6.110382 0.668085 0.000062 0.000000 0.000000
0.000000 0.000318 0.000006
-0.088300 0.345831 64.698257
764.299377 0.000000
0.000000 0.000000 0.000000 0.000000
0.000000 8.125996
7 0.020000 0.300000 0.018000
0.490000 0.314000 0.726000 0.398000 1.350000 6.610000 0.726000 0.726000
270000.000000 96.599998 0.000070
1.073000 0.050000 0.116600
2.194028 1.426748 0.002615 0.000000
0.000000

0.000000 21.396475 112.749657
8.681635 1.028230 141.254852 817.733398 3677.646484
0.000000 6.957671 0.624131 0.000031 0.000000 0.000000
0.000000 0.000287 0.000006
-0.026136 0.431678 55.566723
764.299377 0.000000
0.000000 0.000000 0.000000 0.000000
0.000000 4.968950
7 0.020000 0.320000 0.018000
0.490000 0.314000 0.726000 0.398000 1.350000 6.610000 0.726000 0.726000
270000.000000 96.599998 0.000070
1.073000 0.050000 0.116600
2.193255 1.310113 0.002980 0.000000
0.000000

0.000000 20.346964 103.561264
7.807253 0.935369 128.556305 734.284851 3211.740479
0.000000 6.728250 0.532305 0.000015 0.000000 0.000000
0.000000 0.000254 0.000005
0.007869 0.637419 34.658501
764.299377 0.000000
0.000000 0.000000 0.000000 0.000000
0.000000 3.899987
8 0.020000 0.340000 0.015500
0.483000 0.377000 0.726000 0.484000 1.370000 6.610000 0.770000 0.770000
274000.000000 96.599998 0.000070
1.073000 0.050000 0.116600
1.930640 1.142485 0.003702 0.000000
0.000000

0.000000 18.385798 94.971581
7.751873 0.941418 127.913979 730.633484 3211.818848
0.000000 5.948013 0.505794 0.000008 0.000000 0.000000
0.000000 0.000124 0.000102
0.009737 0.996128 0.000000
764.299377 0.000000
0.000000 0.000000 0.000000 0.000000
0.000000 3.653090
8 0.020000 0.360000 0.015500
0.483000 0.377000 0.726000 0.484000 1.370000 6.610000 0.770000 0.770000
274000.000000 96.599998 0.000070
1.073000 0.050000 0.116600
1.930268 1.109125 0.005597 0.000000
0.000000

0.000000 16.578045 87.146889
7.694970 0.955060 127.295563 727.104980 3211.968750
0.000000 5.082469 0.479863 0.000004 0.000000 0.000000
0.000000 0.000107 0.000088
0.084103 0.996034 0.000000
764.299377 0.000000
0.000000 0.000000 0.000000 0.000000
0.000000 3.767545
8 0.020000 0.380000 0.015500
0.483000 0.377000 0.726000 0.484000 1.370000 6.610000 0.770000 0.770000
274000.000000 96.599998 0.000070
1.073000 0.050000 0.116600
1.929757 1.101582 0.005558 0.000000
0.000000

0.000000 14.898463 80.019295
7.640884 0.968221 126.634712 723.827148 3212.054932
0.000000 4.277713 0.465659 0.000002 0.000000 0.000000
0.000000 0.000092 0.000076
0.155998 0.995243 0.000000
764.299377 0.000000
0.000000 0.000000 0.000000 0.000000
0.000000 4.022093
8 0.020000 0.400000 0.015500
0.483000 0.377000 0.726000 0.484000 1.370000 6.610000 0.770000 0.770000
274000.000000 96.599998 0.000070
1.073000 0.050000 0.116600
1.929199 1.101036 0.005551 0.000000
0.000000

0.000000 13.482580 73.743881
7.597254 0.981959 126.182457 721.394592 3212.135986
0.000000 3.557325 0.462357 0.000001 0.000000 0.000000
0.000000 0.000079 0.000065
0.225571 0.993088 0.000000
764.299377 0.000000
0.000000 0.000000 0.000000 0.000000
0.000000 4.271694
8 0.020000 0.420000 0.015500
0.483000 0.377000 0.726000 0.484000 1.370000 6.610000 0.770000 0.770000
274000.000000 96.599998 0.000070
1.073000 0.050000 0.116600
1.929126 1.100815 0.005538 0.000000
0.000000

0.000000 12.204813 68.051521
7.556443 0.995403 125.716843 719.185059 3212.246582
0.000000 2.979783 0.470785 0.000000 0.000000 0.000000
0.000000 0.000067 0.000055
0.293001 0.988695 0.000000
764.299377 0.000000
0.000000 0.000000 0.000000 0.000000
0.000000 4.489623
8 0.020000 0.440000 0.015500
0.483000 0.377000 0.726000 0.484000 1.370000 6.610000 0.770000 0.770000
274000.000000 96.599998 0.000070
1.073000 0.050000 0.116600
1.929017 1.101692 0.005518 0.000000
0.000000

0.000000 11.062706 62.952438
7.521081 1.008985 125.404953 717.333618 3212.295898
0.000000 2.508445 0.481700 0.000000 0.000000 0.000000
0.000000 0.000057 0.000047
0.358483 0.981499 0.000000
764.299377 0.000000
0.000000 0.000000 0.000000 0.000000
0.000000 4.662595
8 0.020000 0.460000 0.015500
0.483000 0.377000 0.726000 0.484000 1.370000 6.610000 0.770000 0.770000
274000.000000 96.599998 0.000070
1.073000 0.050000 0.116600
1.929073 1.098913 0.005464 0.000000
0.000000

0.000000 10.015825 58.326580
7.488573 1.022446 125.078903 715.743713 3212.352783
0.000000 2.138729 0.498454 0.000000 0.000000 0.000000
0.000000 0.000048 0.000039
0.422213 0.972129 0.000000
764.299377 0.000000
0.000000 0.000000 0.000000 0.000000
0.000000 4.790931
8 0.020000 0.480000 0.015500
0.483000 0.377000 0.726000 0.484000 1.370000 6.610000 0.770000 0.770000
274000.000000 96.599998 0.000070
1.073000 0.050000 0.116600
1.929145 1.098536 0.005410 0.000000
0.000000

0.000000 9.094412 54.199577
7.460595 1.036081 124.905113 714.471008 3212.411621
0.000000 1.851526 0.512685 0.000000 0.000000 0.000000
0.000000 0.000041 0.000033
0.484340 0.962677 0.000000
764.299377 0.000000
0.000000 0.000000 0.000000 0.000000
0.000000 4.875947
8 0.020000 0.500000 0.015500
0.483000 0.377000 0.726000 0.484000 1.370000 6.610000 0.770000 0.770000
274000.000000 96.599998 0.000070
1.073000 0.050000 0.116600
1.929399 1.098113 0.005355 0.000000
0.000000

0.000000 8.248381 50.458588
7.434760 1.049608 124.723213 713.439575 3212.435791
0.000000 1.638584 0.529184 0.000000 0.000000 0.000000
0.000000 0.000035 0.000028
0.544941 0.955605 0.000000
764.299377 0.000000
0.000000 0.000000 0.000000 0.000000
0.000000 4.943457
8 0.020000 0.520000 0.015500
0.483000 0.377000 0.726000 0.484000 1.370000 6.610000 0.770000 0.770000
274000.000000 96.599998 0.000070
1.073000 0.050000 0.116600
1.929653 1.097803 0.005314 0.000000
0.000000

0.000000 5.962080 36.761543
3.752494 0.538635 61.921337 360.971130 1660.760864
0.000000 1.867149 0.340585 0.000000 0.000000 0.000000
0.000000 0.000032 0.000026
0.606983 0.770000 0.000000
764.299377 0.000000
0.000000 0.000000 0.000000 0.000000
0.000000 4.653907
8 0.020000 0.540000 0.008000
0.483000 0.377000 0.726000 0.484000 1.370000 6.610000 0.770000 0.770000
274000.000000 96.599998 0.002410
1.073000 0.050000 0.116600
0.985938 0.664788 0.002587 0.000000
0.000000

0.000000 5.475505 34.030369
3.739369 0.545919 61.969582 360.485504 1660.657837
0.000000 2.369310 0.353700 0.000000 0.000000 0.000000
0.000000 0.000031 0.000025
0.670485 0.791509 0.000000
764.299377 0.000000
0.000000 0.000000 0.000000 0.000000
0.000000 4.514129
8 0.020000 0.560000 0.008000
0.483000 0.377000 0.726000 0.484000 1.370000 6.610000 0.770000 0.770000
274000.000000 96.599998 0.002410
1.073000 0.050000 0.116600
0.986577 0.598179 0.002392 0.000000
0.000000

0.000000 5.065260 31.621241
3.721798 0.551823 62.153439 360.203156 1660.524414
0.000000 1.313411 0.355715 0.000000 0.000000 0.000000
0.000000 0.000022 0.000018
0.728806 1.000000 0.000000
764.299377 0.000000
0.000000 0.000000 0.000000 0.000000
0.000000 4.326388
8 0.020000 0.580000 0.008000
0.483000 0.377000 0.726000 0.484000 1.370000 6.610000 0.770000 0.770000
274000.000000 96.599998 0.002410
1.073000 0.050000 0.116600
0.987344 0.584716 0.002954 0.000000
0.000000

0.000000 4.686927 29.450468
3.716416 0.558893 62.338078 360.215759 1660.342773
0.000000 1.091022 0.358919 0.000000 0.000000 0.000000
0.000000 0.000018 0.000015
0.782706 1.000000 0.000000
764.299377 0.000000
0.000000 0.000000 0.000000 0.000000
0.000000 4.167689
8 0.020000 0.600000 0.008000
0.483000 0.377000 0.726000 0.484000 1.370000 6.610000 0.770000 0.770000
274000.000000 96.599998 0.002410
1.073000 0.050000 0.116600
0.988204 0.581388 0.002937 0.000000
0.000000

0.000000 4.328637 27.469055
3.711603 0.565912 62.525936 360.274017 1660.188965
0.000000 1.228815 0.374774 0.000000 0.000000 0.000000
0.000000 0.000017 0.000014
0.835335 1.000000 0.000000
764.299377 0.000000
0.000000 0.000000 0.000000 0.000000
0.000000 4.110405
8 0.020000 0.620000 0.008000
0.483000 0.377000 0.726000 0.484000 1.370000 6.610000 0.770000 0.770000
274000.000000 96.599998 0.002410
1.073000 0.050000 0.116600
0.989014 0.579382 0.002927 0.000000
0.000000

0.000000 3.995817 25.678320
3.707979 0.572990 62.737701 360.429535 1660.055908
0.000000 2.675274 0.413259 0.000000 0.000000 0.000000
0.000000 0.000020 0.000016
0.886782 1.000000 0.000000
764.299377 0.000000
0.000000 0.000000 0.000000 0.000000
0.000000 4.277602
8 0.020000 0.640000 0.008000
0.483000 0.377000 0.726000 0.484000 1.370000 6.610000 0.770000 0.770000
274000.000000 96.599998 0.002410
1.073000 0.050000 0.116600
0.989831 0.576501 0.002912 0.000000
0.000000

0.000000 3.689510 24.065138
3.705603 0.580153 62.954525 360.709259 1659.895752
0.000000 1.470163 0.402932 0.000000 0.000000 0.000000
0.000000 0.000014 0.000012
0.937130 1.000000 0.000000
764.299377 0.000000
0.000000 0.000000 0.000000 0.000000
0.000000 4.592302
8 0.020000 0.660000 0.008000
0.483000 0.377000 0.726000 0.484000 1.370000 6.610000 0.770000 0.770000
274000.000000 96.599998 0.002410
1.073000 0.050000 0.116600
0.990664 0.575110 0.002905 0.000000
0.000000

0.000000 3.430884 22.678001
3.707990 0.587976 63.307178 361.385803 1659.691772
0.000000 0.817912 0.382594 0.000000 0.000000 0.000000
0.000000 0.000010 0.000008
0.986456 1.000000 0.000000
764.299377 0.000000
0.000000 0.000000 0.000000 0.000000
0.000000 3.960206
8 0.020000 0.680000 0.008000
0.483000 0.377000 0.726000 0.484000 1.370000 6.610000 0.770000 0.770000
274000.000000 96.599998 0.002410
1.073000 0.050000 0.116600
0.991756 0.579358 0.002927 0.000000
0.000000

0.000000 3.187515 21.437122
3.712215 0.596026 63.643818 362.281067 1659.438232
0.000000 0.693924 0.382244 0.000000 0.000000 0.000000
0.000000 0.000008 0.000006
1.034834 1.000000 0.000000
764.299377 0.000000
0.000000 0.000000 0.000000 0.000000
0.000000 3.805849
8 0.020000 0.700000 0.008000
0.483000 0.377000 0.726000 0.484000 1.370000 6.610000 0.770000 0.770000
274000.000000 96.599998 0.002410
1.073000 0.050000 0.116600
0.992922 0.576070 0.002910 0.000000
0.000000

0.000000 2.982081 20.376823
3.719752 0.604559 63.982300 363.547058 1659.166504
0.000000 0.725579 0.396211 0.000000 0.000000 0.000000
0.000000 0.000007 0.000006
1.082334 1.000000 0.000000
764.299377 0.000000
0.000000 0.000000 0.000000 0.000000
0.000000 3.800957
8 0.020000 0.720000 0.008000
0.483000 0.377000 0.726000 0.484000 1.370000 6.610000 0.770000 0.770000
274000.000000 96.599998 0.002410
1.073000 0.050000 0.116600
0.994256 0.575257 0.002906 0.000000
0.000000

0.000000 2.872487 16.907017
2.355121 0.387346 40.757416 230.317551 1029.033569
0.000000 0.912238 0.295391 0.000000 0.000000 0.000000
0.000000 0.000007 0.000006
1.128949 1.000000 0.000000
764.299377 0.000000
0.000000 0.000000 0.000000 0.000000
0.000000 3.194486
8 0.020000 0.740000 0.005000
0.486000 0.396000 0.726000 0.501000 1.360000 6.610000 0.785000 0.785000
272000.000000 96.599998 0.003000
1.073000 0.050000 0.116600
0.619295 0.371218 0.001899 0.000000
0.000000

0.000000 2.701503 16.038038
2.361967 0.393032 41.030605 231.296463 1028.745483
0.000000 1.014934 0.306708 0.000000 0.000000 0.000000
0.000000 0.000007 0.000005
1.174743 1.000000 0.000000
764.299377 0.000000
0.000000 0.000000 0.000000 0.000000
0.000000 3.031494
8 0.020000 0.760000 0.005000
0.486000 0.396000 0.726000 0.501000 1.360000 6.610000 0.785000 0.785000
272000.000000 96.599998 0.003000
1.073000 0.050000 0.116600
0.620337 0.359231 0.001837 0.000000
0.000000

0.000000 2.526598 15.242532
2.368833 0.398715 41.282936 232.297470 1028.527954
0.000000 1.177006 0.319846 0.000000 0.000000 0.000000
0.000000 0.000006 0.000005
1.219841 1.000000 0.000000
764.299377 0.000000
0.000000 0.000000 0.000000 0.000000
0.000000 2.963639
8 0.020000 0.780000 0.005000
0.486000 0.396000 0.726000 0.501000 1.360000 6.610000 0.785000 0.785000
272000.000000 96.599998 0.003000
1.073000 0.050000 0.116600
0.621336 0.358539 0.001834 0.000000
0.000000

0.000000 2.172519 14.318579
2.378269 0.404833 41.604412 233.534164 1028.221069
0.000000 1.436244 0.334615 0.000000 0.000000 0.000000
0.000000 0.000006 0.000005
1.264293 1.000000 0.000000
764.299377 0.000000
0.000000 0.000000 0.000000 0.000000
0.000000 2.894058
8 0.020000 0.800000 0.005000
0.486000 0.396000 0.726000 0.501000 1.360000 6.610000 0.785000 0.785000
272000.000000 96.599998 0.003000
1.073000 0.050000 0.116600
0.622590 0.354738 0.001814 0.000000
0.000000

0.000000 2.083343 13.855587
2.393458 0.411947 42.047977 235.302719 1027.879761
0.000000 1.702810 0.348959 0.000000 0.000000 0.000000
0.000000 0.000006 0.000005
1.308146 1.000000 0.000000
764.299377 0.000000
0.000000 0.000000 0.000000 0.000000
0.000000 3.172281
8 0.020000 0.820000 0.005000
0.486000 0.396000 0.726000 0.501000 1.360000 6.610000 0.785000 0.785000
272000.000000 96.599998 0.003000
1.073000 0.050000 0.116600
0.624061 0.350880 0.001795 0.000000
0.000000

0.000000 1.977257 13.411361
2.406301 0.418686 42.392963 236.901413 1027.591675
0.000000 1.763450 0.359327 0.000000 0.000000 0.000000
0.000000 0.000005 0.000004
1.351443 1.000000 0.000000
764.299377 0.000000
0.000000 0.000000 0.000000 0.000000
0.000000 2.867420
8 0.020000 0.840000 0.005000
0.486000 0.396000 0.726000 0.501000 1.360000 6.610000 0.785000 0.785000
272000.000000 96.599998 0.003000
1.073000 0.050000 0.116600
0.625345 0.348882 0.001784 0.000000
0.000000

0.000000 1.690563 12.726265
2.413872 0.424526 42.677635 237.958328 1027.352783
0.000000 1.536086 0.364520 0.000000 0.000000 0.000000
0.000000 0.000004 0.000004
1.394222 1.000000 0.000000
764.299377 0.000000
0.000000 0.000000 0.000000 0.000000
0.000000 2.778424
8 0.020000 0.860000 0.005000
0.486000 0.396000 0.726000 0.501000 1.360000 6.610000 0.785000 0.785000
272000.000000 96.599998 0.003000
1.073000 0.050000 0.116600
0.626353 0.348768 0.001784 0.000000
0.000000

0.000000 1.589045 12.305568
2.419315 0.429992 42.966545 238.754257 1027.205078
0.000000 1.155016 0.363220 0.000000 0.000000 0.000000
0.000000 0.000003 0.000003
1.436520 1.000000 0.000000
764.299377 0.000000
0.000000 0.000000 0.000000 0.000000
0.000000 2.738892
8 0.020000 0.880000 0.005000
0.486000 0.396000 0.726000 0.501000 1.360000 6.610000 0.785000 0.785000
272000.000000 96.599998 0.003000
1.073000 0.050000 0.116600
0.627091 0.345595 0.001767 0.000000
0.000000

0.000000 1.487437 11.915948
2.423908 0.435307 43.169228 239.537689 1027.064697
0.000000 0.803553 0.356166 0.000000 0.000000 0.000000
0.000000 0.000003 0.000002
1.478367 1.000000 0.000000
764.299377 0.000000
0.000000 0.000000 0.000000 0.000000
0.000000 2.697985
8 0.020000 0.900000 0.005000
0.486000 0.396000 0.726000 0.501000 1.360000 6.610000 0.785000 0.785000
272000.000000 96.599998 0.003000
1.073000 0.050000 0.116600
0.627761 0.344945 0.001764 0.000000
0.000000

0.000000 1.065238 10.639772
2.430903 0.441061 43.430725 240.562881 1026.829590
0.000000 0.578415 0.354294 0.000000 0.000000 0.000000
0.000000 0.000002 0.000002
1.519796 1.000000 0.000000
764.299377 0.000000
0.000000 0.000000 0.000000 0.000000
0.000000 2.658050
8 0.020000 0.920000 0.005000
0.486000 0.396000 0.726000 0.501000 1.360000 6.610000 0.785000 0.785000
272000.000000 96.599998 0.003000
1.073000 0.050000 0.116600
0.628657 0.346097 0.001770 0.000000
0.000000

0.000000 1.023605 5.144546
0.498737 0.091394 8.931479 49.366123 205.331512
0.000000 0.663928 0.156884 0.000000 0.000000 0.000000
0.000000 0.000002 0.000001
1.560831 1.000000 0.000000
764.299377 0.000000
0.000000 0.000000 0.000000 0.000000
0.000000 1.361706
8 0.020000 0.940000 0.001000
0.486000 0.396000 0.726000 0.501000 1.360000 6.610000 0.785000 0.785000
272000.000000 96.599998 0.003000
1.073000 0.050000 0.116600
0.125934 0.075518 0.000386 0.000000
0.000000

0.000000 0.994801 4.894318
0.500055 0.092554 8.988510 49.557095 205.281128
0.000000 0.550052 0.158522 0.000000 0.000000 0.000000
0.000000 0.000001 0.000001
1.601497 1.000000 0.000000
764.299377 0.000000
0.000000 0.000000 0.000000 0.000000
0.000000 1.235592
8 0.020000 0.960000 0.001000
0.486000 0.396000 0.726000 0.501000 1.360000 6.610000 0.785000 0.785000
272000.000000 96.599998 0.003000
1.073000 0.050000 0.116600
0.126156 0.070253 0.000359 0.000000
0.000000

0.000000 0.995699 4.705324
0.502267 0.093881 9.077440 49.819443 205.212387
0.000000 0.384801 0.161408 0.000000 0.000000 0.000000
0.000000 0.000001 0.000001
1.641817 1.000000 0.000000
764.299377 0.000000
0.000000 0.000000 0.000000 0.000000
0.000000 1.114400
8 0.020000 0.980000 0.001000
0.486000 0.396000 0.726000 0.501000 1.360000 6.610000 0.785000 0.785000
272000.000000 96.599998 0.003000
1.073000 0.050000 0.116600
0.126434 0.068487 0.000350 0.000000
0.000000

0.000000 0.934121 4.471687
0.505946 0.095492 9.198941 50.225079 205.121460
0.000000 0.236439 0.150105 0.000000 0.000000 0.000000
0.000000 0.000001 0.000000
1.681809 1.000000 0.000000
764.299377 0.000000
0.000000 0.000000 0.000000 0.000000
0.000000 1.075857
8 0.020000 1.000000 0.001000
0.486000 0.396000 0.726000 0.501000 1.360000 6.610000 0.785000 0.785000
272000.000000 96.599998 0.003000
1.073000 0.050000 0.116600
0.126848 0.067995 0.000347 0.000000
0.000000

0.000000 0.882112 4.263442
0.506568 0.096530 9.226339 50.365398 205.090088
0.000000 0.142168 0.138777 0.000000 0.000000 0.000000
0.000000 0.000000 0.000000
1.721491 1.000000 0.000000
764.299377 0.000000
0.000000 0.000000 0.000000 0.000000
0.000000 1.020738
8 0.020000 1.020000 0.001000
0.486000 0.396000 0.726000 0.501000 1.360000 6.610000 0.785000 0.785000
272000.000000 96.599998 0.003000
1.073000 0.050000 0.116600
0.126983 0.067587 0.000345 0.000000
0.000000

0.000000 0.832861 4.058604
0.506174 0.097372 9.234769 50.404659 205.071625
0.000000 0.090053 0.127610 0.000000 0.000000 0.000000
0.000000 0.000000 0.000000
1.760878 1.000000 0.000000
764.299377 0.000000
0.000000 0.000000 0.000000 0.000000
0.000000 1.001595
8 0.020000 1.040000 0.001000
0.486000 0.396000 0.726000 0.501000 1.360000 6.610000 0.785000 0.785000
272000.000000 96.599998 0.003000
1.073000 0.050000 0.116600
0.127048 0.067483 0.000345 0.000000
0.000000

0.000000 0.701860 3.763351
0.504554 0.097973 9.222348 50.323467 205.068024
0.000000 0.059751 0.117714 0.000000 0.000000 0.000000
0.000000 0.000000 0.000000
1.799984 1.000000 0.000000
764.299377 0.000000
0.000000 0.000000 0.000000 0.000000
0.000000 0.990635
8 0.020000 1.060000 0.001000
0.486000 0.396000 0.726000 0.501000 1.360000 6.610000 0.785000 0.785000
272000.000000 96.599998 0.003000
1.073000 0.050000 0.116600
0.127059 0.067416 0.000344 0.000000
0.000000

0.000000 0.649772 3.582638
0.503538 0.098683 9.219641 50.299149 205.066116
0.000000 0.039848 0.108701 0.000000 0.000000 0.000000
0.000000 0.000000 0.000000
1.838820 1.000000 0.000000
764.299377 0.000000
0.000000 0.000000 0.000000 0.000000
0.000000 0.990360
8 0.020000 1.080000 0.001000
0.486000 0.396000 0.726000 0.501000 1.360000 6.610000 0.785000 0.785000
272000.000000 96.599998 0.003000
1.073000 0.050000 0.116600
0.127071 0.067656 0.000346 0.000000
0.000000

0.000000 0.602103 3.418483
0.502540 0.099389 9.216640 50.276234 205.065903
0.000000 0.026129 0.099879 0.000000 0.000000 0.000000
0.000000 0.000000 0.000000
1.877399 1.000000 0.000000
764.299377 0.000000
0.000000 0.000000 0.000000 0.000000
0.000000 1.026731
8 0.020000 1.100000 0.001000
0.486000 0.396000 0.726000 0.501000 1.360000 6.610000 0.785000 0.785000
272000.000000 96.599998 0.003000
1.073000 0.050000 0.116600
0.127081 0.067381 0.000344 0.000000
0.000000

0.000000 0.559035 3.270255
0.501584 0.100097 9.215072 50.255970 205.066025
0.000000 0.017095 0.092345 0.000000 0.000000 0.000000
0.000000 0.000000 0.000000
1.915729 1.000000 0.000000
764.299377 0.000000
0.000000 0.000000 0.000000 0.000000
0.000000 0.985683
8 0.020000 1.120000 0.001000
0.486000 0.396000 0.726000 0.501000 1.360000 6.610000 0.785000 0.785000
272000.000000 96.599998 0.003000
1.073000 0.050000 0.116600
0.127088 0.067341 0.000344 0.000000
0.000000

0.000000 0.519740 3.136056
0.500662 0.100806 9.213090 50.239265 205.065903
0.000000 0.011641 0.087197 0.000000 0.000000 0.000000
0.000000 0.000000 0.000000
1.953817 1.000000 0.000000
764.299377 0.000000
0.000000 0.000000 0.000000 0.000000
0.000000 0.983457
8 0.020000 1.140000 0.001000
0.486000 0.396000 0.726000 0.501000 1.360000 6.610000 0.785000 0.785000
272000.000000 96.599998 0.003000
1.073000 0.050000 0.116600
0.127098 0.067555 0.000345 0.000000
0.000000

0.000000 0.446882 2.964223
0.499489 0.101458 9.207496 50.197311 205.063889
0.000000 0.008751 0.085399 0.000000 0.000000 0.000000
0.000000 0.000000 0.000000
1.991672 1.000000 0.000000
764.299377 0.000000
0.000000 0.000000 0.000000 0.000000
0.000000 0.987538
8 0.020000 1.160000 0.001000
0.486000 0.396000 0.726000 0.501000 1.360000 6.610000 0.785000 0.785000
272000.000000 96.599998 0.003000
1.073000 0.050000 0.116600
0.127108 0.067518 0.000345 0.000000
0.000000

0.000000 0.418099 2.859926
0.498688 0.102178 9.207760 50.190830 205.063187
0.000000 0.007407 0.085742 0.000000 0.000000 0.000000
0.000000 0.000000 0.000000
2.029299 1.000000 0.000000
764.299377 0.000000
0.000000 0.000000 0.000000 0.000000
0.000000 0.988941
8 0.020000 1.180000 0.001000
0.486000 0.396000 0.726000 0.501000 1.360000 6.610000 0.785000 0.785000
272000.000000 96.599998 0.003000
1.073000 0.050000 0.116600
0.127119 0.067330 0.000344 0.000000
0.000000

0.000000 0.391854 2.765077
0.497873 0.102889 9.207847 50.182060 205.063385
0.000000 0.007030 0.087801 0.000000 0.000000 0.000000
0.000000 0.000000 0.000000
2.066703 1.000000 0.000000
764.299377 0.000000
0.000000 0.000000 0.000000 0.000000
0.000000 0.971072
8 0.020000 1.200000 0.001000
0.486000 0.396000 0.726000 0.501000 1.360000 6.610000 0.785000 0.785000
272000.000000 96.599998 0.003000
1.073000 0.050000 0.116600
0.127127 0.067254 0.000343 0.000000
0.000000

0.000000 0.368320 2.680161
0.497120 0.103607 9.208713 50.179111 205.061798
0.000000 0.007262 0.090964 0.000000 0.000000 0.000000
0.000000 0.000000 0.000000
2.103888 1.000000 0.000000
764.299377 0.000000
0.000000 0.000000 0.000000 0.000000
0.000000 0.962343
8 0.020000 1.220000 0.001000
0.486000 0.396000 0.726000 0.501000 1.360000 6.610000 0.785000 0.785000
272000.000000 96.599998 0.003000
1.073000 0.050000 0.116600
0.127138 0.067234 0.000343 0.000000
0.000000

0.000000 0.323664 2.569693
0.496166 0.104277 9.205569 50.156586 205.059952
0.000000 0.007874 0.094593 0.000000 0.000000 0.000000
0.000000 0.000000 0.000000
2.140858 1.000000 0.000000
764.299377 0.000000
0.000000 0.000000 0.000000 0.000000
0.000000 0.992640
8 0.020000 1.240000 0.001000
0.486000 0.396000 0.726000 0.501000 1.360000 6.610000 0.785000 0.785000
272000.000000 96.599998 0.003000
1.073000 0.050000 0.116600
0.127146 0.067221 0.000343 0.000000
0.000000

0.000000 0.306462 2.503563
0.495465 0.104992 9.207766 50.156792 205.059219
0.000000 0.008673 0.098138 0.000000 0.000000 0.000000
0.000000 0.000000 0.000000
2.177616 1.000000 0.000000
764.299377 0.000000
0.000000 0.000000 0.000000 0.000000
0.000000 0.966072
8 0.020000 1.260000 0.001000
0.486000 0.396000 0.726000 0.501000 1.360000 6.610000 0.785000 0.785000
272000.000000 96.599998 0.003000
1.073000 0.050000 0.116600
0.127157 0.067172 0.000343 0.000000
0.000000

0.000000 0.290735 2.443830
0.494779 0.105706 9.209468 50.158741 205.058716
0.000000 0.009575 0.101669 0.000000 0.000000 0.000000
0.000000 0.000000 0.000000
2.214163 1.000000 0.000000
764.299377 0.000000
0.000000 0.000000 0.000000 0.000000
0.000000 1.001443
8 0.020000 1.280000 0.001000
0.486000 0.396000 0.726000 0.501000 1.360000 6.610000 0.785000 0.785000
272000.000000 96.599998 0.003000
1.073000 0.050000 0.116600
0.127166 0.069179 0.000353 0.000000
0.000000

0.000000 0.276651 2.390129
0.494112 0.106416 9.211600 50.161667 205.057205
0.000000 0.010512 0.105046 0.000000 0.000000 0.000000
0.000000 0.000000 0.000000
2.250501 1.000000 0.000000
764.299377 0.000000
0.000000 0.000000 0.000000 0.000000
0.000000 0.962201
8 0.020000 1.300000 0.001000
0.486000 0.396000 0.726000 0.501000 1.360000 6.610000 0.785000 0.785000
272000.000000 96.599998 0.003000
1.073000 0.050000 0.116600
0.127172 0.067359 0.000344 0.000000
0.000000

0.000000 0.263778 2.341648
0.493459 0.107124 9.213693 50.165695 205.056702
0.000000 0.011430 0.108210 0.000000 0.000000 0.000000
0.000000 0.000000 0.000000
2.286633 1.000000 0.000000
764.299377 0.000000
0.000000 0.000000 0.000000 0.000000
0.000000 0.958020
8 0.020000 1.320000 0.001000
0.486000 0.396000 0.726000 0.501000 1.360000 6.610000 0.785000 0.785000
272000.000000 96.599998 0.003000
1.073000 0.050000 0.116600
0.127182 0.067607 0.000345 0.000000
0.000000

0.000000 0.239067 2.277976
0.492689 0.107800 9.213183 50.158157 205.055023
0.000000 0.012345 0.111380 0.000000 0.000000 0.000000
0.000000 0.000000 0.000000
2.322557 1.000000 0.000000
764.299377 0.000000
0.000000 0.000000 0.000000 0.000000
0.000000 0.981060
8 0.020000 1.340000 0.001000
0.486000 0.396000 0.726000 0.501000 1.360000 6.610000 0.785000 0.785000
272000.000000 96.599998 0.003000
1.073000 0.050000 0.116600
0.127192 0.067431 0.000344 0.000000
0.000000

0.000000 0.229689 2.240140
0.492052 0.108498 9.215781 50.161995 205.055237
0.000000 0.013200 0.114220 0.000000 0.000000 0.000000
0.000000 0.000000 0.000000
2.358276 1.000000 0.000000
764.299377 0.000000
0.000000 0.000000 0.000000 0.000000
0.000000 0.957743
8 0.020000 1.360000 0.001000
0.486000 0.396000 0.726000 0.501000 1.360000 6.610000 0.785000 0.785000
272000.000000 96.599998 0.003000
1.073000 0.050000 0.116600
0.127199 0.067333 0.000344 0.000000
0.000000

0.000000 0.221339 2.206511
0.491442 0.109196 9.217776 50.169140 205.055115
0.000000 0.014004 0.116926 0.000000 0.000000 0.000000
0.000000 0.000000 0.000000
2.393789 1.000000 0.000000
764.299377 0.000000
0.000000 0.000000 0.000000 0.000000
0.000000 0.945753
8 0.020000 1.380000 0.001000
0.486000 0.396000 0.726000 0.501000 1.360000 6.610000 0.785000 0.785000
272000.000000 96.599998 0.003000
1.073000 0.050000 0.116600
0.127209 0.067308 0.000344 0.000000
0.000000

0.000000 0.213759 2.176195
0.490837 0.109888 9.220716 50.175072 205.055664
0.000000 0.014734 0.119378 0.000000 0.000000 0.000000
0.000000 0.000000 0.000000
2.429096 1.000000 0.000000
764.299377 0.000000
0.000000 0.000000 0.000000 0.000000
0.000000 0.971314
8 0.020000 1.400000 0.001000
0.486000 0.396000 0.726000 0.501000 1.360000 6.610000 0.785000 0.785000
272000.000000 96.599998 0.003000
1.073000 0.050000 0.116600
0.127217 0.067308 0.000344 0.000000
0.000000

0.000000 0.206897 2.148964
0.490245 0.110576 9.222993 50.182629 205.055557
0.000000 0.015404 0.121768 0.000000 0.000000 0.000000
0.000000 0.000000 0.000000
2.464195 1.000000 0.000000
764.299377 0.000000
0.000000 0.000000 0.000000 0.000000
0.000000 0.971305
8 0.020000 1.420000 0.001000
0.486000 0.396000 0.726000 0.501000 1.360000 6.610000 0.785000 0.785000
272000.000000 96.599998 0.003000
1.073000 0.050000 0.116600
0.127224 0.067275 0.000344 0.000000
0.000000

0.000000 0.193457 2.112914
0.489584 0.111242 9.224705 50.182003 205.054413
0.000000 0.016010 0.123992 0.000000 0.000000 0.000000
0.000000 0.000000 0.000000
2.499088 1.000000 0.000000
764.299377 0.000000
0.000000 0.000000 0.000000 0.000000
0.000000 0.951615
8 0.020000 1.440000 0.001000
0.486000 0.396000 0.726000 0.501000 1.360000 6.610000 0.785000 0.785000
272000.000000 96.599998 0.003000
1.073000 0.050000 0.116600
0.127232 0.067309 0.000344 0.000000
0.000000

0.000000 0.188550 2.092025
0.489013 0.111921 9.226890 50.190605 205.054337
0.000000 0.016570 0.126189 0.000000 0.000000 0.000000
0.000000 0.000000 0.000000
2.533773 1.000000 0.000000
764.299377 0.000000
0.000000 0.000000 0.000000 0.000000
0.000000 0.955894
8 0.020000 1.460000 0.001000
0.486000 0.396000 0.726000 0.501000 1.360000 6.610000 0.785000 0.785000
272000.000000 96.599998 0.003000
1.073000 0.050000 0.116600
0.127239 0.067287 0.000344 0.000000
0.000000

0.000000 0.184182 2.073596
0.488461 0.112598 9.230350 50.199638 205.053848
0.000000 0.017070 0.128222 0.000000 0.000000 0.000000
0.000000 0.000000 0.000000
2.568249 1.000000 0.000000
764.299377 0.000000
0.000000 0.000000 0.000000 0.000000
0.000000 0.978431
8 0.020000 1.480000 0.001000
0.486000 0.396000 0.726000 0.501000 1.360000 6.610000 0.785000 0.785000
272000.000000 96.599998 0.003000
1.073000 0.050000 0.116600
0.127249 0.067840 0.000346 0.000000
0.000000

0.000000 0.180111 2.056269
0.487876 0.113260 9.232030 50.205666 205.055389
0.000000 0.017542 0.130274 0.000000 0.000000 0.000000
0.000000 0.000000 0.000000
2.602514 1.000000 0.000000
764.299377 0.000000
0.000000 0.000000 0.000000 0.000000
0.000000 0.950562
8 0.020000 1.500000 0.001000
0.486000 0.396000 0.726000 0.501000 1.360000 6.610000 0.785000 0.785000
272000.000000 96.599998 0.003000
1.073000 0.050000 0.116600
0.127254 0.067384 0.000344 0.000000
0.000000

0.000000 0.148435 1.895384
0.487242 0.113905 9.234104 50.207306 205.054749
0.000000 0.018427 0.134441 0.000000 0.000000 0.000000
0.000000 0.000000 0.000000
2.636568 1.000000 0.000000
764.299377 0.000000
0.000000 0.000000 0.000000 0.000000
0.000000 0.935955
8 0.020000 1.520000 0.001000
0.486000 0.396000 0.726000 0.501000 1.360000 6.610000 0.785000 0.785000
272000.000000 96.599998 0.003000
1.073000 0.050000 0.116600
0.127260 0.067301 0.000344 0.000000
0.000000

0.000000 0.147845 1.895529
0.486686 0.114559 9.236068 50.214817 205.055786
0.000000 0.019209 0.136764 0.000000 0.000000 0.000000
0.000000 0.000000 0.000000
2.670409 1.000000 0.000000
764.299377 0.000000
0.000000 0.000000 0.000000 0.000000
0.000000 0.964568
8 0.020000 1.540000 0.001000
0.486000 0.396000 0.726000 0.501000 1.360000 6.610000 0.785000 0.785000
272000.000000 96.599998 0.003000
1.073000 0.050000 0.116600
0.127267 0.067334 0.000344 0.000000
0.000000

0.000000 0.143642 1.889479
0.486092 0.115197 9.237264 50.217941 205.056519
0.000000 0.019929 0.139015 0.000000 0.000000 0.000000
0.000000 0.000000 0.000000
2.704038 1.000000 0.000000
764.299377 0.000000
0.000000 0.000000 0.000000 0.000000
0.000000 0.937878
8 0.020000 1.560000 0.001000
0.486000 0.396000 0.726000 0.501000 1.360000 6.610000 0.785000 0.785000
272000.000000 96.599998 0.003000
1.073000 0.050000 0.116600
0.127273 0.067275 0.000344 0.000000
0.000000

0.000000 0.143546 1.890451
0.485552 0.115840 9.239234 50.225956 205.057648
0.000000 0.020519 0.141036 0.000000 0.000000 0.000000
0.000000 0.000000 0.000000
2.737451 1.000000 0.000000
764.299377 0.000000
0.000000 0.000000 0.000000 0.000000
0.000000 0.947401
8 0.020000 1.580000 0.001000
0.486000 0.396000 0.726000 0.501000 1.360000 6.610000 0.785000 0.785000
272000.000000 96.599998 0.003000
1.073000 0.050000 0.116600
0.127278 0.067291 0.000344 0.000000
0.000000

0.000000 0.143541 1.891986
0.485041 0.116483 9.241693 50.236240 205.056732
0.000000 0.020973 0.142833 0.000000 0.000000 0.000000
0.000000 0.000000 0.000000
2.770649 1.000000 0.000000
764.299377 0.000000
0.000000 0.000000 0.000000 0.000000
0.000000 0.952517
8 0.020000 1.600000 0.001000
0.486000 0.396000 0.726000 0.501000 1.360000 6.610000 0.785000 0.785000
272000.000000 96.599998 0.003000
1.073000 0.050000 0.116600
0.127286 0.067323 0.000344 0.000000
0.000000

0.000000 0.143511 1.893039
0.484510 0.117114 9.243611 50.243900 205.057571
0.000000 0.021328 0.144570 0.000000 0.000000 0.000000
0.000000 0.000000 0.000000
2.803630 1.000000 0.000000
764.299377 0.000000
0.000000 0.000000 0.000000 0.000000
0.000000 0.955305
8 0.020000 1.620000 0.001000
0.486000 0.396000 0.726000 0.501000 1.360000 6.610000 0.785000 0.785000
272000.000000 96.599998 0.003000
1.073000 0.050000 0.116600
0.127291 0.067850 0.000347 0.000000
0.000000

0.000000 0.143533 1.894529
0.484006 0.117744 9.245141 50.254566 205.057861
0.000000 0.021600 0.146205 0.000000 0.000000 0.000000
0.000000 0.000000 0.000000
2.836393 1.000000 0.000000
764.299377 0.000000
0.000000 0.000000 0.000000 0.000000
0.000000 0.945116
8 0.020000 1.640000 0.001000
0.486000 0.396000 0.726000 0.501000 1.360000 6.610000 0.785000 0.785000
272000.000000 96.599998 0.003000
1.073000 0.050000 0.116600
0.127299 0.067327 0.000344 0.000000
0.000000

0.000000 0.143575 1.895959
0.483500 0.118365 9.247569 50.263302 205.058228
0.000000 0.021816 0.147821 0.000000 0.000000 0.000000
0.000000 0.000000 0.000000
2.868937 1.000000 0.000000
764.299377 0.000000
0.000000 0.000000 0.000000 0.000000
0.000000 0.934983
8 0.020000 1.660000 0.001000
0.486000 0.396000 0.726000 0.501000 1.360000 6.610000 0.785000 0.785000
272000.000000 96.599998 0.003000
1.073000 0.050000 0.116600
0.127303 0.067345 0.000344 0.000000
0.000000

0.000000 0.141718 1.893992
0.482982 0.118976 9.249048 50.270786 205.059006
0.000000 0.021999 0.149451 0.000000 0.000000 0.000000
0.000000 0.000000 0.000000
2.901262 1.000000 0.000000
764.299377 0.000000
0.000000 0.000000 0.000000 0.000000
0.000000 0.942404
8 0.020000 1.680000 0.001000
0.486000 0.396000 0.726000 0.501000 1.360000 6.610000 0.785000 0.785000
272000.000000 96.599998 0.003000
1.073000 0.050000 0.116600
0.127311 0.067316 0.000344 0.000000
0.000000

0.000000 0.141881 1.897546
0.482577 0.119608 9.252083 50.289970 205.058487
0.000000 0.022247 0.151155 0.000000 0.000000 0.000000
0.000000 0.000000 0.000000
2.933366 1.000000 0.000000
764.299377 0.000000
0.000000 0.000000 0.000000 0.000000
0.000000 0.939296
8 0.020000 1.700000 0.001000
0.486000 0.396000 0.726000 0.501000 1.360000 6.610000 0.785000 0.785000
272000.000000 96.599998 0.003000
1.073000 0.050000 0.116600
0.127324 0.067303 0.000344 0.000000
0.000000

0.000000 0.142196 1.899816
0.482114 0.120217 9.253993 50.302204 205.058258
0.000000 0.022724 0.153063 0.000000 0.000000 0.000000
0.000000 0.000000 0.000000
2.965250 1.000000 0.000000
764.299377 0.000000
0.000000 0.000000 0.000000 0.000000
0.000000 0.948556
8 0.020000 1.720000 0.001000
0.486000 0.396000 0.726000 0.501000 1.360000 6.610000 0.785000 0.785000
272000.000000 96.599998 0.003000
1.073000 0.050000 0.116600
0.127331 0.067312 0.000344 0.000000
0.000000

0.000000 0.142499 1.902174
0.481659 0.120821 9.257215 50.313484 205.058472
0.000000 0.023405 0.155105 0.000000 0.000000 0.000000
0.000000 0.000000 0.000000
2.996912 1.000000 0.000000
764.299377 0.000000
0.000000 0.000000 0.000000 0.000000
0.000000 0.933930
8 0.020000 1.740000 0.001000
0.486000 0.396000 0.726000 0.501000 1.360000 6.610000 0.785000 0.785000
272000.000000 96.599998 0.003000
1.073000 0.050000 0.116600
0.127339 0.067302 0.000344 0.000000
0.000000

0.000000 0.142846 1.904780
0.481222 0.121422 9.259994 50.326553 205.057831
0.000000 0.024032 0.157094 0.000000 0.000000 0.000000
0.000000 0.000000 0.000000
3.028351 1.000000 0.000000
764.299377 0.000000
0.000000 0.000000 0.000000 0.000000
0.000000 0.928830
8 0.020000 1.760000 0.001000
0.486000 0.396000 0.726000 0.501000 1.360000 6.610000 0.785000 0.785000
272000.000000 96.599998 0.003000
1.073000 0.050000 0.116600
0.127347 0.067281 0.000344 0.000000
0.000000

0.000000 0.143204 1.907526
0.480795 0.122018 9.263493 50.339504 205.056732
0.000000 0.024312 0.158719 0.000000 0.000000 0.000000
0.000000 0.000000 0.000000
3.059566 1.000000 0.000000
764.299377 0.000000
0.000000 0.000000 0.000000 0.000000
0.000000 0.946872
8 0.020000 1.780000 0.001000
0.486000 0.396000 0.726000 0.501000 1.360000 6.610000 0.785000 0.785000
272000.000000 96.599998 0.003000
1.073000 0.050000 0.116600
0.127359 0.067301 0.000344 0.000000
0.000000

0.000000 0.143574 1.910249
0.480374 0.122608 9.266953 50.352444 205.057022
0.000000 0.024184 0.160055 0.000000 0.000000 0.000000
0.000000 0.000000 0.000000
3.090560 1.000000 0.000000
764.299377 0.000000
0.000000 0.000000 0.000000 0.000000
0.000000 0.934430
8 0.020000 1.800000 0.001000
0.486000 0.396000 0.726000 0.501000 1.360000 6.610000 0.785000 0.785000
272000.000000 96.599998 0.003000
1.073000 0.050000 0.116600
0.127366 0.067265 0.000344 0.000000
0.000000

0.000000 0.143485 1.911993
0.479943 0.123187 9.270103 50.363750 205.057541
0.000000 0.023840 0.161454 0.000000 0.000000 0.000000
0.000000 0.000000 0.000000
3.121330 1.000000 0.000000
764.299377 0.000000
0.000000 0.000000 0.000000 0.000000
0.000000 0.932602
8 0.020000 1.820000 0.001000
0.486000 0.396000 0.726000 0.501000 1.360000 6.610000 0.785000 0.785000
272000.000000 96.599998 0.003000
1.073000 0.050000 0.116600
0.127372 0.067273 0.000344 0.000000
0.000000

0.000000 0.143912 1.914439
0.479518 0.123761 9.273251 50.374981 205.057373
0.000000 0.023430 0.162669 0.000000 0.000000 0.000000
0.000000 0.000000 0.000000
3.151877 1.000000 0.000000
764.299377 0.000000
0.000000 0.000000 0.000000 0.000000
0.000000 0.925562
8 0.020000 1.840000 0.001000
0.486000 0.396000 0.726000 0.501000 1.360000 6.610000 0.785000 0.785000
272000.000000 96.599998 0.003000
1.073000 0.050000 0.116600
0.127382 0.067251 0.000343 0.000000
0.000000

0.000000 0.144264 1.916735
0.479092 0.124327 9.276264 50.385597 205.056747
0.000000 0.023098 0.163984 0.000000 0.000000 0.000000
0.000000 0.000000 0.000000
3.182201 1.000000 0.000000
764.299377 0.000000
0.000000 0.000000 0.000000 0.000000
0.000000 0.923369
8 0.020000 1.860000 0.001000
0.486000 0.396000 0.726000 0.501000 1.360000 6.610000 0.785000 0.785000
272000.000000 96.599998 0.003000
1.073000 0.050000 0.116600
0.127388 0.067231 0.000343 0.000000
0.000000

0.000000 0.144665 1.919075
0.478673 0.124886 9.279268 50.396122 205.055832
0.000000 0.022886 0.165439 0.000000 0.000000 0.000000
0.000000 0.000000 0.000000
3.212303 1.000000 0.000000
764.299377 0.000000
0.000000 0.000000 0.000000 0.000000
0.000000 0.918109
8 0.020000 1.880000 0.001000
0.486000 0.396000 0.726000 0.501000 1.360000 6.610000 0.785000 0.785000
272000.000000 96.599998 0.003000
1.073000 0.050000 0.116600
0.127396 0.067247 0.000343 0.000000
0.000000

0.000000 0.144983 1.921042
0.478242 0.125436 9.281927 50.404911 205.055908
0.000000 0.022768 0.166947 0.000000 0.000000 0.000000
0.000000 0.000000 0.000000
3.242183 1.000000 0.000000
764.299377 0.000000
0.000000 0.000000 0.000000 0.000000
0.000000 0.941910
8 0.020000 1.900000 0.001000
0.486000 0.396000 0.726000 0.501000 1.360000 6.610000 0.785000 0.785000
272000.000000 96.599998 0.003000
1.073000 0.050000 0.116600
0.127403 0.067251 0.000343 0.000000
0.000000

0.000000 0.145385 1.923431
0.477838 0.125984 9.284986 50.415936 205.055359
0.000000 0.022705 0.168477 0.000000 0.000000 0.000000
0.000000 0.000000 0.000000
3.271843 1.000000 0.000000
764.299377 0.000000
0.000000 0.000000 0.000000 0.000000
0.000000 0.933850
8 0.020000 1.920000 0.001000
0.486000 0.396000 0.726000 0.501000 1.360000 6.610000 0.785000 0.785000
272000.000000 96.599998 0.003000
1.073000 0.050000 0.116600
0.127408 0.067247 0.000343 0.000000
0.000000

0.000000 0.145735 1.926122
0.477453 0.126531 9.288303 50.428314 205.054596
0.000000 0.022684 0.170129 0.000000 0.000000 0.000000
0.000000 0.000000 0.000000
3.301284 1.000000 0.000000
764.299377 0.000000
0.000000 0.000000 0.000000 0.000000
0.000000 0.921269
8 0.020000 1.940000 0.001000
0.486000 0.396000 0.726000 0.501000 1.360000 6.610000 0.785000 0.785000
272000.000000 96.599998 0.003000
1.073000 0.050000 0.116600
0.127420 0.067216 0.000343 0.000000
0.000000

0.000000 0.146119 1.929799
0.477121 0.127084 9.292521 50.445736 205.053696
0.000000 0.022705 0.171914 0.000000 0.000000 0.000000
0.000000 0.000000 0.000000
3.330505 1.000000 0.000000
764.299377 0.000000
0.000000 0.000000 0.000000 0.000000
0.000000 0.919903
8 0.020000 1.960000 0.001000
0.486000 0.396000 0.726000 0.501000 1.360000 6.610000 0.785000 0.785000
272000.000000 96.599998 0.003000
1.073000 0.050000 0.116600
0.127428 0.067210 0.000343 0.000000
0.000000

0.000000 0.146499 1.940990
0.477161 0.127729 9.303855 50.501816 205.049332
0.000000 0.022777 0.173969 0.000000 0.000000 0.000000
0.000000 0.000000 0.000000
3.359509 1.000000 0.000000
764.299377 0.000000
0.000000 0.000000 0.000000 0.000000
0.000000 0.912512
8 0.020000 1.980000 0.001000
0.486000 0.396000 0.726000 0.501000 1.360000 6.610000 0.785000 0.785000
272000.000000 96.599998 0.003000
1.073000 0.050000 0.116600
0.127465 0.067155 0.000343 0.000000
0.000000

0.000000 0.146870 1.959269
0.477553 0.128463 9.321960 50.594624 205.042450
0.000000 0.116628 0.243840 0.000000 0.000000 0.000000
0.000000 0.000000 0.000000
3.388298 1.000000 0.000000
764.299377 0.000000
0.000000 0.000000 0.000000 0.000000
0.000000 0.937776
8 0.020000 2.000000 0.001000
0.486000 0.396000 0.726000 0.501000 1.360000 6.610000 0.785000 0.785000
272000.000000 96.599998 0.003000
1.073000 0.050000 0.116600
0.127524 0.067189 0.000343 0.000000
0.000000
1.000000
2.000000
0.000000 0.000000
0.000000
0
-0.580000
0 0
0.000000
1
0.000000
1.000000
1.000000
1.000000
0.000000 0.000000 0.000000
0.000000 0.000000
0.000000 0.000000 0.000000 0.000000 0.000000 0.000000 0.000000
0.000000 0.000000 0.000000 0.000000 0.000000 0.000000 0.000000
239
2.000000
1
C:\DNDC\sites\Ottawa\CEFSoilc.spf
-1.000000 -1.000000
0.000000
29
29
10.000000
105
0.000000
0.000000
258
0.000000
256503.812500
1
