7
Clay_loam
0.314000 0.490000 0.006410 0.726000 0.398000 1.000000 0.000000 0.000000
1.350000 6.610000 1 0.031000 0.500000 0.050000 0.010000 0.240000 0.750000
0.000000 0.020000 2.000000 270000.000000 96.599998 100
0.233300 1.944000 3.025300 0.000000 1
10.000000 10.000000 10.000000 5.000000 25.000000 100.000000
0.000000 0.000000 0.000000 0.000000 0.000000 0.000000
500.000000 0.000000 0.000000

24.546240 572.145630 5161.675781
57.408741 7.621225 1075.875000 5368.719238 6473.695312
0.000000 16.762747 1.499862 1.010348 0.000000 0.000000
0.000039 0.002729 0.000405
-0.865799 0.163930 55.082821
764.299377 0.000000
1.732345 0.000000 0.000000 0.000000
0.000000 0.214327
7 0.020000 0.020000 0.031000
0.490000 0.314000 0.726000 0.398000 1.350000 6.610000 0.726000 0.726000
270000.000000 96.599998 0.006410
1.073000 0.050000 0.116600
144.001450 3.960267 0.003685 0.000000
0.000000

0.836880 43.918911 303.212738
16.916796 2.172410 271.538025 1647.570435 6320.696777
0.000000 9.862634 0.915819 0.505174 0.000000 0.000000
0.000019 0.001262 0.000246
-0.709161 0.178462 53.658710
764.299377 0.000000
0.414844 0.000000 0.000000 0.000000
0.000000 1.811840
7 0.020000 0.040000 0.031000
0.490000 0.314000 0.726000 0.398000 1.350000 6.610000 0.726000 0.726000
270000.000000 96.599998 0.006410
1.073000 0.050000 0.116600
3.846709 1.909746 0.001840 0.000000
0.000000

0.000002 26.140743 39.715370
15.955949 2.122646 253.065567 1531.639771 6317.697266
0.000000 3.551058 0.555928 0.252587 0.000000 0.000000
0.000006 0.001916 0.000195
-0.551375 0.195593 69.676949
764.299377 0.000000
0.000000 0.000000 0.000000 0.000000
0.000000 2.504905
7 0.020000 0.060000 0.031000
0.490000 0.314000 0.726000 0.398000 1.350000 6.610000 0.726000 0.726000
270000.000000 96.599998 0.006410
1.073000 0.050000 0.116600
3.847567 1.933859 0.002055 0.000000
0.000000

0.000000 23.084122 35.188976
15.994835 2.053595 253.596329 1525.851196 6317.074707
0.000000 1.330370 0.292647 0.126294 0.000000 0.000000
0.000003 0.001192 0.000091
-0.423504 0.215760 73.627243
764.299377 0.000000
0.000000 0.000000 0.000000 0.000000
0.000000 2.887286
7 0.020000 0.080000 0.031000
0.490000 0.314000 0.726000 0.398000 1.350000 6.610000 0.726000 0.726000
270000.000000 96.599998 0.006410
1.073000 0.050000 0.116600
3.850084 1.837079 0.002145 0.000000
0.000000

0.000000 21.735590 32.554848
13.061589 1.619519 207.271759 1239.770874 5094.480469
0.000000 0.445191 0.153606 0.063147 0.000000 0.000000
0.000002 0.000582 0.000028
-0.308737 0.241207 74.361679
764.299377 0.000000
0.000000 0.000000 0.000000 0.000000
0.000000 2.541508
7 0.020000 0.100000 0.025000
0.490000 0.314000 0.726000 0.398000 1.350000 6.610000 0.726000 0.726000
270000.000000 96.599998 0.006410
1.073000 0.050000 0.116600
3.107131 1.438079 0.001855 0.000000
0.000000

0.000000 19.860693 103.786713
13.070868 1.566638 206.249908 1235.808350 5094.520020
0.000000 0.132389 0.102214 0.031573 0.000000 0.000000
0.000000 0.000163 0.000010
-0.206403 0.275502 71.000801
764.299377 0.000000
0.000000 0.000000 0.000000 0.000000
0.000000 1.739706
7 0.020000 0.120000 0.025000
0.490000 0.314000 0.726000 0.398000 1.350000 6.610000 0.726000 0.726000
270000.000000 96.599998 0.006410
1.073000 0.050000 0.116600
3.105314 1.248708 0.001827 0.000000
0.000000

0.000000 13.392317 85.866386
13.015772 1.509474 205.855316 1226.660034 5093.685547
0.000000 0.030671 0.083841 0.015787 0.000000 0.000000
0.000000 0.000040 0.000006
-0.113880 0.326264 66.026115
764.299377 0.000000
0.000000 0.000000 0.000000 0.000000
0.000000 0.782179
7 0.020000 0.140000 0.025000
0.490000 0.314000 0.726000 0.398000 1.350000 6.610000 0.726000 0.726000
270000.000000 96.599998 0.006410
1.073000 0.050000 0.116600
3.109011 1.173021 0.002022 0.000000
0.000000

0.000000 41.089588 82.213959
12.980982 1.479768 205.634796 1218.822510 5092.675781
0.000000 0.009758 0.080064 0.007893 0.000000 0.000000
0.000000 0.000018 0.000003
-0.035170 0.414110 57.417202
764.299377 0.000000
0.000000 0.000000 0.000000 0.000000
0.000000 0.475606
7 0.020000 0.160000 0.025000
0.490000 0.314000 0.726000 0.398000 1.350000 6.610000 0.726000 0.726000
270000.000000 96.599998 0.006410
1.073000 0.050000 0.116600
3.113080 1.061909 0.002311 0.000000
0.000000

0.000000 38.317806 72.041344
10.471066 1.193272 166.432648 980.996826 4073.624023
0.000000 0.004716 0.059861 0.003947 0.000000 0.000000
0.000000 0.000013 0.000003
0.004576 0.639478 32.102814
764.299377 0.000000
0.000000 0.000000 0.000000 0.000000
0.000000 0.342548
7 0.020000 0.180000 0.020000
0.490000 0.314000 0.726000 0.398000 1.350000 6.610000 0.726000 0.726000
270000.000000 96.599998 0.006410
1.073000 0.050000 0.116600
2.493521 0.848388 0.002832 0.000000
0.000000

0.000000 35.600452 68.789284
10.462287 1.203380 167.312378 981.833984 4073.166992
0.000000 0.012338 0.072322 0.001973 0.000000 0.000000
0.000000 0.000007 0.000004
0.020590 1.000000 0.000000
764.299377 0.000000
0.000000 0.000000 0.000000 0.000000
0.000000 0.962278
7 0.020000 0.200000 0.020000
0.490000 0.314000 0.726000 0.398000 1.350000 6.610000 0.726000 0.726000
270000.000000 96.599998 0.006410
1.073000 0.050000 0.116600
2.496265 1.956269 0.010249 0.000000
0.000000

0.000000 33.093048 65.938934
10.436115 1.228838 168.262909 983.361450 4072.628174
0.000000 0.016576 0.071810 0.000987 0.000000 0.000000
0.000000 0.000008 0.000005
0.102438 1.000000 0.000000
764.299377 0.000000
0.000000 0.000000 0.000000 0.000000
0.000000 2.560780
7 0.020000 0.220000 0.020000
0.490000 0.314000 0.726000 0.398000 1.350000 6.610000 0.726000 0.726000
270000.000000 96.599998 0.006410
1.073000 0.050000 0.116600
2.499254 2.508729 0.013183 0.000000
0.000000

0.000000 30.735003 63.462429
10.432815 1.262399 169.017578 985.735535 4072.000977
0.000000 0.011206 0.057386 0.000493 0.000000 0.000000
0.000000 0.000005 0.000003
0.179790 1.000000 0.000000
764.299377 0.000000
0.000000 0.000000 0.000000 0.000000
0.000000 3.492673
7 0.020000 0.240000 0.020000
0.490000 0.314000 0.726000 0.398000 1.350000 6.610000 0.726000 0.726000
270000.000000 96.599998 0.006410
1.073000 0.050000 0.116600
2.502437 1.507847 0.007881 0.000000
0.000000

0.000000 27.963743 60.514374
10.408283 1.293100 168.969818 985.487061 4071.888428
0.000000 0.005192 0.053246 0.000247 0.000000 0.000000
0.000000 0.000004 0.000002
0.258495 0.726000 0.000000
764.299377 0.000000
0.000000 0.000000 0.000000 0.000000
0.000000 3.937899
7 0.020000 0.260000 0.020000
0.490000 0.314000 0.726000 0.398000 1.350000 6.610000 0.726000 0.726000
270000.000000 96.599998 0.006410
1.073000 0.050000 0.116600
2.503356 1.353426 0.005132 0.000000
0.000000

0.000000 28.127787 58.210743
9.489947 1.208924 156.592224 899.628296 3662.106934
0.000000 0.002470 0.038765 0.000123 0.000000 0.000000
0.000000 0.000003 0.000002
0.333998 1.000000 0.000000
764.299377 0.000000
0.000000 0.000000 0.000000 0.000000
0.000000 14.388058
7 0.020000 0.280000 0.018000
0.490000 0.314000 0.726000 0.398000 1.350000 6.610000 0.726000 0.726000
270000.000000 96.599998 0.000070
1.073000 0.050000 0.116600
2.263322 1.629972 0.008525 0.000000
0.000000

0.000000 26.314514 56.524132
9.495870 1.238010 157.763000 902.124817 3661.332031
0.000000 0.000296 0.035753 0.000062 0.000000 0.000000
0.000000 0.000003 0.000002
0.400717 1.000000 0.000000
764.299377 0.000000
0.000000 0.000000 0.000000 0.000000
0.000000 13.640360
7 0.020000 0.300000 0.018000
0.490000 0.314000 0.726000 0.398000 1.350000 6.610000 0.726000 0.726000
270000.000000 96.599998 0.000070
1.073000 0.050000 0.116600
2.266381 1.256679 0.006560 0.000000
0.000000

0.000000 23.743462 53.929771
9.457440 1.260404 157.433640 900.953003 3661.442627
0.000000 0.000031 0.038384 0.000031 0.000000 0.000000
0.000000 0.000002 0.000002
0.464261 0.998336 0.000000
764.299377 0.000000
0.000000 0.000000 0.000000 0.000000
0.000000 10.163103
7 0.020000 0.320000 0.018000
0.490000 0.314000 0.726000 0.398000 1.350000 6.610000 0.726000 0.726000
270000.000000 96.599998 0.000070
1.073000 0.050000 0.116600
2.266263 1.216661 0.006339 0.000000
0.000000

0.000000 22.294226 48.901230
8.351860 1.136671 140.786514 796.292664 3198.226318
0.000000 0.000000 0.027649 0.000015 0.000000 0.000000
0.000000 0.000001 0.000001
0.525168 0.995001 0.000000
764.299377 0.000000
0.000000 0.000000 0.000000 0.000000
0.000000 7.553021
8 0.020000 0.340000 0.015500
0.483000 0.377000 0.726000 0.484000 1.370000 6.610000 0.770000 0.770000
274000.000000 96.599998 0.000070
1.073000 0.050000 0.116600
1.987016 1.065681 0.005370 0.000000
0.000000

0.000000 20.125818 46.722134
8.318589 1.155109 140.557816 795.176575 3198.329834
0.000000 0.000000 0.029632 0.000008 0.000000 0.000000
0.000000 0.000001 0.000001
0.583654 0.994963 0.000000
764.299377 0.000000
0.000000 0.000000 0.000000 0.000000
0.000000 6.291211
8 0.020000 0.360000 0.015500
0.483000 0.377000 0.726000 0.484000 1.370000 6.610000 0.770000 0.770000
274000.000000 96.599998 0.000070
1.073000 0.050000 0.116600
1.986781 1.050991 0.005296 0.000000
0.000000

0.000000 18.189653 44.762905
8.287312 1.173036 140.360367 794.158630 3198.439453
0.000000 0.000001 0.031785 0.000004 0.000000 0.000000
0.000000 0.000001 0.000001
0.639699 0.995564 0.000000
764.299377 0.000000
0.000000 0.000000 0.000000 0.000000
0.000000 5.618400
8 0.020000 0.380000 0.015500
0.483000 0.377000 0.726000 0.484000 1.370000 6.610000 0.770000 0.770000
274000.000000 96.599998 0.000070
1.073000 0.050000 0.116600
1.986572 1.049260 0.005290 0.000000
0.000000

0.000000 16.444603 42.984566
8.257617 1.190449 140.165100 793.228577 3198.525879
0.000000 0.000053 0.041676 0.000002 0.000000 0.000000
0.000000 0.000001 0.000001
0.693530 0.995845 0.000000
764.299377 0.000000
0.000000 0.000000 0.000000 0.000000
0.000000 5.319425
8 0.020000 0.400000 0.015500
0.483000 0.377000 0.726000 0.484000 1.370000 6.610000 0.770000 0.770000
274000.000000 96.599998 0.000070
1.073000 0.050000 0.116600
1.986373 1.048531 0.005288 0.000000
0.000000

0.000000 14.897305 41.432259
8.231753 1.207735 140.078339 792.537842 3198.586182
0.000000 0.000080 0.051483 0.000001 0.000000 0.000000
0.000000 0.000001 0.000001
0.745373 0.995664 0.000000
764.299377 0.000000
0.000000 0.000000 0.000000 0.000000
0.000000 5.189600
8 0.020000 0.420000 0.015500
0.483000 0.377000 0.726000 0.484000 1.370000 6.610000 0.770000 0.770000
274000.000000 96.599998 0.000070
1.073000 0.050000 0.116600
1.986340 1.047927 0.005284 0.000000
0.000000

0.000000 13.480097 40.014145
8.207133 1.224575 139.963257 791.933289 3198.665039
0.000000 0.002271 0.120385 0.000000 0.000000 0.000000
0.000000 0.000001 0.000001
0.795440 0.994902 0.000000
764.299377 0.000000
0.000000 0.000000 0.000000 0.000000
0.000000 5.139264
8 0.020000 0.440000 0.015500
0.483000 0.377000 0.726000 0.484000 1.370000 6.610000 0.770000 0.770000
274000.000000 96.599998 0.000070
1.073000 0.050000 0.116600
1.986288 1.047560 0.005278 0.000000
0.000000

0.000000 12.224132 38.771511
8.185290 1.241258 139.924774 791.481567 3198.698486
0.000000 0.013810 0.196762 0.000000 0.000000 0.000000
0.000000 0.000001 0.000001
0.843934 0.993197 0.000000
764.299377 0.000000
0.000000 0.000000 0.000000 0.000000
0.000000 5.102701
8 0.020000 0.460000 0.015500
0.483000 0.377000 0.726000 0.484000 1.370000 6.610000 0.770000 0.770000
274000.000000 96.599998 0.000070
1.073000 0.050000 0.116600
1.986339 1.047066 0.005266 0.000000
0.000000

0.000000 11.069358 37.628120
8.164031 1.257509 139.847412 791.052429 3198.741455
0.000000 0.038567 0.251064 0.000000 0.000000 0.000000
0.000000 0.000003 0.000002
0.891050 0.990029 0.000000
764.299377 0.000000
0.000000 0.000000 0.000000 0.000000
0.000000 5.076304
8 0.020000 0.480000 0.015500
0.483000 0.377000 0.726000 0.484000 1.370000 6.610000 0.770000 0.770000
274000.000000 96.599998 0.000070
1.073000 0.050000 0.116600
1.986344 1.046845 0.005249 0.000000
0.000000

0.000000 10.035446 36.614288
8.144695 1.273590 139.827805 790.708923 3198.781006
0.000000 0.084474 0.298173 0.000000 0.000000 0.000000
0.000000 0.000005 0.000004
0.936979 0.984973 0.000000
764.299377 0.000000
0.000000 0.000000 0.000000 0.000000
0.000000 5.044790
8 0.020000 0.500000 0.015500
0.483000 0.377000 0.726000 0.484000 1.370000 6.610000 0.770000 0.770000
274000.000000 96.599998 0.000070
1.073000 0.050000 0.116600
1.986426 1.046600 0.005221 0.000000
0.000000

0.000000 9.099979 35.708385
8.126852 1.289488 139.797470 790.484375 3198.798584
0.000000 0.149691 0.336084 0.000000 0.000000 0.000000
0.000000 0.000008 0.000006
0.981901 0.977907 0.000000
764.299377 0.000000
0.000000 0.000000 0.000000 0.000000
0.000000 5.020214
8 0.020000 0.520000 0.015500
0.483000 0.377000 0.726000 0.484000 1.370000 6.610000 0.770000 0.770000
274000.000000 96.599998 0.000070
1.073000 0.050000 0.116600
1.986521 1.046407 0.005182 0.000000
0.000000

0.000000 7.306156 20.362484
4.142176 0.666995 70.334641 403.593872 1652.442261
0.000000 0.242915 0.244070 0.000000 0.000000 0.000000
0.000000 0.000010 0.000008
1.028365 0.770000 0.000000
764.299377 0.000000
0.000000 0.000000 0.000000 0.000000
0.000000 4.573145
8 0.020000 0.540000 0.008000
0.483000 0.377000 0.726000 0.484000 1.370000 6.610000 0.770000 0.770000
274000.000000 96.599998 0.002410
1.073000 0.050000 0.116600
1.020751 0.588291 0.002288 0.000000
0.000000

0.000000 6.668350 19.711023
4.133076 0.675780 70.406242 403.564148 1652.410156
0.000000 0.294937 0.252265 0.000000 0.000000 0.000000
0.000000 0.000010 0.000008
1.076771 0.770000 0.000000
764.299377 0.000000
0.000000 0.000000 0.000000 0.000000
0.000000 4.324285
8 0.020000 0.560000 0.008000
0.483000 0.377000 0.726000 0.484000 1.370000 6.610000 0.770000 0.770000
274000.000000 96.599998 0.002410
1.073000 0.050000 0.116600
1.021003 0.556929 0.002166 0.000000
0.000000

0.000000 6.085616 19.131172
4.124865 0.684513 70.486244 403.601929 1652.367920
0.000000 0.315638 0.258075 0.000000 0.000000 0.000000
0.000000 0.000010 0.000008
1.124445 0.770000 0.000000
764.299377 0.000000
0.000000 0.000000 0.000000 0.000000
0.000000 4.157053
8 0.020000 0.580000 0.008000
0.483000 0.377000 0.726000 0.484000 1.370000 6.610000 0.770000 0.770000
274000.000000 96.599998 0.002410
1.073000 0.050000 0.116600
1.021281 0.549340 0.002137 0.000000
0.000000

0.000000 5.564851 18.639101
4.118502 0.693373 70.617104 403.775299 1652.291016
0.000000 0.313116 0.259321 0.000000 0.000000 0.000000
0.000000 0.000008 0.000007
1.171479 0.770000 0.000000
764.299377 0.000000
0.000000 0.000000 0.000000 0.000000
0.000000 4.049175
8 0.020000 0.600000 0.008000
0.483000 0.377000 0.726000 0.484000 1.370000 6.610000 0.770000 0.770000
274000.000000 96.599998 0.002410
1.073000 0.050000 0.116600
1.021636 0.548673 0.002134 0.000000
0.000000

0.000000 5.094532 18.192831
4.112237 0.702082 70.764206 403.921021 1652.220825
0.000000 0.296748 0.260272 0.000000 0.000000 0.000000
0.000000 0.000007 0.000006
1.217955 0.770000 0.000000
764.299377 0.000000
0.000000 0.000000 0.000000 0.000000
0.000000 4.021878
8 0.020000 0.620000 0.008000
0.483000 0.377000 0.726000 0.484000 1.370000 6.610000 0.770000 0.770000
274000.000000 96.599998 0.002410
1.073000 0.050000 0.116600
1.021968 0.548173 0.002132 0.000000
0.000000

0.000000 4.671379 17.812338
4.106926 0.710798 70.885666 404.181427 1652.148926
0.000000 0.271042 0.259480 0.000000 0.000000 0.000000
0.000000 0.000006 0.000005
1.263944 0.770000 0.000000
764.299377 0.000000
0.000000 0.000000 0.000000 0.000000
0.000000 4.011729
8 0.020000 0.640000 0.008000
0.483000 0.377000 0.726000 0.484000 1.370000 6.610000 0.770000 0.770000
274000.000000 96.599998 0.002410
1.073000 0.050000 0.116600
1.022334 0.545655 0.002122 0.000000
0.000000

0.000000 4.290406 17.480618
4.102159 0.719462 71.047760 404.443970 1652.052490
0.000000 0.240053 0.256321 0.000000 0.000000 0.000000
0.000000 0.000005 0.000004
1.309510 0.770000 0.000000
764.299377 0.000000
0.000000 0.000000 0.000000 0.000000
0.000000 3.978879
8 0.020000 0.660000 0.008000
0.483000 0.377000 0.726000 0.484000 1.370000 6.610000 0.770000 0.770000
274000.000000 96.599998 0.002410
1.073000 0.050000 0.116600
1.022711 0.545182 0.002120 0.000000
0.000000

0.000000 3.947414 17.234320
4.100306 0.728506 71.253136 404.982788 1651.934570
0.000000 0.323040 0.269136 0.000000 0.000000 0.000000
0.000000 0.000005 0.000004
1.354708 0.770000 0.000000
764.299377 0.000000
0.000000 0.000000 0.000000 0.000000
0.000000 3.929572
8 0.020000 0.680000 0.008000
0.483000 0.377000 0.726000 0.484000 1.370000 6.610000 0.770000 0.770000
274000.000000 96.599998 0.002410
1.073000 0.050000 0.116600
1.023242 0.544476 0.002118 0.000000
0.000000

0.000000 3.634329 17.042957
4.099603 0.737640 71.469307 405.629181 1651.766113
0.000000 0.328176 0.271797 0.000000 0.000000 0.000000
0.000000 0.000005 0.000004
1.399584 0.770000 0.000000
764.299377 0.000000
0.000000 0.000000 0.000000 0.000000
0.000000 3.830628
8 0.020000 0.700000 0.008000
0.483000 0.377000 0.726000 0.484000 1.370000 6.610000 0.770000 0.770000
274000.000000 96.599998 0.002410
1.073000 0.050000 0.116600
1.023830 0.546138 0.002124 0.000000
0.000000

0.000000 3.351643 16.892353
4.099506 0.746777 71.712784 406.304199 1651.592041
0.000000 0.382964 0.279887 0.000000 0.000000 0.000000
0.000000 0.000005 0.000004
1.444179 0.770000 0.000000
764.299377 0.000000
0.000000 0.000000 0.000000 0.000000
0.000000 6.421477
8 0.020000 0.720000 0.008000
0.483000 0.377000 0.726000 0.484000 1.370000 6.610000 0.770000 0.770000
274000.000000 96.599998 0.002410
1.073000 0.050000 0.116600
1.024434 0.545752 0.002123 0.000000
0.000000

0.000000 3.159235 11.724020
2.560449 0.471987 45.137302 253.904816 1024.428467
0.000000 0.497744 0.193903 0.000000 0.000000 0.000000
0.000000 0.000005 0.000004
1.487451 0.849135 0.000000
764.299377 0.000000
0.000000 0.000000 0.000000 0.000000
0.000000 3.805582
8 0.020000 0.740000 0.005000
0.486000 0.396000 0.726000 0.501000 1.360000 6.610000 0.785000 0.785000
272000.000000 96.599998 0.003000
1.073000 0.050000 0.116600
0.636699 0.344708 0.001497 0.000000
0.000000

0.000000 2.936120 11.611272
2.558928 0.477042 45.333443 254.469681 1024.268799
0.000000 0.298822 0.187414 0.000000 0.000000 0.000000
0.000000 0.000003 0.000003
1.527836 1.000000 0.000000
764.299377 0.000000
0.000000 0.000000 0.000000 0.000000
0.000000 3.225058
8 0.020000 0.760000 0.005000
0.486000 0.396000 0.726000 0.501000 1.360000 6.610000 0.785000 0.785000
272000.000000 96.599998 0.003000
1.073000 0.050000 0.116600
0.637196 0.338975 0.001734 0.000000
0.000000

0.000000 2.728393 11.539392
2.559942 0.482187 45.567715 255.109070 1024.112427
0.000000 0.221239 0.188611 0.000000 0.000000 0.000000
0.000000 0.000002 0.000002
1.566494 1.000000 0.000000
764.299377 0.000000
0.000000 0.000000 0.000000 0.000000
0.000000 4.069855
8 0.020000 0.780000 0.005000
0.486000 0.396000 0.726000 0.501000 1.360000 6.610000 0.785000 0.785000
272000.000000 96.599998 0.003000
1.073000 0.050000 0.116600
0.637742 0.340234 0.001740 0.000000
0.000000

0.000000 2.545884 11.496827
2.563487 0.487677 45.822960 255.753906 1023.952637
0.000000 0.372786 0.193023 0.000000 0.000000 0.000000
0.000000 0.000003 0.000002
1.604957 1.000000 0.000000
764.299377 0.000000
0.000000 0.000000 0.000000 0.000000
0.000000 3.438385
8 0.020000 0.800000 0.005000
0.486000 0.396000 0.726000 0.501000 1.360000 6.610000 0.785000 0.785000
272000.000000 96.599998 0.003000
1.073000 0.050000 0.116600
0.638298 0.335235 0.001714 0.000000
0.000000

0.000000 2.393014 11.495468
2.567924 0.493292 46.160450 256.414886 1023.794739
0.000000 0.227744 0.174194 0.000000 0.000000 0.000000
0.000000 0.000002 0.000001
1.643239 1.000000 0.000000
764.299377 0.000000
0.000000 0.000000 0.000000 0.000000
0.000000 3.007521
8 0.020000 0.820000 0.005000
0.486000 0.396000 0.726000 0.501000 1.360000 6.610000 0.785000 0.785000
272000.000000 96.599998 0.003000
1.073000 0.050000 0.116600
0.638898 0.334325 0.001710 0.000000
0.000000

0.000000 2.255608 11.517861
2.572573 0.498910 46.441868 257.152679 1023.625854
0.000000 0.116475 0.158632 0.000000 0.000000 0.000000
0.000000 0.000001 0.000001
1.681346 1.000000 0.000000
764.299377 0.000000
0.000000 0.000000 0.000000 0.000000
0.000000 2.940251
8 0.020000 0.840000 0.005000
0.486000 0.396000 0.726000 0.501000 1.360000 6.610000 0.785000 0.785000
272000.000000 96.599998 0.003000
1.073000 0.050000 0.116600
0.639500 0.333511 0.001706 0.000000
0.000000

0.000000 2.105468 11.514543
2.575704 0.504193 46.622837 257.808746 1023.472717
0.000000 0.100853 0.160320 0.000000 0.000000 0.000000
0.000000 0.000001 0.000001
1.719286 1.000000 0.000000
764.299377 0.000000
0.000000 0.000000 0.000000 0.000000
0.000000 2.881292
8 0.020000 0.860000 0.005000
0.486000 0.396000 0.726000 0.501000 1.360000 6.610000 0.785000 0.785000
272000.000000 96.599998 0.003000
1.073000 0.050000 0.116600
0.639992 0.334989 0.001713 0.000000
0.000000

0.000000 1.949983 11.465790
2.576260 0.508925 46.747311 258.213135 1023.377930
0.000000 0.113534 0.165514 0.000000 0.000000 0.000000
0.000000 0.000001 0.000001
1.757059 1.000000 0.000000
764.299377 0.000000
0.000000 0.000000 0.000000 0.000000
0.000000 2.772640
8 0.020000 0.880000 0.005000
0.486000 0.396000 0.726000 0.501000 1.360000 6.610000 0.785000 0.785000
272000.000000 96.599998 0.003000
1.073000 0.050000 0.116600
0.640309 0.332426 0.001700 0.000000
0.000000

0.000000 1.805079 11.421032
2.576440 0.513533 46.866852 258.572388 1023.292236
0.000000 0.120145 0.167333 0.000000 0.000000 0.000000
0.000000 0.000001 0.000001
1.794665 1.000000 0.000000
764.299377 0.000000
0.000000 0.000000 0.000000 0.000000
0.000000 2.669247
8 0.020000 0.900000 0.005000
0.486000 0.396000 0.726000 0.501000 1.360000 6.610000 0.785000 0.785000
272000.000000 96.599998 0.003000
1.073000 0.050000 0.116600
0.640596 0.332177 0.001699 0.000000
0.000000

0.000000 1.681964 11.432809
2.578558 0.518480 47.022449 259.119202 1023.154175
0.000000 0.109726 0.164176 0.000000 0.000000 0.000000
0.000000 0.000001 0.000000
1.832102 1.000000 0.000000
764.299377 0.000000
0.000000 0.000000 0.000000 0.000000
0.000000 2.620093
8 0.020000 0.920000 0.005000
0.486000 0.396000 0.726000 0.501000 1.360000 6.610000 0.785000 0.785000
272000.000000 96.599998 0.003000
1.073000 0.050000 0.116600
0.640997 0.332643 0.001701 0.000000
0.000000

0.000000 1.567174 3.342395
0.519393 0.105314 9.488643 52.197002 204.603806
0.000000 0.119616 0.066152 0.000000 0.000000 0.000000
0.000000 0.000000 0.000000
1.869365 1.000000 0.000000
764.299377 0.000000
0.000000 0.000000 0.000000 0.000000
0.000000 1.601555
8 0.020000 0.940000 0.001000
0.486000 0.396000 0.726000 0.501000 1.360000 6.610000 0.785000 0.785000
272000.000000 96.599998 0.003000
1.073000 0.050000 0.116600
0.128283 0.071129 0.000363 0.000000
0.000000

0.000000 1.474374 3.271244
0.519580 0.106245 9.542625 52.257793 204.579437
0.000000 0.088930 0.063764 0.000000 0.000000 0.000000
0.000000 0.000000 0.000000
1.906448 1.000000 0.000000
764.299377 0.000000
0.000000 0.000000 0.000000 0.000000
0.000000 1.281004
8 0.020000 0.960000 0.001000
0.486000 0.396000 0.726000 0.501000 1.360000 6.610000 0.785000 0.785000
272000.000000 96.599998 0.003000
1.073000 0.050000 0.116600
0.128372 0.067240 0.000343 0.000000
0.000000

0.000000 1.399068 3.216619
0.520003 0.107215 9.628615 52.312809 204.550201
0.000000 0.054345 0.064724 0.000000 0.000000 0.000000
0.000000 0.000000 0.000000
1.943344 1.000000 0.000000
764.299377 0.000000
0.000000 0.000000 0.000000 0.000000
0.000000 1.109628
8 0.020000 0.980000 0.001000
0.486000 0.396000 0.726000 0.501000 1.360000 6.610000 0.785000 0.785000
272000.000000 96.599998 0.003000
1.073000 0.050000 0.116600
0.128472 0.066365 0.000339 0.000000
0.000000

0.000000 1.318635 3.182382
0.521118 0.108320 9.676719 52.487766 204.516861
0.000000 0.025150 0.039985 0.000000 0.000000 0.000000
0.000000 0.000000 0.000000
1.980046 1.000000 0.000000
764.299377 0.000000
0.000000 0.000000 0.000000 0.000000
0.000000 0.967223
8 0.020000 1.000000 0.001000
0.486000 0.396000 0.726000 0.501000 1.360000 6.610000 0.785000 0.785000
272000.000000 96.599998 0.003000
1.073000 0.050000 0.116600
0.128611 0.066076 0.000337 0.000000
0.000000

0.000000 1.217343 3.123715
0.521236 0.109212 9.693601 52.575558 204.500488
0.000000 0.007171 0.020244 0.000000 0.000000 0.000000
0.000000 0.000000 0.000000
2.016544 1.000000 0.000000
764.299377 0.000000
0.000000 0.000000 0.000000 0.000000
0.000000 0.909482
8 0.020000 1.020000 0.001000
0.486000 0.396000 0.726000 0.501000 1.360000 6.610000 0.785000 0.785000
272000.000000 96.599998 0.003000
1.073000 0.050000 0.116600
0.128679 0.065924 0.000337 0.000000
0.000000

0.000000 1.119668 3.047703
0.520384 0.109890 9.693380 52.563339 204.499588
0.000000 0.000942 0.009490 0.000000 0.000000 0.000000
0.000000 0.000000 0.000000
2.052829 1.000000 0.000000
764.299377 0.000000
0.000000 0.000000 0.000000 0.000000
0.000000 0.868166
8 0.020000 1.040000 0.001000
0.486000 0.396000 0.726000 0.501000 1.360000 6.610000 0.785000 0.785000
272000.000000 96.599998 0.003000
1.073000 0.050000 0.116600
0.128681 0.065876 0.000336 0.000000
0.000000

0.000000 1.031504 2.979473
0.519579 0.110566 9.693197 52.555138 204.497345
0.000000 0.000066 0.004834 0.000000 0.000000 0.000000
0.000000 0.000000 0.000000
2.088892 1.000000 0.000000
764.299377 0.000000
0.000000 0.000000 0.000000 0.000000
0.000000 0.836101
8 0.020000 1.060000 0.001000
0.486000 0.396000 0.726000 0.501000 1.360000 6.610000 0.785000 0.785000
272000.000000 96.599998 0.003000
1.073000 0.050000 0.116600
0.128685 0.065831 0.000336 0.000000
0.000000

0.000000 0.951229 2.917608
0.518793 0.111234 9.692513 52.548111 204.496887
0.000000 0.000008 0.004359 0.000000 0.000000 0.000000
0.000000 0.000000 0.000000
2.124725 1.000000 0.000000
764.299377 0.000000
0.000000 0.000000 0.000000 0.000000
0.000000 0.809722
8 0.020000 1.080000 0.001000
0.486000 0.396000 0.726000 0.501000 1.360000 6.610000 0.785000 0.785000
272000.000000 96.599998 0.003000
1.073000 0.050000 0.116600
0.128689 0.065800 0.000336 0.000000
0.000000

0.000000 0.878629 2.861536
0.518022 0.111893 9.692596 52.540630 204.496552
0.000000 0.000002 0.005118 0.000000 0.000000 0.000000
0.000000 0.000000 0.000000
2.160316 1.000000 0.000000
764.299377 0.000000
0.000000 0.000000 0.000000 0.000000
0.000000 0.786414
8 0.020000 1.100000 0.001000
0.486000 0.396000 0.726000 0.501000 1.360000 6.610000 0.785000 0.785000
272000.000000 96.599998 0.003000
1.073000 0.050000 0.116600
0.128694 0.065774 0.000336 0.000000
0.000000

0.000000 0.812883 2.810812
0.517270 0.112546 9.692480 52.534164 204.496613
0.000000 0.000000 0.005988 0.000000 0.000000 0.000000
0.000000 0.000000 0.000000
2.195658 1.000000 0.000000
764.299377 0.000000
0.000000 0.000000 0.000000 0.000000
0.000000 0.764847
8 0.020000 1.120000 0.001000
0.486000 0.396000 0.726000 0.501000 1.360000 6.610000 0.785000 0.785000
272000.000000 96.599998 0.003000
1.073000 0.050000 0.116600
0.128695 0.065752 0.000336 0.000000
0.000000

0.000000 0.752984 2.764777
0.516536 0.113191 9.691345 52.529415 204.497040
0.000000 0.000000 0.006831 0.000000 0.000000 0.000000
0.000000 0.000000 0.000000
2.230741 1.000000 0.000000
764.299377 0.000000
0.000000 0.000000 0.000000 0.000000
0.000000 1.031715
8 0.020000 1.140000 0.001000
0.486000 0.396000 0.726000 0.501000 1.360000 6.610000 0.785000 0.785000
272000.000000 96.599998 0.003000
1.073000 0.050000 0.116600
0.128698 0.065971 0.000337 0.000000
0.000000

0.000000 0.594863 2.656209
0.515768 0.113820 9.690772 52.524296 204.496445
0.000000 0.000180 0.034974 0.000000 0.000000 0.000000
0.000000 0.000000 0.000000
2.265556 1.000000 0.000000
764.299377 0.000000
0.000000 0.000000 0.000000 0.000000
0.000000 0.776727
8 0.020000 1.160000 0.001000
0.486000 0.396000 0.726000 0.501000 1.360000 6.610000 0.785000 0.785000
272000.000000 96.599998 0.003000
1.073000 0.050000 0.116600
0.128700 0.065947 0.000337 0.000000
0.000000

0.000000 0.555963 2.625709
0.515101 0.114458 9.692145 52.521900 204.495575
0.000000 0.000718 0.036460 0.000000 0.000000 0.000000
0.000000 0.000000 0.000000
2.300097 1.000000 0.000000
764.299377 0.000000
0.000000 0.000000 0.000000 0.000000
0.000000 0.742881
8 0.020000 1.180000 0.001000
0.486000 0.396000 0.726000 0.501000 1.360000 6.610000 0.785000 0.785000
272000.000000 96.599998 0.003000
1.073000 0.050000 0.116600
0.128704 0.065732 0.000336 0.000000
0.000000

0.000000 0.520441 2.597575
0.514425 0.115083 9.691176 52.519562 204.495377
0.000000 0.001819 0.046245 0.000000 0.000000 0.000000
0.000000 0.000000 0.000000
2.334355 1.000000 0.000000
764.299377 0.000000
0.000000 0.000000 0.000000 0.000000
0.000000 0.713608
8 0.020000 1.200000 0.001000
0.486000 0.396000 0.726000 0.501000 1.360000 6.610000 0.785000 0.785000
272000.000000 96.599998 0.003000
1.073000 0.050000 0.116600
0.128708 0.065704 0.000336 0.000000
0.000000

0.000000 0.488628 2.572725
0.513785 0.115707 9.692850 52.517673 204.494827
0.000000 0.003327 0.061873 0.000000 0.000000 0.000000
0.000000 0.000000 0.000000
2.368322 1.000000 0.000000
764.299377 0.000000
0.000000 0.000000 0.000000 0.000000
0.000000 0.686375
8 0.020000 1.220000 0.001000
0.486000 0.396000 0.726000 0.501000 1.360000 6.610000 0.785000 0.785000
272000.000000 96.599998 0.003000
1.073000 0.050000 0.116600
0.128711 0.065677 0.000335 0.000000
0.000000

0.000000 0.396238 2.506211
0.513089 0.116308 9.692182 52.513805 204.493774
0.000000 0.004715 0.077152 0.000000 0.000000 0.000000
0.000000 0.000000 0.000000
2.401994 1.000000 0.000000
764.299377 0.000000
0.000000 0.000000 0.000000 0.000000
0.000000 0.675889
8 0.020000 1.240000 0.001000
0.486000 0.396000 0.726000 0.501000 1.360000 6.610000 0.785000 0.785000
272000.000000 96.599998 0.003000
1.073000 0.050000 0.116600
0.128715 0.065666 0.000335 0.000000
0.000000

0.000000 0.375981 2.489801
0.512468 0.116915 9.693720 52.511757 204.493347
0.000000 0.005395 0.079068 0.000000 0.000000 0.000000
0.000000 0.000000 0.000000
2.435362 1.000000 0.000000
764.299377 0.000000
0.000000 0.000000 0.000000 0.000000
0.000000 0.629531
8 0.020000 1.260000 0.001000
0.486000 0.396000 0.726000 0.501000 1.360000 6.610000 0.785000 0.785000
272000.000000 96.599998 0.003000
1.073000 0.050000 0.116600
0.128718 0.065623 0.000335 0.000000
0.000000

0.000000 0.357696 2.475645
0.511884 0.117521 9.694337 52.514008 204.492157
0.000000 0.005637 0.080641 0.000000 0.000000 0.000000
0.000000 0.000000 0.000000
2.468423 1.000000 0.000000
764.299377 0.000000
0.000000 0.000000 0.000000 0.000000
0.000000 1.464386
8 0.020000 1.280000 0.001000
0.486000 0.396000 0.726000 0.501000 1.360000 6.610000 0.785000 0.785000
272000.000000 96.599998 0.003000
1.073000 0.050000 0.116600
0.128722 0.067613 0.000345 0.000000
0.000000

0.000000 0.341083 2.462420
0.511288 0.118114 9.696000 52.512753 204.492218
0.000000 0.005669 0.081833 0.000000 0.000000 0.000000
0.000000 0.000000 0.000000
2.501171 1.000000 0.000000
764.299377 0.000000
0.000000 0.000000 0.000000 0.000000
0.000000 0.953474
8 0.020000 1.300000 0.001000
0.486000 0.396000 0.726000 0.501000 1.360000 6.610000 0.785000 0.785000
272000.000000 96.599998 0.003000
1.073000 0.050000 0.116600
0.128724 0.065841 0.000336 0.000000
0.000000

0.000000 0.326077 2.451015
0.510728 0.118706 9.696939 52.515514 204.491653
0.000000 0.005663 0.082839 0.000000 0.000000 0.000000
0.000000 0.000000 0.000000
2.533602 1.000000 0.000000
764.299377 0.000000
0.000000 0.000000 0.000000 0.000000
0.000000 1.006334
8 0.020000 1.320000 0.001000
0.486000 0.396000 0.726000 0.501000 1.360000 6.610000 0.785000 0.785000
272000.000000 96.599998 0.003000
1.073000 0.050000 0.116600
0.128727 0.066091 0.000338 0.000000
0.000000

0.000000 0.277231 2.414256
0.510111 0.119276 9.698093 52.512135 204.491501
0.000000 0.005762 0.086338 0.000000 0.000000 0.000000
0.000000 0.000000 0.000000
2.565712 1.000000 0.000000
764.299377 0.000000
0.000000 0.000000 0.000000 0.000000
0.000000 0.945692
8 0.020000 1.340000 0.001000
0.486000 0.396000 0.726000 0.501000 1.360000 6.610000 0.785000 0.785000
272000.000000 96.599998 0.003000
1.073000 0.050000 0.116600
0.128731 0.065875 0.000336 0.000000
0.000000

0.000000 0.268168 2.407186
0.509557 0.119850 9.698605 52.513920 204.490860
0.000000 0.005789 0.087185 0.000000 0.000000 0.000000
0.000000 0.000000 0.000000
2.597498 1.000000 0.000000
764.299377 0.000000
0.000000 0.000000 0.000000 0.000000
0.000000 0.911697
8 0.020000 1.360000 0.001000
0.486000 0.396000 0.726000 0.501000 1.360000 6.610000 0.785000 0.785000
272000.000000 96.599998 0.003000
1.073000 0.050000 0.116600
0.128734 0.065834 0.000336 0.000000
0.000000

0.000000 0.260031 2.400916
0.509014 0.120418 9.700544 52.514656 204.490768
0.000000 0.005643 0.087818 0.000000 0.000000 0.000000
0.000000 0.000000 0.000000
2.628958 1.000000 0.000000
764.299377 0.000000
0.000000 0.000000 0.000000 0.000000
0.000000 0.920460
8 0.020000 1.380000 0.001000
0.486000 0.396000 0.726000 0.501000 1.360000 6.610000 0.785000 0.785000
272000.000000 96.599998 0.003000
1.073000 0.050000 0.116600
0.128737 0.065823 0.000336 0.000000
0.000000

0.000000 0.252573 2.395210
0.508474 0.120978 9.700986 52.516331 204.491577
0.000000 0.005265 0.088247 0.000000 0.000000 0.000000
0.000000 0.000000 0.000000
2.660089 1.000000 0.000000
764.299377 0.000000
0.000000 0.000000 0.000000 0.000000
0.000000 0.909874
8 0.020000 1.400000 0.001000
0.486000 0.396000 0.726000 0.501000 1.360000 6.610000 0.785000 0.785000
272000.000000 96.599998 0.003000
1.073000 0.050000 0.116600
0.128738 0.065790 0.000336 0.000000
0.000000

0.000000 0.245933 2.390536
0.507960 0.121534 9.702712 52.519062 204.491287
0.000000 0.004714 0.088465 0.000000 0.000000 0.000000
0.000000 0.000000 0.000000
2.690890 1.000000 0.000000
764.299377 0.000000
0.000000 0.000000 0.000000 0.000000
0.000000 0.896416
8 0.020000 1.420000 0.001000
0.486000 0.396000 0.726000 0.501000 1.360000 6.610000 0.785000 0.785000
272000.000000 96.599998 0.003000
1.073000 0.050000 0.116600
0.128741 0.065760 0.000336 0.000000
0.000000

0.000000 0.220729 2.371099
0.507414 0.122075 9.703924 52.518490 204.490356
0.000000 0.004252 0.093492 0.000000 0.000000 0.000000
0.000000 0.000000 0.000000
2.721359 1.000000 0.000000
764.299377 0.000000
0.000000 0.000000 0.000000 0.000000
0.000000 0.886130
8 0.020000 1.440000 0.001000
0.486000 0.396000 0.726000 0.501000 1.360000 6.610000 0.785000 0.785000
272000.000000 96.599998 0.003000
1.073000 0.050000 0.116600
0.128746 0.065765 0.000336 0.000000
0.000000

0.000000 0.216986 2.368454
0.506904 0.122616 9.704645 52.520809 204.490631
0.000000 0.004080 0.103273 0.000000 0.000000 0.000000
0.000000 0.000000 0.000000
2.751494 1.000000 0.000000
764.299377 0.000000
0.000000 0.000000 0.000000 0.000000
0.000000 0.889816
8 0.020000 1.460000 0.001000
0.486000 0.396000 0.726000 0.501000 1.360000 6.610000 0.785000 0.785000
272000.000000 96.599998 0.003000
1.073000 0.050000 0.116600
0.128746 0.065778 0.000336 0.000000
0.000000

0.000000 0.213716 2.366577
0.506418 0.123154 9.706047 52.524498 204.490067
0.000000 0.004022 0.104478 0.000000 0.000000 0.000000
0.000000 0.000000 0.000000
2.781297 1.000000 0.000000
764.299377 0.000000
0.000000 0.000000 0.000000 0.000000
0.000000 1.028146
8 0.020000 1.480000 0.001000
0.486000 0.396000 0.726000 0.501000 1.360000 6.610000 0.785000 0.785000
272000.000000 96.599998 0.003000
1.073000 0.050000 0.116600
0.128751 0.066326 0.000339 0.000000
0.000000

0.000000 0.210633 2.364356
0.505914 0.123679 9.706270 52.526295 204.491135
0.000000 0.004081 0.106429 0.000000 0.000000 0.000000
0.000000 0.000000 0.000000
2.810767 1.000000 0.000000
764.299377 0.000000
0.000000 0.000000 0.000000 0.000000
0.000000 0.960770
8 0.020000 1.500000 0.001000
0.486000 0.396000 0.726000 0.501000 1.360000 6.610000 0.785000 0.785000
272000.000000 96.599998 0.003000
1.073000 0.050000 0.116600
0.128752 0.065900 0.000337 0.000000
0.000000

0.000000 0.207933 2.362650
0.505427 0.124199 9.707366 52.528481 204.490616
0.000000 0.004172 0.107999 0.000000 0.000000 0.000000
0.000000 0.000000 0.000000
2.839904 1.000000 0.000000
764.299377 0.000000
0.000000 0.000000 0.000000 0.000000
0.000000 0.923711
8 0.020000 1.520000 0.001000
0.486000 0.396000 0.726000 0.501000 1.360000 6.610000 0.785000 0.785000
272000.000000 96.599998 0.003000
1.073000 0.050000 0.116600
0.128753 0.065842 0.000336 0.000000
0.000000

0.000000 0.205398 2.360887
0.504936 0.124711 9.706681 52.531067 204.491577
0.000000 0.004244 0.108736 0.000000 0.000000 0.000000
0.000000 0.000000 0.000000
2.868708 1.000000 0.000000
764.299377 0.000000
0.000000 0.000000 0.000000 0.000000
0.000000 0.923127
8 0.020000 1.540000 0.001000
0.486000 0.396000 0.726000 0.501000 1.360000 6.610000 0.785000 0.785000
272000.000000 96.599998 0.003000
1.073000 0.050000 0.116600
0.128756 0.065852 0.000336 0.000000
0.000000

0.000000 0.193680 2.351610
0.504442 0.125214 9.707431 52.531738 204.491257
0.000000 0.004811 0.127974 0.000000 0.000000 0.000000
0.000000 0.000000 0.000000
2.897181 1.000000 0.000000
764.299377 0.000000
0.000000 0.000000 0.000000 0.000000
0.000000 0.904451
8 0.020000 1.560000 0.001000
0.486000 0.396000 0.726000 0.501000 1.360000 6.610000 0.785000 0.785000
272000.000000 96.599998 0.003000
1.073000 0.050000 0.116600
0.128758 0.065820 0.000336 0.000000
0.000000

0.000000 0.192582 2.351267
0.503977 0.125716 9.708651 52.533966 204.491409
0.000000 0.005548 0.130268 0.000000 0.000000 0.000000
0.000000 0.000000 0.000000
2.925323 1.000000 0.000000
764.299377 0.000000
0.000000 0.000000 0.000000 0.000000
0.000000 0.907887
8 0.020000 1.580000 0.001000
0.486000 0.396000 0.726000 0.501000 1.360000 6.610000 0.785000 0.785000
272000.000000 96.599998 0.003000
1.073000 0.050000 0.116600
0.128759 0.065833 0.000336 0.000000
0.000000

0.000000 0.191645 2.351371
0.503530 0.126215 9.709932 52.537693 204.490387
0.000000 0.006515 0.132281 0.000000 0.000000 0.000000
0.000000 0.000000 0.000000
2.953136 1.000000 0.000000
764.299377 0.000000
0.000000 0.000000 0.000000 0.000000
0.000000 0.939021
8 0.020000 1.600000 0.001000
0.486000 0.396000 0.726000 0.501000 1.360000 6.610000 0.785000 0.785000
272000.000000 96.599998 0.003000
1.073000 0.050000 0.116600
0.128762 0.065843 0.000336 0.000000
0.000000

0.000000 0.190731 2.351099
0.503072 0.126704 9.710877 52.539589 204.491043
0.000000 0.007595 0.133617 0.000000 0.000000 0.000000
0.000000 0.000000 0.000000
2.980622 1.000000 0.000000
764.299377 0.000000
0.000000 0.000000 0.000000 0.000000
0.000000 0.974879
8 0.020000 1.620000 0.001000
0.486000 0.396000 0.726000 0.501000 1.360000 6.610000 0.785000 0.785000
272000.000000 96.599998 0.003000
1.073000 0.050000 0.116600
0.128763 0.066345 0.000339 0.000000
0.000000

0.000000 0.189986 2.351335
0.502637 0.127190 9.712326 52.543163 204.491104
0.000000 0.008627 0.135207 0.000000 0.000000 0.000000
0.000000 0.000000 0.000000
3.007782 1.000000 0.000000
764.299377 0.000000
0.000000 0.000000 0.000000 0.000000
0.000000 0.924383
8 0.020000 1.640000 0.001000
0.486000 0.396000 0.726000 0.501000 1.360000 6.610000 0.785000 0.785000
272000.000000 96.599998 0.003000
1.073000 0.050000 0.116600
0.128768 0.065868 0.000336 0.000000
0.000000

0.000000 0.189313 2.351639
0.502209 0.127671 9.714075 52.546413 204.490387
0.000000 0.009389 0.135529 0.000000 0.000000 0.000000
0.000000 0.000000 0.000000
3.034619 1.000000 0.000000
764.299377 0.000000
0.000000 0.000000 0.000000 0.000000
0.000000 0.947000
8 0.020000 1.660000 0.001000
0.486000 0.396000 0.726000 0.501000 1.360000 6.610000 0.785000 0.785000
272000.000000 96.599998 0.003000
1.073000 0.050000 0.116600
0.128768 0.065895 0.000337 0.000000
0.000000

0.000000 0.183584 2.347041
0.501754 0.128138 9.714585 52.547276 204.490967
0.000000 0.009772 0.136366 0.000000 0.000000 0.000000
0.000000 0.000000 0.000000
3.061134 1.000000 0.000000
764.299377 0.000000
0.000000 0.000000 0.000000 0.000000
0.000000 0.923759
8 0.020000 1.680000 0.001000
0.486000 0.396000 0.726000 0.501000 1.360000 6.610000 0.785000 0.785000
272000.000000 96.599998 0.003000
1.073000 0.050000 0.116600
0.128772 0.065871 0.000336 0.000000
0.000000

0.000000 0.183480 2.350518
0.501443 0.128635 9.717518 52.562412 204.488190
0.000000 0.009693 0.136326 0.000000 0.000000 0.000000
0.000000 0.000000 0.000000
3.087328 1.000000 0.000000
764.299377 0.000000
0.000000 0.000000 0.000000 0.000000
0.000000 0.917482
8 0.020000 1.700000 0.001000
0.486000 0.396000 0.726000 0.501000 1.360000 6.610000 0.785000 0.785000
272000.000000 96.599998 0.003000
1.073000 0.050000 0.116600
0.128781 0.065850 0.000336 0.000000
0.000000

0.000000 0.183425 2.351733
0.501047 0.129102 9.719366 52.567394 204.487274
0.000000 0.009186 0.135545 0.000000 0.000000 0.000000
0.000000 0.000000 0.000000
3.113206 1.000000 0.000000
764.299377 0.000000
0.000000 0.000000 0.000000 0.000000
0.000000 0.924012
8 0.020000 1.720000 0.001000
0.486000 0.396000 0.726000 0.501000 1.360000 6.610000 0.785000 0.785000
272000.000000 96.599998 0.003000
1.073000 0.050000 0.116600
0.128785 0.065863 0.000336 0.000000
0.000000

0.000000 0.183426 2.353117
0.500660 0.129565 9.721268 52.572830 204.487183
0.000000 0.008396 0.134351 0.000000 0.000000 0.000000
0.000000 0.000000 0.000000
3.138768 1.000000 0.000000
764.299377 0.000000
0.000000 0.000000 0.000000 0.000000
0.000000 0.923413
8 0.020000 1.740000 0.001000
0.486000 0.396000 0.726000 0.501000 1.360000 6.610000 0.785000 0.785000
272000.000000 96.599998 0.003000
1.073000 0.050000 0.116600
0.128788 0.065866 0.000336 0.000000
0.000000

0.000000 0.183375 2.354529
0.500282 0.130023 9.723217 52.578564 204.486328
0.000000 0.007522 0.133160 0.000000 0.000000 0.000000
0.000000 0.000000 0.000000
3.164018 1.000000 0.000000
764.299377 0.000000
0.000000 0.000000 0.000000 0.000000
0.000000 0.920252
8 0.020000 1.760000 0.001000
0.486000 0.396000 0.726000 0.501000 1.360000 6.610000 0.785000 0.785000
272000.000000 96.599998 0.003000
1.073000 0.050000 0.116600
0.128793 0.065856 0.000336 0.000000
0.000000

0.000000 0.183387 2.356177
0.499916 0.130478 9.725308 52.585110 204.485413
0.000000 0.006718 0.131857 0.000000 0.000000 0.000000
0.000000 0.000000 0.000000
3.188958 1.000000 0.000000
764.299377 0.000000
0.000000 0.000000 0.000000 0.000000
0.000000 0.918085
8 0.020000 1.780000 0.001000
0.486000 0.396000 0.726000 0.501000 1.360000 6.610000 0.785000 0.785000
272000.000000 96.599998 0.003000
1.073000 0.050000 0.116600
0.128798 0.065853 0.000336 0.000000
0.000000

0.000000 0.183386 2.357735
0.499552 0.130926 9.727313 52.591263 204.485519
0.000000 0.006067 0.130793 0.000000 0.000000 0.000000
0.000000 0.000000 0.000000
3.213589 1.000000 0.000000
764.299377 0.000000
0.000000 0.000000 0.000000 0.000000
0.000000 0.911487
8 0.020000 1.800000 0.001000
0.486000 0.396000 0.726000 0.501000 1.360000 6.610000 0.785000 0.785000
272000.000000 96.599998 0.003000
1.073000 0.050000 0.116600
0.128802 0.065837 0.000336 0.000000
0.000000

0.000000 0.182362 2.358268
0.499188 0.131368 9.729223 52.596863 204.485199
0.000000 0.006007 0.146147 0.000000 0.000000 0.000000
0.000000 0.000000 0.000000
3.237916 1.000000 0.000000
764.299377 0.000000
0.000000 0.000000 0.000000 0.000000
0.000000 0.918792
8 0.020000 1.820000 0.001000
0.486000 0.396000 0.726000 0.501000 1.360000 6.610000 0.785000 0.785000
272000.000000 96.599998 0.003000
1.073000 0.050000 0.116600
0.128804 0.065850 0.000336 0.000000
0.000000

0.000000 0.182476 2.359419
0.498815 0.131801 9.730835 52.600914 204.485291
0.000000 0.006123 0.148214 0.000000 0.000000 0.000000
0.000000 0.000000 0.000000
3.261940 1.000000 0.000000
764.299377 0.000000
0.000000 0.000000 0.000000 0.000000
0.000000 0.911876
8 0.020000 1.840000 0.001000
0.486000 0.396000 0.726000 0.501000 1.360000 6.610000 0.785000 0.785000
272000.000000 96.599998 0.003000
1.073000 0.050000 0.116600
0.128809 0.065837 0.000336 0.000000
0.000000

0.000000 0.182617 2.360770
0.498455 0.132230 9.732586 52.605839 204.484436
0.000000 0.006334 0.149912 0.000000 0.000000 0.000000
0.000000 0.000000 0.000000
3.285665 1.000000 0.000000
764.299377 0.000000
0.000000 0.000000 0.000000 0.000000
0.000000 0.904856
8 0.020000 1.860000 0.001000
0.486000 0.396000 0.726000 0.501000 1.360000 6.610000 0.785000 0.785000
272000.000000 96.599998 0.003000
1.073000 0.050000 0.116600
0.128811 0.065823 0.000336 0.000000
0.000000

0.000000 0.182726 2.361892
0.498090 0.132652 9.734141 52.609707 204.484100
0.000000 0.006541 0.152199 0.000000 0.000000 0.000000
0.000000 0.000000 0.000000
3.309092 1.000000 0.000000
764.299377 0.000000
0.000000 0.000000 0.000000 0.000000
0.000000 0.916097
8 0.020000 1.880000 0.001000
0.486000 0.396000 0.726000 0.501000 1.360000 6.610000 0.785000 0.785000
272000.000000 96.599998 0.003000
1.073000 0.050000 0.116600
0.128815 0.065848 0.000336 0.000000
0.000000

0.000000 0.182840 2.362945
0.497727 0.133068 9.735635 52.613319 204.483948
0.000000 0.006661 0.152895 0.000000 0.000000 0.000000
0.000000 0.000000 0.000000
3.332223 1.000000 0.000000
764.299377 0.000000
0.000000 0.000000 0.000000 0.000000
0.000000 0.907438
8 0.020000 1.900000 0.001000
0.486000 0.396000 0.726000 0.501000 1.360000 6.610000 0.785000 0.785000
272000.000000 96.599998 0.003000
1.073000 0.050000 0.116600
0.128818 0.065829 0.000336 0.000000
0.000000

0.000000 0.182959 2.364155
0.497377 0.133482 9.737288 52.617783 204.483246
0.000000 0.006721 0.154252 0.000000 0.000000 0.000000
0.000000 0.000000 0.000000
3.355062 1.000000 0.000000
764.299377 0.000000
0.000000 0.000000 0.000000 0.000000
0.000000 0.905767
8 0.020000 1.920000 0.001000
0.486000 0.396000 0.726000 0.501000 1.360000 6.610000 0.785000 0.785000
272000.000000 96.599998 0.003000
1.073000 0.050000 0.116600
0.128820 0.065826 0.000336 0.000000
0.000000

0.000000 0.183099 2.366038
0.497057 0.133897 9.739404 52.624821 204.482513
0.000000 0.006748 0.155876 0.000000 0.000000 0.000000
0.000000 0.000000 0.000000
3.377610 1.000000 0.000000
764.299377 0.000000
0.000000 0.000000 0.000000 0.000000
0.000000 0.904005
8 0.020000 1.940000 0.001000
0.486000 0.396000 0.726000 0.501000 1.360000 6.610000 0.785000 0.785000
272000.000000 96.599998 0.003000
1.073000 0.050000 0.116600
0.128827 0.065821 0.000336 0.000000
0.000000

0.000000 0.183224 2.369002
0.496783 0.134318 9.742338 52.636272 204.481476
0.000000 0.006921 0.163364 0.000000 0.000000 0.000000
0.000000 0.000000 0.000000
3.399872 1.000000 0.000000
764.299377 0.000000
0.000000 0.000000 0.000000 0.000000
0.000000 0.902031
8 0.020000 1.960000 0.001000
0.486000 0.396000 0.726000 0.501000 1.360000 6.610000 0.785000 0.785000
272000.000000 96.599998 0.003000
1.073000 0.050000 0.116600
0.128833 0.065815 0.000336 0.000000
0.000000

0.000000 0.183350 2.381539
0.496891 0.134837 9.752641 52.687653 204.476456
0.000000 0.007143 0.167136 0.000000 0.000000 0.000000
0.000000 0.000000 0.000000
3.421847 1.000000 0.000000
764.299377 0.000000
0.000000 0.000000 0.000000 0.000000
0.000000 0.894268
8 0.020000 1.980000 0.001000
0.486000 0.396000 0.726000 0.501000 1.360000 6.610000 0.785000 0.785000
272000.000000 96.599998 0.003000
1.073000 0.050000 0.116600
0.128865 0.065775 0.000336 0.000000
0.000000

0.000000 0.183444 2.403080
0.497361 0.135449 9.769940 52.776836 204.468323
0.000000 0.029391 0.208900 0.000000 0.000000 0.000000
0.000000 0.000000 0.000000
3.443540 1.000000 0.000000
764.299377 0.000000
0.000000 0.000000 0.000000 0.000000
0.000000 0.896071
8 0.020000 2.000000 0.001000
0.486000 0.396000 0.726000 0.501000 1.360000 6.610000 0.785000 0.785000
272000.000000 96.599998 0.003000
1.073000 0.050000 0.116600
0.128922 0.065778 0.000336 0.000000
0.000000
1.000000
2.000000
0.000000 0.000000
0.000000
0
-0.760000
0 0
0.000000
1
0.000000
1.000000
1.000000
1.000000
0.000000 0.000000 0.000000
0.000000 0.000000
0.000000 0.000000 0.000000 0.000000 0.000000 0.000000 0.000000
0.000000 0.000000 0.000000 0.000000 0.000000 0.000000 0.000000
0
2.000000
1
C:\DNDC\sites\Ottawa\CEFSoilc.spf
-1.000000 -1.000000
0.000000
38
38
10.000000
109
0.000000
0.000000
256
0.000000
126541.031250
1
