7
Clay_loam
0.314000 0.490000 0.006410 0.726000 0.398000 1.000000 0.000000 0.000000
1.350000 6.610000 1 0.031000 0.500000 0.050000 0.010000 0.240000 0.750000
0.000000 0.020000 2.000000 270000.000000 96.599998 100
0.233300 1.944000 3.025300 0.000000 1
10.000000 10.000000 10.000000 5.000000 25.000000 100.000000
0.000000 0.011603 0.023394 0.000000 0.000000 0.000000
500.000000 0.000000 0.000000

0.000000 39.594681 555.291565
2.721931 1.053034 152.463120 1186.098999 5712.092285
0.000000 1.188566 1.628241 1.010348 0.000492 0.000000
0.000292 0.001129 0.000277
-6.685663 0.063917 56.966053
764.299377 0.000000
13.741341 0.000000 0.000000 0.000000
0.000000 8.237519
7 0.020000 0.020000 0.031000
0.490000 0.314000 0.726000 0.398000 1.350000 6.610000 0.726000 0.726000
270000.000000 96.599998 0.006410
1.073000 0.050000 0.116600
18.789776 7.664793 0.002660 0.000000
0.000000

0.000000 40.167324 555.740051
2.971439 1.084344 153.226181 1186.085693 5711.806152
0.000000 0.393753 1.591328 0.505174 0.000492 0.000000
0.000290 0.001135 0.000277
-6.398412 0.065336 61.187027
764.299377 0.000000
13.169852 0.000000 0.000000 0.000000
0.000000 7.775565
7 0.020000 0.040000 0.031000
0.490000 0.314000 0.726000 0.398000 1.350000 6.610000 0.726000 0.726000
270000.000000 96.599998 0.006410
1.073000 0.050000 0.116600
18.793415 7.662107 0.002717 0.000000
0.000000

0.000000 40.480145 555.984497
3.170155 1.104063 153.641617 1186.086792 5711.649414
0.000000 0.562427 1.605865 0.252587 0.000492 0.000000
0.000089 0.000601 0.000045
-6.195727 0.066396 63.128994
764.299377 0.000000
12.783972 0.000000 0.000000 0.000000
0.000000 7.425699
7 0.020000 0.060000 0.031000
0.490000 0.314000 0.726000 0.398000 1.350000 6.610000 0.726000 0.726000
270000.000000 96.599998 0.006410
1.073000 0.050000 0.116600
18.795391 7.661621 0.002760 0.000000
0.000000

0.000000 40.344673 555.907471
3.450886 1.142098 153.491837 1185.971924 5711.704590
0.000000 0.694779 1.594529 0.126294 0.000492 0.000000
0.000057 0.000428 0.000041
-5.996669 0.067488 63.907684
764.299377 0.000000
12.662535 0.000000 0.000000 0.000000
0.000000 7.487286
7 0.020000 0.080000 0.031000
0.490000 0.314000 0.726000 0.398000 1.350000 6.610000 0.726000 0.726000
270000.000000 96.599998 0.006410
1.073000 0.050000 0.116600
18.794748 7.662320 0.002806 0.000000
0.000000

0.000000 40.473789 556.011902
3.695488 1.160300 153.668747 1185.973145 5711.635742
0.000000 0.745188 1.566488 0.063147 0.000492 0.000000
0.000056 0.000309 0.000032
-5.800140 0.068622 64.166382
764.299377 0.000000
12.328473 0.000000 0.000000 0.000000
0.000000 7.330781
7 0.020000 0.100000 0.025000
0.490000 0.314000 0.726000 0.398000 1.350000 6.610000 0.726000 0.726000
270000.000000 96.599998 0.006410
1.073000 0.050000 0.116600
18.795588 7.661523 0.002852 0.000000
0.000000

0.000000 40.563759 556.484558
3.950682 1.172348 153.794296 1185.973877 5711.585449
0.000000 0.795537 1.504442 0.031573 0.000492 0.000000
0.000038 0.000057 0.000031
-5.605686 0.069802 64.202751
764.299377 0.000000
11.972312 0.000000 0.000000 0.000000
0.000000 7.331708
7 0.020000 0.120000 0.025000
0.490000 0.314000 0.726000 0.398000 1.350000 6.610000 0.726000 0.726000
270000.000000 96.599998 0.006410
1.073000 0.050000 0.116600
18.796183 7.660795 0.002901 0.000000
0.000000

0.000000 40.628452 556.538086
4.233241 1.182650 153.886856 1185.974487 5711.549316
0.000000 0.805642 1.473383 0.015787 0.000492 0.000000
0.000030 0.000039 0.000031
-5.413137 0.071032 64.144272
764.299377 0.000000
11.643511 0.000000 0.000000 0.000000
0.000000 7.258209
7 0.020000 0.140000 0.025000
0.490000 0.314000 0.726000 0.398000 1.350000 6.610000 0.726000 0.726000
270000.000000 96.599998 0.006410
1.073000 0.050000 0.116600
18.796618 7.660385 0.002952 0.000000
0.000000

0.000000 40.782768 556.161926
4.615616 1.228171 153.211166 1185.666992 5711.791504
0.000000 0.871003 1.445473 0.007893 0.000739 0.000000
0.000024 0.000001 0.000031
-5.222437 0.072317 64.043648
764.299377 0.000000
11.567266 0.000000 0.000000 0.000000
0.000000 7.756218
7 0.020000 0.160000 0.025000
0.490000 0.314000 0.726000 0.398000 1.350000 6.610000 0.726000 0.726000
270000.000000 96.599998 0.006410
1.073000 0.050000 0.116600
18.793591 7.663360 0.003006 0.000000
0.000000

0.000000 40.817455 556.188049
4.917125 1.256529 153.256012 1185.664062 5711.770996
0.000000 0.870916 1.412257 0.003947 0.000739 0.000000
0.000019 0.000000 0.000031
-5.033578 0.073660 63.922256
764.299377 0.000000
11.221957 0.000000 0.000000 0.000000
0.000000 7.722757
7 0.020000 0.180000 0.020000
0.490000 0.314000 0.726000 0.398000 1.350000 6.610000 0.726000 0.726000
270000.000000 96.599998 0.006410
1.073000 0.050000 0.116600
18.793806 7.663088 0.003062 0.000000
0.000000

0.000000 40.841732 556.206543
5.235283 1.282682 153.287247 1185.661133 5711.757324
0.000000 0.898021 1.350410 0.001973 0.000739 0.000000
0.000005 0.000000 0.000030
-4.846566 0.075067 63.788548
764.299377 0.000000
10.867926 0.000000 0.000000 0.000000
0.000000 7.702255
7 0.020000 0.200000 0.020000
0.490000 0.314000 0.726000 0.398000 1.350000 6.610000 0.726000 0.726000
270000.000000 96.599998 0.006410
1.073000 0.050000 0.116600
18.793959 7.662879 0.003120 0.000000
0.000000

0.000000 47.236111 559.949707
4.425765 1.056904 161.288788 1185.970703 5708.810059
0.000000 0.479541 1.050794 0.000987 0.000739 0.000000
0.000003 0.000000 0.000021
-4.661418 0.076543 63.646805
764.299377 0.000000
8.491538 0.000000 0.000000 0.000000
0.000000 1.635165
7 0.020000 0.220000 0.020000
0.490000 0.314000 0.726000 0.398000 1.350000 6.610000 0.726000 0.726000
270000.000000 96.599998 0.006410
1.073000 0.050000 0.116600
18.830971 7.625827 0.003159 0.000000
0.000000

0.000003 27.638573 321.291809
3.265716 0.755293 135.641968 802.747803 4108.596680
0.000000 0.479260 0.761641 0.000493 0.000000 0.000000
0.000002 0.000000 0.000010
-4.478148 0.078093 63.494919
764.299377 0.000000
5.693134 0.000000 0.000000 0.000000
0.000000 7.837134
7 0.020000 0.240000 0.020000
0.490000 0.314000 0.726000 0.398000 1.350000 6.610000 0.726000 0.726000
270000.000000 96.599998 0.006410
1.073000 0.050000 0.116600
2.273001 5.204448 0.002170 0.000000
0.000000

0.000003 25.202461 291.209686
3.407614 0.765141 133.912933 791.369873 4107.931641
0.000000 0.594677 0.782107 0.000247 0.000000 0.000000
0.000001 0.000000 0.000007
-4.296775 0.079723 63.335167
764.299377 0.000000
5.390216 0.000000 0.000000 0.000000
0.000000 8.277030
7 0.020000 0.260000 0.020000
0.490000 0.314000 0.726000 0.398000 1.350000 6.610000 0.726000 0.726000
270000.000000 96.599998 0.006410
1.073000 0.050000 0.116600
2.275471 2.720359 0.001142 0.000000
0.000000

0.000015 27.222210 289.790588
3.446866 0.750681 130.246933 754.567749 3694.049072
0.000000 11.790587 0.905860 0.000123 0.000000 0.000000
0.000001 0.000000 0.000001
-4.118291 0.081431 64.852234
764.299377 0.000000
4.938227 0.000000 0.000000 0.000000
0.000000 21.133091
7 0.020000 0.280000 0.018000
0.490000 0.314000 0.726000 0.398000 1.350000 6.610000 0.726000 0.726000
270000.000000 96.599998 0.000070
1.073000 0.050000 0.116600
2.088550 3.455198 0.001487 0.000000
0.000000

0.000023 26.159477 270.217834
3.637873 0.768600 131.148315 756.044983 3692.147705
0.000000 14.740839 0.867898 0.000062 0.000000 0.000000
0.000001 0.000000 0.000000
-3.946959 0.083179 72.590706
764.299377 0.000000
4.724487 0.000000 0.000000 0.000000
0.000000 9.361516
7 0.020000 0.300000 0.018000
0.490000 0.314000 0.726000 0.398000 1.350000 6.610000 0.726000 0.726000
270000.000000 96.599998 0.000070
1.073000 0.050000 0.116600
2.100355 1.753193 0.000764 0.000000
0.000000

0.000022 23.734510 244.887772
3.805362 0.827647 129.335953 745.140381 3691.695068
0.000000 11.401988 0.812222 0.000031 0.000000 0.000000
0.000001 0.000000 0.000000
-3.783835 0.084953 77.181625
764.299377 0.000000
4.358027 0.000000 0.000000 0.000000
0.000000 5.854840
7 0.020000 0.320000 0.018000
0.490000 0.314000 0.726000 0.398000 1.350000 6.610000 0.726000 0.726000
270000.000000 96.599998 0.000070
1.073000 0.050000 0.116600
2.099673 1.441355 0.000640 0.000000
0.000000

0.000030 22.816368 227.903580
3.695404 0.829835 120.109123 682.692017 3224.281982
0.000000 7.062485 0.679855 0.000015 0.000000 0.000000
0.000000 0.000000 0.000000
-3.625568 0.086786 79.692390
764.299377 0.000000
3.714121 0.000000 0.000000 0.000000
0.000000 5.154038
8 0.020000 0.340000 0.015500
0.483000 0.377000 0.726000 0.484000 1.370000 6.610000 0.770000 0.770000
274000.000000 96.599998 0.000070
1.073000 0.050000 0.116600
1.858764 1.244720 0.000548 0.000000
0.000000

0.000027 20.658848 206.544861
3.800265 0.836600 118.640358 674.002380 3224.058594
0.000000 3.700840 0.617515 0.000008 0.000000 0.000000
0.000000 0.000000 0.000000
-3.470452 0.088703 80.572273
764.299377 0.000000
3.486823 0.000000 0.000000 0.000000
0.000000 5.176769
8 0.020000 0.360000 0.015500
0.483000 0.377000 0.726000 0.484000 1.370000 6.610000 0.770000 0.770000
274000.000000 96.599998 0.000070
1.073000 0.050000 0.116600
1.858293 1.188492 0.000534 0.000000
0.000000

0.000024 18.697498 187.121994
3.907320 0.847210 117.238510 665.964172 3223.942627
0.000000 1.554027 0.558206 0.000004 0.000000 0.000000
0.000000 0.000000 0.000000
-3.318074 0.090715 80.780243
764.299377 0.000000
3.267744 0.000000 0.000000 0.000000
0.000000 5.308374
8 0.020000 0.380000 0.015500
0.483000 0.377000 0.726000 0.484000 1.370000 6.610000 0.770000 0.770000
274000.000000 96.599998 0.000070
1.073000 0.050000 0.116600
1.857681 1.175268 0.000540 0.000000
0.000000

0.000022 16.916925 169.647476
4.005869 0.866329 115.935883 658.515808 3223.807373
0.000000 0.475957 0.484102 0.000002 0.000000 0.000000
0.000000 0.000000 0.000000
-3.168094 0.092835 80.786476
764.299377 0.000000
3.051185 0.000000 0.000000 0.000000
0.000000 5.366492
8 0.020000 0.400000 0.015500
0.483000 0.377000 0.726000 0.484000 1.370000 6.610000 0.770000 0.770000
274000.000000 96.599998 0.000070
1.073000 0.050000 0.116600
1.857028 1.173102 0.000552 0.000000
0.000000

0.000020 15.322398 154.065384
4.158638 0.934717 114.863419 652.429871 3223.724365
0.000000 0.103427 0.422766 0.000001 0.000000 0.000000
0.000000 0.000000 0.000000
-3.020503 0.095074 80.925766
764.299377 0.000000
2.752100 0.000000 0.000000 0.000000
0.000000 5.366085
8 0.020000 0.420000 0.015500
0.483000 0.377000 0.726000 0.484000 1.370000 6.610000 0.770000 0.770000
274000.000000 96.599998 0.000070
1.073000 0.050000 0.116600
1.856953 1.172420 0.000565 0.000000
0.000000

0.000018 13.904469 140.071365
4.414911 1.125534 113.931511 646.888672 3223.685791
0.000000 0.017544 0.335854 0.000000 0.000000 0.000000
0.000000 0.000000 0.000000
-2.875447 0.097440 81.273155
764.299377 0.000000
2.230144 0.000000 0.000000 0.000000
0.000000 5.344094
8 0.020000 0.440000 0.015500
0.483000 0.377000 0.726000 0.484000 1.370000 6.610000 0.770000 0.770000
274000.000000 96.599998 0.000070
1.073000 0.050000 0.116600
1.856908 1.172843 0.000579 0.000000
0.000000

0.000017 12.618487 127.452248
4.550803 1.192311 113.130981 642.199341 3223.638428
0.000000 0.006525 0.288436 0.000000 0.000000 0.000000
0.000000 0.000000 0.000000
-2.733062 0.099942 81.746735
764.299377 0.000000
1.963368 0.000000 0.000000 0.000000
0.000000 5.321460
8 0.020000 0.460000 0.015500
0.483000 0.377000 0.726000 0.484000 1.370000 6.610000 0.770000 0.770000
274000.000000 96.599998 0.000070
1.073000 0.050000 0.116600
1.857102 1.170224 0.000593 0.000000
0.000000

0.000015 11.435661 115.945686
4.617967 1.204612 112.371010 637.918030 3223.611328
0.000000 0.004694 0.271211 0.000000 0.000000 0.000000
0.000000 0.000000 0.000000
-2.593407 0.102594 82.239639
764.299377 0.000000
1.833709 0.000000 0.000000 0.000000
0.000000 5.311862
8 0.020000 0.480000 0.015500
0.483000 0.377000 0.726000 0.484000 1.370000 6.610000 0.770000 0.770000
274000.000000 96.599998 0.000070
1.073000 0.050000 0.116600
1.857220 1.169564 0.000608 0.000000
0.000000

0.000014 10.374200 105.583481
4.681607 1.220074 111.776237 634.311157 3223.629639
0.000000 0.005280 0.266271 0.000000 0.000000 0.000000
0.000000 0.000000 0.000000
-2.456473 0.105410 82.676353
764.299377 0.000000
1.707255 0.000000 0.000000 0.000000
0.000000 5.298131
8 0.020000 0.500000 0.015500
0.483000 0.377000 0.726000 0.484000 1.370000 6.610000 0.770000 0.770000
274000.000000 96.599998 0.000070
1.073000 0.050000 0.116600
1.857571 1.168928 0.000625 0.000000
0.000000

0.000013 9.415370 96.235672
4.777523 1.328568 111.248680 631.250366 3223.642334
0.000000 0.006192 0.254595 0.000000 0.000000 0.000000
0.000000 0.000000 0.000000
-2.322208 0.108408 83.017143
764.299377 0.000000
1.461761 0.000000 0.000000 0.000000
0.000000 5.284765
8 0.020000 0.520000 0.015500
0.483000 0.377000 0.726000 0.484000 1.370000 6.610000 0.770000 0.770000
274000.000000 96.599998 0.000070
1.073000 0.050000 0.116600
1.858001 1.168299 0.000642 0.000000
0.000000

0.000001 6.636348 74.587486
2.452091 0.700244 54.837933 317.141205 1667.823853
0.000000 0.005016 0.138746 0.000000 0.000000 0.000000
0.000000 0.000000 0.000000
-2.182885 0.111795 63.582584
764.299377 0.000000
0.689664 0.000000 0.000000 0.000000
0.000000 4.586128
8 0.020000 0.540000 0.008000
0.483000 0.377000 0.726000 0.484000 1.370000 6.610000 0.770000 0.770000
274000.000000 96.599998 0.002410
1.073000 0.050000 0.116600
0.939270 0.770261 0.000436 0.000000
0.000000

0.000001 6.087801 68.166611
2.459757 0.727408 54.629009 315.216675 1667.609375
0.000000 0.003665 0.130874 0.000000 0.000000 0.000000
0.000000 0.000000 0.000000
-2.038161 0.115683 63.206997
764.299377 0.000000
0.631006 0.000000 0.000000 0.000000
0.000000 4.214987
8 0.020000 0.560000 0.008000
0.483000 0.377000 0.726000 0.484000 1.370000 6.610000 0.770000 0.770000
274000.000000 96.599998 0.002410
1.073000 0.050000 0.116600
0.940435 0.656487 0.000384 0.000000
0.000000

0.000001 5.598946 62.448288
2.468423 0.757305 54.540379 313.943146 1667.371094
0.000000 0.003174 0.125824 0.000000 0.000000 0.000000
0.000000 0.000000 0.000000
-1.895459 0.119942 62.795612
764.299377 0.000000
0.573958 0.000000 0.000000 0.000000
0.000000 4.076288
8 0.020000 0.580000 0.008000
0.483000 0.377000 0.726000 0.484000 1.370000 6.610000 0.770000 0.770000
274000.000000 96.599998 0.002410
1.073000 0.050000 0.116600
0.941883 0.634875 0.000385 0.000000
0.000000

0.000001 5.150640 57.273884
2.509492 0.824278 54.486176 313.204285 1667.118408
0.000000 0.007451 0.132971 0.000000 0.000000 0.000000
0.000000 0.000000 0.000000
-1.754760 0.124635 62.342251
764.299377 0.000000
0.458618 0.000000 0.000000 0.000000
0.000000 4.024175
8 0.020000 0.600000 0.008000
0.483000 0.377000 0.726000 0.484000 1.370000 6.610000 0.770000 0.770000
274000.000000 96.599998 0.002410
1.073000 0.050000 0.116600
0.943482 0.631188 0.000398 0.000000
0.000000

0.000002 4.773466 52.666851
2.509550 0.861189 54.506790 312.743988 1666.907471
0.000000 0.010443 0.138473 0.000000 0.000000 0.000000
0.000000 0.000000 0.000000
-1.616040 0.129843 61.839130
764.299377 0.000000
0.415576 0.000000 0.000000 0.000000
0.000000 4.007851
8 0.020000 0.620000 0.008000
0.483000 0.377000 0.726000 0.484000 1.370000 6.610000 0.770000 0.770000
274000.000000 96.599998 0.002410
1.073000 0.050000 0.116600
0.945137 0.626803 0.000411 0.000000
0.000000

0.000002 4.457638 48.584293
2.508276 0.904691 54.715530 312.671387 1666.649170
0.000000 0.009559 0.136963 0.000000 0.000000 0.000000
0.000000 0.000000 0.000000
-1.479263 0.135670 61.276241
764.299377 0.000000
0.373460 0.000000 0.000000 0.000000
0.000000 3.990579
8 0.020000 0.640000 0.008000
0.483000 0.377000 0.726000 0.484000 1.370000 6.610000 0.770000 0.770000
274000.000000 96.599998 0.002410
1.073000 0.050000 0.116600
0.947004 0.622029 0.000427 0.000000
0.000000

0.000002 4.147370 44.806946
2.540889 0.982692 54.902779 312.883087 1666.380737
0.000000 0.005914 0.122729 0.000000 0.000000 0.000000
0.000000 0.000000 0.000000
-1.344380 0.142252 60.640499
764.299377 0.000000
0.263488 0.000000 0.000000 0.000000
0.000000 3.961045
8 0.020000 0.660000 0.008000
0.483000 0.377000 0.726000 0.484000 1.370000 6.610000 0.770000 0.770000
274000.000000 96.599998 0.002410
1.073000 0.050000 0.116600
0.948846 0.618961 0.000445 0.000000
0.000000

0.000002 3.842285 41.328602
2.535366 1.024789 55.151569 313.560577 1666.109497
0.000000 0.596106 0.283983 0.000000 0.000000 0.000000
0.000000 0.000000 0.000000
-1.211320 0.149768 59.914371
764.299377 0.000000
0.235095 0.000000 0.000000 0.000000
0.000000 4.166908
8 0.020000 0.680000 0.008000
0.483000 0.377000 0.726000 0.484000 1.370000 6.610000 0.770000 0.770000
274000.000000 96.599998 0.002410
1.073000 0.050000 0.116600
0.950850 0.626007 0.000474 0.000000
0.000000

0.000003 3.587754 38.292305
2.533576 1.068305 55.514294 314.820404 1665.762451
0.000000 1.958536 0.325592 0.000000 0.000000 0.000000
0.000000 0.000000 0.000000
-1.079969 0.158471 59.073746
764.299377 0.000000
0.207048 0.000000 0.000000 0.000000
0.000000 4.069371
8 0.020000 0.700000 0.008000
0.483000 0.377000 0.726000 0.484000 1.370000 6.610000 0.770000 0.770000
274000.000000 96.599998 0.002410
1.073000 0.050000 0.116600
0.953191 0.620302 0.000497 0.000000
0.000000

0.000004 3.266898 34.302303
2.572528 1.148596 55.980434 316.670837 1665.375122
0.000000 1.910723 0.336931 0.000000 0.000000 0.000000
0.000000 0.000000 0.000000
-0.950147 0.168712 58.084381
764.299377 0.000000
0.109174 0.000000 0.000000 0.000000
0.000000 4.627213
8 0.020000 0.720000 0.008000
0.483000 0.377000 0.726000 0.484000 1.370000 6.610000 0.770000 0.770000
274000.000000 96.599998 0.002410
1.073000 0.050000 0.116600
0.956185 0.621689 0.000530 0.000000
0.000000

0.000006 3.151239 31.355892
1.660654 0.768454 36.549377 205.602051 1033.027466
0.000000 1.214522 0.233428 0.000000 0.000000 0.000000
0.000000 0.000000 0.000000
-0.825302 0.180697 64.442513
764.299377 0.000000
0.061665 0.000000 0.000000 0.000000
0.000000 3.362993
8 0.020000 0.740000 0.005000
0.486000 0.396000 0.726000 0.501000 1.360000 6.610000 0.785000 0.785000
272000.000000 96.599998 0.003000
1.073000 0.050000 0.116600
0.597740 0.403972 0.000374 0.000000
0.000000

0.000007 2.956604 29.180216
1.643312 0.788633 36.869415 206.963806 1032.651001
0.000000 0.741372 0.227007 0.000000 0.000000 0.000000
0.000000 0.000000 0.000000
-0.710295 0.194358 78.308380
764.299377 0.000000
0.052946 0.000000 0.000000 0.000000
0.000000 3.035930
8 0.020000 0.760000 0.005000
0.486000 0.396000 0.726000 0.501000 1.360000 6.610000 0.785000 0.785000
272000.000000 96.599998 0.003000
1.073000 0.050000 0.116600
0.599645 0.387050 0.000385 0.000000
0.000000

0.000009 2.791591 27.259577
1.668174 0.836048 37.206753 208.615829 1032.317383
0.000000 0.317818 0.208415 0.000000 0.000000 0.000000
0.000000 0.000003 0.000000
-0.598770 0.210557 76.733871
764.299377 0.000000
0.000000 0.000000 0.000000 0.000000
0.000000 2.989315
8 0.020000 0.780000 0.005000
0.486000 0.396000 0.726000 0.501000 1.360000 6.610000 0.785000 0.785000
272000.000000 96.599998 0.003000
1.073000 0.050000 0.116600
0.601661 0.380875 0.000411 0.000000
0.000000

0.000011 2.625999 25.371750
1.666042 0.858847 37.556797 210.345917 1031.926147
0.000000 0.165542 0.193038 0.000000 0.000000 0.000000
0.000000 0.000002 0.000000
-0.485684 0.231143 74.732925
764.299377 0.000000
0.000000 0.000000 0.000000 0.000000
0.000000 2.933651
8 0.020000 0.800000 0.005000
0.486000 0.396000 0.726000 0.501000 1.360000 6.610000 0.785000 0.785000
272000.000000 96.599998 0.003000
1.073000 0.050000 0.116600
0.603816 0.376826 0.000446 0.000000
0.000000

0.000000 2.286985 22.252296
1.662074 0.880617 37.886227 211.931244 1031.524536
0.000000 0.222237 0.210838 0.000000 0.000000 0.000000
0.000000 0.000002 0.000000
-0.363961 0.258569 72.067131
764.299377 0.000000
0.000000 0.000000 0.000000 0.000000
0.000000 2.923002
8 0.020000 0.820000 0.005000
0.486000 0.396000 0.726000 0.501000 1.360000 6.610000 0.785000 0.785000
272000.000000 96.599998 0.003000
1.073000 0.050000 0.116600
0.606119 0.371698 0.000492 0.000000
0.000000

0.000000 2.156887 20.916639
1.663770 0.904486 38.331104 214.067932 1031.207275
0.000000 0.296742 0.228614 0.000000 0.000000 0.000000
0.000000 0.000002 0.000000
-0.169335 0.297670 68.266495
764.299377 0.000000
0.000000 0.000000 0.000000 0.000000
0.000000 2.888259
8 0.020000 0.840000 0.005000
0.486000 0.396000 0.726000 0.501000 1.360000 6.610000 0.785000 0.785000
272000.000000 96.599998 0.003000
1.073000 0.050000 0.116600
0.608136 0.368093 0.000563 0.000000
0.000000

0.000000 2.020515 19.556446
1.660867 0.927203 38.713940 215.666504 1030.909668
0.000000 0.411702 0.249038 0.000000 0.000000 0.000000
0.000000 0.000002 0.000000
-0.075374 0.360368 62.172241
764.299377 0.000000
0.000000 0.000000 0.000000 0.000000
0.000000 3.070225
8 0.020000 0.860000 0.005000
0.486000 0.396000 0.726000 0.501000 1.360000 6.610000 0.785000 0.785000
272000.000000 96.599998 0.003000
1.073000 0.050000 0.116600
0.609877 0.368183 0.000681 0.000000
0.000000

0.000000 1.939202 18.507914
1.658462 0.950544 39.190090 217.296951 1030.668457
0.000000 0.412731 0.257374 0.000000 0.000000 0.000000
0.000000 0.000002 0.000000
-0.006496 0.488671 49.701130
764.299377 0.000000
0.000000 0.000000 0.000000 0.000000
0.000000 2.728735
8 0.020000 0.880000 0.005000
0.486000 0.396000 0.726000 0.501000 1.360000 6.610000 0.785000 0.785000
272000.000000 96.599998 0.003000
1.073000 0.050000 0.116600
0.611490 0.362469 0.000908 0.000000
0.000000

0.000000 1.851935 17.522259
1.654922 0.973511 39.654266 218.788788 1030.455322
0.000000 0.383464 0.262937 0.000000 0.000000 0.000000
0.000000 0.000001 0.000001
-0.020363 1.000000 0.000000
764.299377 0.000000
0.000000 0.000000 0.000000 0.000000
0.000000 2.553699
8 0.020000 0.900000 0.005000
0.486000 0.396000 0.726000 0.501000 1.360000 6.610000 0.785000 0.785000
272000.000000 96.599998 0.003000
1.073000 0.050000 0.116600
0.612960 0.360039 0.001841 0.000000
0.000000

0.000000 1.677318 15.966395
1.650058 0.995076 40.017483 220.120117 1030.200439
0.000000 0.318801 0.262730 0.000000 0.000000 0.000000
0.000000 0.000001 0.000001
0.071762 1.000000 0.000000
764.299377 0.000000
0.000000 0.000000 0.000000 0.000000
0.000000 2.454502
8 0.020000 0.920000 0.005000
0.486000 0.396000 0.726000 0.501000 1.360000 6.610000 0.785000 0.785000
272000.000000 96.599998 0.003000
1.073000 0.050000 0.116600
0.614429 0.360503 0.001844 0.000000
0.000000

0.000000 1.559487 11.891487
0.349576 0.214908 8.466656 46.498188 206.055099
0.000000 0.969427 0.091088 0.000000 0.000000 0.000000
0.000000 0.000001 0.000001
0.162023 1.000000 0.000000
764.299377 0.000000
0.000000 0.000000 0.000000 0.000000
0.000000 1.128980
8 0.020000 0.940000 0.001000
0.486000 0.396000 0.726000 0.501000 1.360000 6.610000 0.785000 0.785000
272000.000000 96.599998 0.003000
1.073000 0.050000 0.116600
0.123195 0.079593 0.000406 0.000000
0.000000

0.000000 1.459830 11.008622
0.348038 0.218881 8.527871 46.724400 205.993622
0.000000 0.514537 0.077353 0.000000 0.000000 0.000000
0.000000 0.000001 0.000001
0.250455 1.000000 0.000000
764.299377 0.000000
0.000000 0.000000 0.000000 0.000000
0.000000 1.059578
8 0.020000 0.960000 0.001000
0.486000 0.396000 0.726000 0.501000 1.360000 6.610000 0.785000 0.785000
272000.000000 96.599998 0.003000
1.073000 0.050000 0.116600
0.123544 0.073009 0.000373 0.000000
0.000000

0.000000 1.374287 10.248678
0.347630 0.223321 8.618141 47.072235 205.912964
0.000000 0.124501 0.062857 0.000000 0.000000 0.000000
0.000000 0.000000 0.000000
0.337092 1.000000 0.000000
764.299377 0.000000
0.000000 0.000000 0.000000 0.000000
0.000000 1.000090
8 0.020000 0.980000 0.001000
0.486000 0.396000 0.726000 0.501000 1.360000 6.610000 0.785000 0.785000
272000.000000 96.599998 0.003000
1.073000 0.050000 0.116600
0.123963 0.071014 0.000363 0.000000
0.000000

0.000000 1.289875 9.549599
0.348764 0.228562 8.723225 47.634743 205.807709
0.000000 0.007905 0.036362 0.000000 0.000000 0.000000
0.000000 0.000000 0.000000
0.421968 1.000000 0.000000
764.299377 0.000000
0.000000 0.000000 0.000000 0.000000
0.000000 0.988880
8 0.020000 1.000000 0.001000
0.486000 0.396000 0.726000 0.501000 1.360000 6.610000 0.785000 0.785000
272000.000000 96.599998 0.003000
1.073000 0.050000 0.116600
0.124564 0.070402 0.000360 0.000000
0.000000

0.000000 1.182967 8.808649
0.346503 0.231372 8.739843 47.716949 205.771667
0.000000 0.000012 0.010445 0.000000 0.000000 0.000000
0.000000 0.000000 0.000000
0.505119 1.000000 0.000000
764.299377 0.000000
0.000000 0.000000 0.000000 0.000000
0.000000 0.989511
8 0.020000 1.020000 0.001000
0.486000 0.396000 0.726000 0.501000 1.360000 6.610000 0.785000 0.785000
272000.000000 96.599998 0.003000
1.073000 0.050000 0.116600
0.124724 0.069804 0.000356 0.000000
0.000000

0.000000 1.080904 8.111641
0.343591 0.233496 8.735656 47.685650 205.755920
0.000000 0.000000 0.004374 0.000000 0.000000 0.000000
0.000000 0.000000 0.000000
0.586579 1.000000 0.000000
764.299377 0.000000
0.000000 0.000000 0.000000 0.000000
0.000000 0.986590
8 0.020000 1.040000 0.001000
0.486000 0.396000 0.726000 0.501000 1.360000 6.610000 0.785000 0.785000
272000.000000 96.599998 0.003000
1.073000 0.050000 0.116600
0.124796 0.069707 0.000356 0.000000
0.000000

0.000000 0.968293 7.406156
0.339837 0.234799 8.706457 47.518127 205.750137
0.000000 0.000000 0.003565 0.000000 0.000000 0.000000
0.000000 0.000000 0.000000
0.666384 1.000000 0.000000
764.299377 0.000000
0.000000 0.000000 0.000000 0.000000
0.000000 0.979291
8 0.020000 1.060000 0.001000
0.486000 0.396000 0.726000 0.501000 1.360000 6.610000 0.785000 0.785000
272000.000000 96.599998 0.003000
1.073000 0.050000 0.116600
0.124816 0.069635 0.000356 0.000000
0.000000

0.000000 0.881653 6.826738
0.336929 0.236433 8.693785 47.440929 205.747726
0.000000 0.000000 0.003558 0.000000 0.000000 0.000000
0.000000 0.000000 0.000000
0.744569 1.000000 0.000000
764.299377 0.000000
0.000000 0.000000 0.000000 0.000000
0.000000 0.970019
8 0.020000 1.080000 0.001000
0.486000 0.396000 0.726000 0.501000 1.360000 6.610000 0.785000 0.785000
272000.000000 96.599998 0.003000
1.073000 0.050000 0.116600
0.124837 0.069879 0.000357 0.000000
0.000000

0.000000 0.803083 6.301738
0.334218 0.237981 8.682301 47.370373 205.746750
0.000000 0.000000 0.003641 0.000000 0.000000 0.000000
0.000000 0.000000 0.000000
0.821170 1.000000 0.000000
764.299377 0.000000
0.000000 0.000000 0.000000 0.000000
0.000000 0.972507
8 0.020000 1.100000 0.001000
0.486000 0.396000 0.726000 0.501000 1.360000 6.610000 0.785000 0.785000
272000.000000 96.599998 0.003000
1.073000 0.050000 0.116600
0.124856 0.069630 0.000356 0.000000
0.000000

0.000000 0.731737 5.826334
0.331706 0.239465 8.672372 47.308449 205.746948
0.000000 0.000000 0.003723 0.000000 0.000000 0.000000
0.000000 0.000000 0.000000
0.896221 1.000000 0.000000
764.299377 0.000000
0.000000 0.000000 0.000000 0.000000
0.000000 0.977109
8 0.020000 1.120000 0.001000
0.486000 0.396000 0.726000 0.501000 1.360000 6.610000 0.785000 0.785000
272000.000000 96.599998 0.003000
1.073000 0.050000 0.116600
0.124870 0.069554 0.000355 0.000000
0.000000

0.000000 0.666912 5.395919
0.329375 0.240884 8.663832 47.254044 205.746063
0.000000 0.000000 0.003780 0.000000 0.000000 0.000000
0.000000 0.000000 0.000000
0.969758 1.000000 0.000000
764.299377 0.000000
0.000000 0.000000 0.000000 0.000000
0.000000 0.965062
8 0.020000 1.140000 0.001000
0.486000 0.396000 0.726000 0.501000 1.360000 6.610000 0.785000 0.785000
272000.000000 96.599998 0.003000
1.073000 0.050000 0.116600
0.124889 0.069740 0.000356 0.000000
0.000000

0.000000 0.599211 4.971836
0.326921 0.242036 8.649343 47.167587 205.743530
0.000000 0.000000 0.003858 0.000000 0.000000 0.000000
0.000000 0.000000 0.000000
1.041814 1.000000 0.000000
764.299377 0.000000
0.000000 0.000000 0.000000 0.000000
0.000000 0.966915
8 0.020000 1.160000 0.001000
0.486000 0.396000 0.726000 0.501000 1.360000 6.610000 0.785000 0.785000
272000.000000 96.599998 0.003000
1.073000 0.050000 0.116600
0.124907 0.069690 0.000356 0.000000
0.000000

0.000000 0.546646 4.622641
0.324956 0.243373 8.644310 47.132656 205.743454
0.000000 0.000000 0.003944 0.000000 0.000000 0.000000
0.000000 0.000000 0.000000
1.112423 1.000000 0.000000
764.299377 0.000000
0.000000 0.000000 0.000000 0.000000
0.000000 0.966531
8 0.020000 1.180000 0.001000
0.486000 0.396000 0.726000 0.501000 1.360000 6.610000 0.785000 0.785000
272000.000000 96.599998 0.003000
1.073000 0.050000 0.116600
0.124929 0.069535 0.000355 0.000000
0.000000

0.000000 0.499169 4.307379
0.323129 0.244656 8.640200 47.102962 205.742645
0.000000 0.000000 0.004041 0.000000 0.000000 0.000000
0.000000 0.000000 0.000000
1.181618 1.000000 0.000000
764.299377 0.000000
0.000000 0.000000 0.000000 0.000000
0.000000 0.959055
8 0.020000 1.200000 0.001000
0.486000 0.396000 0.726000 0.501000 1.360000 6.610000 0.785000 0.785000
272000.000000 96.599998 0.003000
1.073000 0.050000 0.116600
0.124943 0.069418 0.000355 0.000000
0.000000

0.000000 0.456045 4.022045
0.321443 0.245898 8.637303 47.079929 205.741653
0.000000 0.000000 0.004088 0.000000 0.000000 0.000000
0.000000 0.000000 0.000000
1.249431 1.000000 0.000000
764.299377 0.000000
0.000000 0.000000 0.000000 0.000000
0.000000 0.956047
8 0.020000 1.220000 0.001000
0.486000 0.396000 0.726000 0.501000 1.360000 6.610000 0.785000 0.785000
272000.000000 96.599998 0.003000
1.073000 0.050000 0.116600
0.124964 0.069388 0.000354 0.000000
0.000000

0.000000 0.411247 3.740801
0.319663 0.246932 8.629853 47.032234 205.738800
0.000000 0.000000 0.004205 0.000000 0.000000 0.000000
0.000000 0.000000 0.000000
1.315893 1.000000 0.000000
764.299377 0.000000
0.000000 0.000000 0.000000 0.000000
0.000000 0.952145
8 0.020000 1.240000 0.001000
0.486000 0.396000 0.726000 0.501000 1.360000 6.610000 0.785000 0.785000
272000.000000 96.599998 0.003000
1.073000 0.050000 0.116600
0.124979 0.069392 0.000354 0.000000
0.000000

0.000000 0.376384 3.509889
0.318226 0.248095 8.629006 47.020584 205.737564
0.000000 0.000000 0.004454 0.000000 0.000000 0.000000
0.000000 0.000000 0.000000
1.381036 1.000000 0.000000
764.299377 0.000000
0.000000 0.000000 0.000000 0.000000
0.000000 0.948621
8 0.020000 1.260000 0.001000
0.486000 0.396000 0.726000 0.501000 1.360000 6.610000 0.785000 0.785000
272000.000000 96.599998 0.003000
1.073000 0.050000 0.116600
0.124998 0.069308 0.000354 0.000000
0.000000

0.000000 0.344492 3.300103
0.316860 0.249193 8.628053 47.008419 205.739304
0.000000 0.000000 0.004577 0.000000 0.000000 0.000000
0.000000 0.000000 0.000000
1.444888 1.000000 0.000000
764.299377 0.000000
0.000000 0.000000 0.000000 0.000000
0.000000 0.944838
8 0.020000 1.280000 0.001000
0.486000 0.396000 0.726000 0.501000 1.360000 6.610000 0.785000 0.785000
272000.000000 96.599998 0.003000
1.073000 0.050000 0.116600
0.125012 0.071299 0.000364 0.000000
0.000000

0.000000 0.315848 3.111828
0.315614 0.250271 8.628364 47.003345 205.737518
0.000000 0.000000 0.004653 0.000000 0.000000 0.000000
0.000000 0.000000 0.000000
1.507478 1.000000 0.000000
764.299377 0.000000
0.000000 0.000000 0.000000 0.000000
0.000000 0.943833
8 0.020000 1.300000 0.001000
0.486000 0.396000 0.726000 0.501000 1.360000 6.610000 0.785000 0.785000
272000.000000 96.599998 0.003000
1.073000 0.050000 0.116600
0.125029 0.069484 0.000355 0.000000
0.000000

0.000000 0.289779 2.941169
0.314441 0.251299 8.628866 46.999302 205.738083
0.000000 0.000000 0.004698 0.000000 0.000000 0.000000
0.000000 0.000000 0.000000
1.568835 1.000000 0.000000
764.299377 0.000000
0.000000 0.000000 0.000000 0.000000
0.000000 0.939741
8 0.020000 1.320000 0.001000
0.486000 0.396000 0.726000 0.501000 1.360000 6.610000 0.785000 0.785000
272000.000000 96.599998 0.003000
1.073000 0.050000 0.116600
0.125046 0.069718 0.000356 0.000000
0.000000

0.000000 0.262930 2.773397
0.313232 0.252199 8.626843 46.981655 205.736115
0.000000 0.000000 0.004796 0.000000 0.000000 0.000000
0.000000 0.000000 0.000000
1.628986 1.000000 0.000000
764.299377 0.000000
0.000000 0.000000 0.000000 0.000000
0.000000 0.950428
8 0.020000 1.340000 0.001000
0.486000 0.396000 0.726000 0.501000 1.360000 6.610000 0.785000 0.785000
272000.000000 96.599998 0.003000
1.073000 0.050000 0.116600
0.125062 0.069550 0.000355 0.000000
0.000000

0.000000 0.241721 2.634664
0.312198 0.253141 8.627802 46.980225 205.736832
0.000000 0.000000 0.004889 0.000000 0.000000 0.000000
0.000000 0.000000 0.000000
1.687955 1.000000 0.000000
764.299377 0.000000
0.000000 0.000000 0.000000 0.000000
0.000000 0.942044
8 0.020000 1.360000 0.001000
0.486000 0.396000 0.726000 0.501000 1.360000 6.610000 0.785000 0.785000
272000.000000 96.599998 0.003000
1.073000 0.050000 0.116600
0.125077 0.069443 0.000355 0.000000
0.000000

0.000000 0.222576 2.509689
0.311242 0.254057 8.629419 46.982483 205.738480
0.000000 0.000000 0.005038 0.000000 0.000000 0.000000
0.000000 0.000000 0.000000
1.745768 1.000000 0.000000
764.299377 0.000000
0.000000 0.000000 0.000000 0.000000
0.000000 0.940495
8 0.020000 1.380000 0.001000
0.486000 0.396000 0.726000 0.501000 1.360000 6.610000 0.785000 0.785000
272000.000000 96.599998 0.003000
1.073000 0.050000 0.116600
0.125092 0.069417 0.000355 0.000000
0.000000

0.000000 0.205251 2.396918
0.310352 0.254942 8.631418 46.986988 205.740784
0.000000 0.000000 0.005334 0.000000 0.000000 0.000000
0.000000 0.000000 0.000000
1.802450 1.000000 0.000000
764.299377 0.000000
0.000000 0.000000 0.000000 0.000000
0.000000 0.936039
8 0.020000 1.400000 0.001000
0.486000 0.396000 0.726000 0.501000 1.360000 6.610000 0.785000 0.785000
272000.000000 96.599998 0.003000
1.073000 0.050000 0.116600
0.125106 0.069387 0.000354 0.000000
0.000000

0.000000 0.189575 2.295086
0.309519 0.255794 8.633663 46.992817 205.741653
0.000000 0.000000 0.005371 0.000000 0.000000 0.000000
0.000000 0.000000 0.000000
1.858023 1.000000 0.000000
764.299377 0.000000
0.000000 0.000000 0.000000 0.000000
0.000000 0.929414
8 0.020000 1.420000 0.001000
0.486000 0.396000 0.726000 0.501000 1.360000 6.610000 0.785000 0.785000
272000.000000 96.599998 0.003000
1.073000 0.050000 0.116600
0.125122 0.069325 0.000354 0.000000
0.000000

0.000000 0.173457 2.194824
0.308659 0.256549 8.634007 46.988464 205.741211
0.000000 0.000000 0.005406 0.000000 0.000000 0.000000
0.000000 0.000000 0.000000
1.912510 1.000000 0.000000
764.299377 0.000000
0.000000 0.000000 0.000000 0.000000
0.000000 0.933081
8 0.020000 1.440000 0.001000
0.486000 0.396000 0.726000 0.501000 1.360000 6.610000 0.785000 0.785000
272000.000000 96.599998 0.003000
1.073000 0.050000 0.116600
0.125134 0.069423 0.000355 0.000000
0.000000

0.000000 0.160821 2.112841
0.307942 0.257350 8.637032 46.998676 205.741806
0.000000 0.000000 0.005460 0.000000 0.000000 0.000000
0.000000 0.000000 0.000000
1.965933 1.000000 0.000000
764.299377 0.000000
0.000000 0.000000 0.000000 0.000000
0.000000 0.932531
8 0.020000 1.460000 0.001000
0.486000 0.396000 0.726000 0.501000 1.360000 6.610000 0.785000 0.785000
272000.000000 96.599998 0.003000
1.073000 0.050000 0.116600
0.125150 0.069396 0.000354 0.000000
0.000000

0.000000 0.149346 2.038832
0.307272 0.258122 8.640234 47.009968 205.742233
0.000000 0.000000 0.005498 0.000000 0.000000 0.000000
0.000000 0.000000 0.000000
2.018311 1.000000 0.000000
764.299377 0.000000
0.000000 0.000000 0.000000 0.000000
0.000000 0.926355
8 0.020000 1.480000 0.001000
0.486000 0.396000 0.726000 0.501000 1.360000 6.610000 0.785000 0.785000
272000.000000 96.599998 0.003000
1.073000 0.050000 0.116600
0.125163 0.069889 0.000357 0.000000
0.000000

0.000000 0.138967 1.971799
0.306629 0.258854 8.643147 47.019753 205.743439
0.000000 0.000000 0.005507 0.000000 0.000000 0.000000
0.000000 0.000000 0.000000
2.069665 1.000000 0.000000
764.299377 0.000000
0.000000 0.000000 0.000000 0.000000
0.000000 0.926526
8 0.020000 1.500000 0.001000
0.486000 0.396000 0.726000 0.501000 1.360000 6.610000 0.785000 0.785000
272000.000000 96.599998 0.003000
1.073000 0.050000 0.116600
0.125178 0.069477 0.000355 0.000000
0.000000

0.000000 0.049791 1.511894
0.305499 0.259176 8.637469 46.982883 205.743469
0.000000 0.000907 0.087932 0.000000 0.000000 0.000000
0.000000 0.000000 0.000000
2.120014 1.000000 0.000000
764.299377 0.000000
0.000000 0.000000 0.000000 0.000000
0.000000 0.921249
8 0.020000 1.520000 0.001000
0.486000 0.396000 0.726000 0.501000 1.360000 6.610000 0.785000 0.785000
272000.000000 96.599998 0.003000
1.073000 0.050000 0.116600
0.125191 0.069343 0.000354 0.000000
0.000000

0.000000 0.048772 1.495219
0.304982 0.259889 8.641410 46.998356 205.745560
0.000000 0.002257 0.095100 0.000000 0.000000 0.000000
0.000000 0.000000 0.000000
2.169376 1.000000 0.000000
764.299377 0.000000
0.000000 0.000000 0.000000 0.000000
0.000000 0.919040
8 0.020000 1.540000 0.001000
0.486000 0.396000 0.726000 0.501000 1.360000 6.610000 0.785000 0.785000
272000.000000 96.599998 0.003000
1.073000 0.050000 0.116600
0.125205 0.069385 0.000354 0.000000
0.000000

0.000000 0.046924 1.476174
0.304467 0.260550 8.644587 47.009815 205.746353
0.000000 0.003721 0.101932 0.000000 0.000000 0.000000
0.000000 0.000000 0.000000
2.217769 1.000000 0.000000
764.299377 0.000000
0.000000 0.000000 0.000000 0.000000
0.000000 0.928338
8 0.020000 1.560000 0.001000
0.486000 0.396000 0.726000 0.501000 1.360000 6.610000 0.785000 0.785000
272000.000000 96.599998 0.003000
1.073000 0.050000 0.116600
0.125217 0.069325 0.000354 0.000000
0.000000

0.000000 0.046181 1.463079
0.303999 0.261200 8.648297 47.024036 205.748337
0.000000 0.005059 0.107530 0.000000 0.000000 0.000000
0.000000 0.000000 0.000000
2.265209 1.000000 0.000000
764.299377 0.000000
0.000000 0.000000 0.000000 0.000000
0.000000 0.917833
8 0.020000 1.580000 0.001000
0.486000 0.396000 0.726000 0.501000 1.360000 6.610000 0.785000 0.785000
272000.000000 96.599998 0.003000
1.073000 0.050000 0.116600
0.125231 0.069325 0.000354 0.000000
0.000000

0.000000 0.045567 1.452053
0.303585 0.261848 8.652729 47.042500 205.748322
0.000000 0.006144 0.111720 0.000000 0.000000 0.000000
0.000000 0.000000 0.000000
2.311713 1.000000 0.000000
764.299377 0.000000
0.000000 0.000000 0.000000 0.000000
0.000000 0.915738
8 0.020000 1.600000 0.001000
0.486000 0.396000 0.726000 0.501000 1.360000 6.610000 0.785000 0.785000
272000.000000 96.599998 0.003000
1.073000 0.050000 0.116600
0.125242 0.069339 0.000354 0.000000
0.000000

0.000000 0.045033 1.442081
0.303182 0.262461 8.656803 47.058800 205.749664
0.000000 0.006969 0.114922 0.000000 0.000000 0.000000
0.000000 0.000000 0.000000
2.357296 1.000000 0.000000
764.299377 0.000000
0.000000 0.000000 0.000000 0.000000
0.000000 0.921297
8 0.020000 1.620000 0.001000
0.486000 0.396000 0.726000 0.501000 1.360000 6.610000 0.785000 0.785000
272000.000000 96.599998 0.003000
1.073000 0.050000 0.116600
0.125256 0.069893 0.000357 0.000000
0.000000

0.000000 0.044556 1.433395
0.302809 0.263056 8.661060 47.076279 205.751114
0.000000 0.007567 0.117406 0.000000 0.000000 0.000000
0.000000 0.000000 0.000000
2.401973 1.000000 0.000000
764.299377 0.000000
0.000000 0.000000 0.000000 0.000000
0.000000 0.912387
8 0.020000 1.640000 0.001000
0.486000 0.396000 0.726000 0.501000 1.360000 6.610000 0.785000 0.785000
272000.000000 96.599998 0.003000
1.073000 0.050000 0.116600
0.125267 0.069344 0.000354 0.000000
0.000000

0.000000 0.044165 1.425901
0.302461 0.263631 8.665347 47.093960 205.752289
0.000000 0.007989 0.119431 0.000000 0.000000 0.000000
0.000000 0.000000 0.000000
2.445760 1.000000 0.000000
764.299377 0.000000
0.000000 0.000000 0.000000 0.000000
0.000000 0.908665
8 0.020000 1.660000 0.001000
0.486000 0.396000 0.726000 0.501000 1.360000 6.610000 0.785000 0.785000
272000.000000 96.599998 0.003000
1.073000 0.050000 0.116600
0.125280 0.069348 0.000354 0.000000
0.000000

0.000000 0.043289 1.416733
0.302109 0.264163 8.668962 47.108002 205.754730
0.000000 0.008290 0.121229 0.000000 0.000000 0.000000
0.000000 0.000000 0.000000
2.488669 1.000000 0.000000
764.299377 0.000000
0.000000 0.000000 0.000000 0.000000
0.000000 0.906456
8 0.020000 1.680000 0.001000
0.486000 0.396000 0.726000 0.501000 1.360000 6.610000 0.785000 0.785000
272000.000000 96.599998 0.003000
1.073000 0.050000 0.116600
0.125294 0.069301 0.000354 0.000000
0.000000

0.000000 0.043005 1.412300
0.301851 0.264740 8.674636 47.133297 205.755402
0.000000 0.008499 0.122841 0.000000 0.000000 0.000000
0.000000 0.000000 0.000000
2.530714 1.000000 0.000000
764.299377 0.000000
0.000000 0.000000 0.000000 0.000000
0.000000 0.917751
8 0.020000 1.700000 0.001000
0.486000 0.396000 0.726000 0.501000 1.360000 6.610000 0.785000 0.785000
272000.000000 96.599998 0.003000
1.073000 0.050000 0.116600
0.125312 0.069323 0.000354 0.000000
0.000000

0.000000 0.042819 1.407875
0.301577 0.265268 8.679302 47.153210 205.755829
0.000000 0.008657 0.124428 0.000000 0.000000 0.000000
0.000000 0.000000 0.000000
2.571908 1.000000 0.000000
764.299377 0.000000
0.000000 0.000000 0.000000 0.000000
0.000000 0.906789
8 0.020000 1.720000 0.001000
0.486000 0.396000 0.726000 0.501000 1.360000 6.610000 0.785000 0.785000
272000.000000 96.599998 0.003000
1.073000 0.050000 0.116600
0.125325 0.069292 0.000354 0.000000
0.000000

0.000000 0.042649 1.404019
0.301313 0.265769 8.683699 47.171684 205.756805
0.000000 0.008772 0.125865 0.000000 0.000000 0.000000
0.000000 0.000000 0.000000
2.612263 1.000000 0.000000
764.299377 0.000000
0.000000 0.000000 0.000000 0.000000
0.000000 0.911752
8 0.020000 1.740000 0.001000
0.486000 0.396000 0.726000 0.501000 1.360000 6.610000 0.785000 0.785000
272000.000000 96.599998 0.003000
1.073000 0.050000 0.116600
0.125337 0.069319 0.000354 0.000000
0.000000

0.000000 0.042544 1.401141
0.301082 0.266268 8.688574 47.192722 205.757492
0.000000 0.008863 0.127294 0.000000 0.000000 0.000000
0.000000 0.000000 0.000000
2.651791 1.000000 0.000000
764.299377 0.000000
0.000000 0.000000 0.000000 0.000000
0.000000 0.909965
8 0.020000 1.760000 0.001000
0.486000 0.396000 0.726000 0.501000 1.360000 6.610000 0.785000 0.785000
272000.000000 96.599998 0.003000
1.073000 0.050000 0.116600
0.125353 0.069265 0.000354 0.000000
0.000000

0.000000 0.042456 1.398757
0.300860 0.266744 8.693220 47.212708 205.758148
0.000000 0.008930 0.128616 0.000000 0.000000 0.000000
0.000000 0.000000 0.000000
2.690502 1.000000 0.000000
764.299377 0.000000
0.000000 0.000000 0.000000 0.000000
0.000000 0.903282
8 0.020000 1.780000 0.001000
0.486000 0.396000 0.726000 0.501000 1.360000 6.610000 0.785000 0.785000
272000.000000 96.599998 0.003000
1.073000 0.050000 0.116600
0.125370 0.069284 0.000354 0.000000
0.000000

0.000000 0.042396 1.396806
0.300653 0.267203 8.697815 47.232357 205.760178
0.000000 0.008989 0.129987 0.000000 0.000000 0.000000
0.000000 0.000000 0.000000
2.728409 1.000000 0.000000
764.299377 0.000000
0.000000 0.000000 0.000000 0.000000
0.000000 0.899163
8 0.020000 1.800000 0.001000
0.486000 0.396000 0.726000 0.501000 1.360000 6.610000 0.785000 0.785000
272000.000000 96.599998 0.003000
1.073000 0.050000 0.116600
0.125382 0.069238 0.000354 0.000000
0.000000

0.000000 0.039719 1.351297
0.300423 0.267619 8.701846 47.248943 205.761185
0.000000 0.009053 0.131456 0.000000 0.000000 0.000000
0.000000 0.000000 0.000000
2.765521 1.000000 0.000000
764.299377 0.000000
0.000000 0.000000 0.000000 0.000000
0.000000 0.908521
8 0.020000 1.820000 0.001000
0.486000 0.396000 0.726000 0.501000 1.360000 6.610000 0.785000 0.785000
272000.000000 96.599998 0.003000
1.073000 0.050000 0.116600
0.125393 0.069265 0.000354 0.000000
0.000000

0.000000 0.039987 1.354379
0.300246 0.268048 8.706418 47.268528 205.762009
0.000000 0.009102 0.132790 0.000000 0.000000 0.000000
0.000000 0.000000 0.000000
2.801847 1.000000 0.000000
764.299377 0.000000
0.000000 0.000000 0.000000 0.000000
0.000000 0.898118
8 0.020000 1.840000 0.001000
0.486000 0.396000 0.726000 0.501000 1.360000 6.610000 0.785000 0.785000
272000.000000 96.599998 0.003000
1.073000 0.050000 0.116600
0.125409 0.069207 0.000353 0.000000
0.000000

0.000000 0.040235 1.357387
0.300079 0.268462 8.710860 47.287647 205.762268
0.000000 0.009152 0.134158 0.000000 0.000000 0.000000
0.000000 0.000000 0.000000
2.837399 1.000000 0.000000
764.299377 0.000000
0.000000 0.000000 0.000000 0.000000
0.000000 0.900149
8 0.020000 1.860000 0.001000
0.486000 0.396000 0.726000 0.501000 1.360000 6.610000 0.785000 0.785000
272000.000000 96.599998 0.003000
1.073000 0.050000 0.116600
0.125420 0.069188 0.000353 0.000000
0.000000

0.000000 0.040494 1.360371
0.299923 0.268859 8.715273 47.306316 205.762238
0.000000 0.009201 0.135559 0.000000 0.000000 0.000000
0.000000 0.000000 0.000000
2.872184 1.000000 0.000000
764.299377 0.000000
0.000000 0.000000 0.000000 0.000000
0.000000 0.896691
8 0.020000 1.880000 0.001000
0.486000 0.396000 0.726000 0.501000 1.360000 6.610000 0.785000 0.785000
272000.000000 96.599998 0.003000
1.073000 0.050000 0.116600
0.125434 0.069197 0.000353 0.000000
0.000000

0.000000 0.040722 1.363035
0.299765 0.269232 8.719263 47.322861 205.763168
0.000000 0.009258 0.137042 0.000000 0.000000 0.000000
0.000000 0.000000 0.000000
2.906211 1.000000 0.000000
764.299377 0.000000
0.000000 0.000000 0.000000 0.000000
0.000000 0.899134
8 0.020000 1.900000 0.001000
0.486000 0.396000 0.726000 0.501000 1.360000 6.610000 0.785000 0.785000
272000.000000 96.599998 0.003000
1.073000 0.050000 0.116600
0.125446 0.069203 0.000353 0.000000
0.000000

0.000000 0.040975 1.365981
0.299632 0.269605 8.723621 47.341473 205.763626
0.000000 0.009315 0.138503 0.000000 0.000000 0.000000
0.000000 0.000000 0.000000
2.939489 1.000000 0.000000
764.299377 0.000000
0.000000 0.000000 0.000000 0.000000
0.000000 0.895442
8 0.020000 1.920000 0.001000
0.486000 0.396000 0.726000 0.501000 1.360000 6.610000 0.785000 0.785000
272000.000000 96.599998 0.003000
1.073000 0.050000 0.116600
0.125456 0.069188 0.000353 0.000000
0.000000

0.000000 0.041219 1.369210
0.299523 0.269976 8.728313 47.361942 205.764008
0.000000 0.009368 0.139908 0.000000 0.000000 0.000000
0.000000 0.000000 0.000000
2.972025 1.000000 0.000000
764.299377 0.000000
0.000000 0.000000 0.000000 0.000000
0.000000 0.894166
8 0.020000 1.940000 0.001000
0.486000 0.396000 0.726000 0.501000 1.360000 6.610000 0.785000 0.785000
272000.000000 96.599998 0.003000
1.073000 0.050000 0.116600
0.125473 0.069151 0.000353 0.000000
0.000000

0.000000 0.041476 1.373155
0.299453 0.270363 8.733870 47.387066 205.763977
0.000000 0.009414 0.141306 0.000000 0.000000 0.000000
0.000000 0.000000 0.000000
3.003826 1.000000 0.000000
764.299377 0.000000
0.000000 0.000000 0.000000 0.000000
0.000000 0.892929
8 0.020000 1.960000 0.001000
0.486000 0.396000 0.726000 0.501000 1.360000 6.610000 0.785000 0.785000
272000.000000 96.599998 0.003000
1.073000 0.050000 0.116600
0.125486 0.069139 0.000353 0.000000
0.000000

0.000000 0.041725 1.382374
0.299627 0.270950 8.746139 47.448769 205.761215
0.000000 0.009457 0.142745 0.000000 0.000000 0.000000
0.000000 0.000000 0.000000
3.034900 1.000000 0.000000
764.299377 0.000000
0.000000 0.000000 0.000000 0.000000
0.000000 0.892055
8 0.020000 1.980000 0.001000
0.486000 0.396000 0.726000 0.501000 1.360000 6.610000 0.785000 0.785000
272000.000000 96.599998 0.003000
1.073000 0.050000 0.116600
0.125529 0.069081 0.000353 0.000000
0.000000

0.000000 0.041984 1.396779
0.300036 0.271729 8.764969 47.545986 205.756683
0.000000 0.064687 0.216680 0.000000 0.000000 0.000000
0.000000 0.000000 0.000000
3.065253 1.000000 0.000000
764.299377 0.000000
0.000000 0.000000 0.000000 0.000000
0.000000 0.892912
8 0.020000 2.000000 0.001000
0.486000 0.396000 0.726000 0.501000 1.360000 6.610000 0.785000 0.785000
272000.000000 96.599998 0.003000
1.073000 0.050000 0.116600
0.125593 0.069117 0.000353 0.000000
0.000000
1.000000
2.000000
0.000000 0.000000
0.000000
0
-0.740000
0 0
0.000000
1
0.000000
1.000000
1.000000
1.000000
0.000000 0.000000 0.000000
0.000000 0.000000
0.000000 0.000000 0.000000 0.000000 0.000000 0.000000 0.000000
0.000000 0.000000 0.000000 0.000000 0.000000 0.000000 0.000000
221
2.000000
1
C:\DNDC\sites\Ottawa\CEFSoilc.spf
-1.000000 -1.000000
0.000000
37
37
10.000000
105
0.000000
0.000000
257
0.000000
422390.593750
1
