7
Clay_loam
0.314000 0.490000 0.006410 0.726000 0.398000 1.000000 0.000000 0.000000
1.350000 6.610000 1 0.031000 0.500000 0.050000 0.010000 0.240000 0.750000
0.000000 0.020000 2.000000 270000.000000 96.599998 100
0.233300 1.944000 3.025300 0.000000 1
10.000000 10.000000 10.000000 5.000000 25.000000 100.000000
0.000000 0.016539 0.010930 0.000000 0.000000 0.000000
500.000000 0.000000 0.000000

27.073244 580.666870 3520.020752
16.059568 4.258090 582.477783 2275.930908 6306.891113
0.000000 31.926437 1.851072 1.010348 0.000000 0.000000
0.000114 0.000923 0.000216
-2.443260 0.105560 36.157661
764.299377 0.000000
11.706977 0.000000 0.000000 0.000000
0.000000 18.455021
7 0.020000 0.020000 0.031000
0.490000 0.314000 0.726000 0.398000 1.350000 6.610000 0.726000 0.726000
270000.000000 96.599998 0.006410
1.073000 0.050000 0.116600
28.801239 1.981329 0.001099 0.000000
0.000000

0.760254 38.304165 112.629585
10.336499 2.581182 272.682159 1652.855591 6290.038086
0.000000 1.159855 1.152554 0.505174 0.000000 0.000000
0.000092 0.000880 0.000032
-2.242944 0.110156 39.746460
764.299377 0.000000
6.728168 0.000000 0.000000 0.000000
0.000000 12.365586
7 0.020000 0.040000 0.031000
0.490000 0.314000 0.726000 0.398000 1.350000 6.610000 0.726000 0.726000
270000.000000 96.599998 0.006410
1.073000 0.050000 0.116600
3.953966 1.950950 0.001128 0.000000
0.000000

0.000001 24.275436 49.719219
10.661168 2.506960 270.656311 1642.541626 6290.120117
0.000000 0.253461 0.945478 0.252587 0.000000 0.000000
0.000050 0.000784 0.000000
-2.097992 0.113896 46.701183
764.299377 0.000000
6.292650 0.000000 0.000000 0.000000
0.000000 10.116859
7 0.020000 0.060000 0.031000
0.490000 0.314000 0.726000 0.398000 1.350000 6.610000 0.726000 0.726000
270000.000000 96.599998 0.006410
1.073000 0.050000 0.116600
3.952805 1.925787 0.001152 0.000000
0.000000

0.000000 21.196234 46.045193
11.053319 2.449001 271.299225 1640.995850 6289.937988
0.000000 0.148564 0.869368 0.126294 0.000000 0.000000
0.000042 0.000571 0.000000
-1.966196 0.117660 59.435089
764.299377 0.000000
5.935920 0.000000 0.000000 0.000000
0.000000 7.071790
7 0.020000 0.080000 0.031000
0.490000 0.314000 0.726000 0.398000 1.350000 6.610000 0.726000 0.726000
270000.000000 96.599998 0.006410
1.073000 0.050000 0.116600
3.953018 1.882113 0.001162 0.000000
0.000000

0.000000 19.632624 38.854206
9.246385 1.931714 219.600739 1323.928589 5072.491211
0.000000 0.023081 0.548617 0.063147 0.000000 0.000000
0.000024 0.000280 0.000000
-1.841553 0.121554 59.121986
764.299377 0.000000
4.519187 0.000000 0.000000 0.000000
0.000000 8.896317
7 0.020000 0.100000 0.025000
0.490000 0.314000 0.726000 0.398000 1.350000 6.610000 0.726000 0.726000
270000.000000 96.599998 0.006410
1.073000 0.050000 0.116600
3.187984 1.516376 0.000965 0.000000
0.000000

0.000000 17.145855 75.032104
9.545609 1.875030 216.113693 1322.807617 5072.567383
0.000000 0.009505 0.473272 0.031573 0.000000 0.000000
0.000008 0.000087 0.000000
-1.719314 0.125772 58.740200
764.299377 0.000000
4.229722 0.000000 0.000000 0.000000
0.000000 5.829937
7 0.020000 0.120000 0.025000
0.490000 0.314000 0.726000 0.398000 1.350000 6.610000 0.726000 0.726000
270000.000000 96.599998 0.006410
1.073000 0.050000 0.116600
3.186781 1.440516 0.000948 0.000000
0.000000

0.000000 11.040169 68.746208
9.866910 1.817826 216.611664 1321.688354 5072.366211
0.000000 0.007678 0.442287 0.015787 0.000000 0.000000
0.000006 0.000000 0.000000
-1.599435 0.130366 58.306362
764.299377 0.000000
3.946493 0.000000 0.000000 0.000000
0.000000 4.185431
7 0.020000 0.140000 0.025000
0.490000 0.314000 0.726000 0.398000 1.350000 6.610000 0.726000 0.726000
270000.000000 96.599998 0.006410
1.073000 0.050000 0.116600
3.187710 1.416515 0.000966 0.000000
0.000000

0.000000 18.420286 67.654892
10.141121 1.791906 217.074402 1319.138672 5072.116699
0.000000 0.006799 0.414509 0.007893 0.000000 0.000000
0.000002 0.000000 0.000000
-1.481883 0.135393 57.823650
764.299377 0.000000
3.655016 0.000000 0.000000 0.000000
0.000000 2.914113
7 0.020000 0.160000 0.025000
0.490000 0.314000 0.726000 0.398000 1.350000 6.610000 0.726000 0.726000
270000.000000 96.599998 0.006410
1.073000 0.050000 0.116600
3.188734 1.376551 0.000975 0.000000
0.000000

0.000000 16.762653 55.861153
9.300984 2.345796 174.301559 1056.238647 4057.537598
0.000000 0.000321 0.128733 0.003947 0.000000 0.000000
0.000001 0.000000 0.000000
-1.366629 0.140930 57.336506
764.299377 0.000000
0.839153 0.000000 0.000000 0.000000
0.000000 0.998344
7 0.020000 0.180000 0.020000
0.490000 0.314000 0.726000 0.398000 1.350000 6.610000 0.726000 0.726000
270000.000000 96.599998 0.006410
1.073000 0.050000 0.116600
2.551731 1.116062 0.000821 0.000000
0.000000

0.000000 15.232730 54.884117
9.476411 2.242159 174.738831 1056.676758 4057.438721
0.000000 0.000289 0.120784 0.001973 0.000000 0.000000
0.000000 0.000000 0.000000
-1.253633 0.147070 56.735111
764.299377 0.000000
0.768863 0.000000 0.000000 0.000000
0.000000 3.158548
7 0.020000 0.200000 0.020000
0.490000 0.314000 0.726000 0.398000 1.350000 6.610000 0.726000 0.726000
270000.000000 96.599998 0.006410
1.073000 0.050000 0.116600
2.552366 1.688568 0.001302 0.000000
0.000000

0.000000 13.906979 54.154915
9.660256 2.135504 175.623505 1057.304199 4057.276611
0.000000 0.000264 0.113243 0.000987 0.000000 0.000000
0.000000 0.000000 0.000000
-1.142804 0.153938 56.062107
764.299377 0.000000
0.699925 0.000000 0.000000 0.000000
0.000000 3.919882
7 0.020000 0.220000 0.020000
0.490000 0.314000 0.726000 0.398000 1.350000 6.610000 0.726000 0.726000
270000.000000 96.599998 0.006410
1.073000 0.050000 0.116600
2.553354 1.862497 0.001505 0.000000
0.000000

0.000000 12.660529 53.522526
9.962047 2.155542 176.254379 1058.260010 4057.068604
0.000000 0.000149 0.083024 0.000493 0.000000 0.000000
0.000000 0.000000 0.000000
-1.040951 0.161287 71.998276
764.299377 0.000000
0.390589 0.000000 0.000000 0.000000
0.000000 4.125666
7 0.020000 0.240000 0.020000
0.490000 0.314000 0.726000 0.398000 1.350000 6.610000 0.726000 0.726000
270000.000000 96.599998 0.006410
1.073000 0.050000 0.116600
2.554352 1.345506 0.001135 0.000000
0.000000

0.000000 11.538153 52.760864
10.078259 2.090587 176.875229 1058.018677 4057.078857
0.000000 0.000086 0.080715 0.000247 0.000000 0.000000
0.000000 0.000000 0.000000
-0.938189 0.169583 54.528866
764.299377 0.000000
0.352399 0.000000 0.000000 0.000000
0.000000 4.571723
7 0.020000 0.260000 0.020000
0.490000 0.314000 0.726000 0.398000 1.350000 6.610000 0.726000 0.726000
270000.000000 96.599998 0.006410
1.073000 0.050000 0.116600
2.554679 1.305359 0.001158 0.000000
0.000000

0.000000 10.745074 48.730267
9.212977 1.818559 161.867126 955.389160 3650.483643
0.000000 0.000045 0.068699 0.000123 0.000000 0.000000
0.000000 0.000000 0.000000
-0.844820 0.178770 104.104210
764.299377 0.000000
0.286844 0.000000 0.000000 0.000000
0.000000 15.694761
7 0.020000 0.280000 0.018000
0.490000 0.314000 0.726000 0.398000 1.350000 6.610000 0.726000 0.726000
270000.000000 96.599998 0.000070
1.073000 0.050000 0.116600
2.302470 1.306865 0.001222 0.000000
0.000000

0.000000 9.802822 48.318050
9.308483 1.769940 162.597672 956.141296 3650.270264
0.000000 0.029042 0.243608 0.000062 0.000000 0.000000
0.000000 0.000000 0.000000
-0.757831 0.188493 81.068153
764.299377 0.000000
0.257712 0.000000 0.000000 0.000000
0.000000 12.433816
7 0.020000 0.300000 0.018000
0.490000 0.314000 0.726000 0.398000 1.350000 6.610000 0.726000 0.726000
270000.000000 96.599998 0.000070
1.073000 0.050000 0.116600
2.303363 1.186599 0.001169 0.000000
0.000000

0.000000 8.874836 47.623318
9.481169 1.847864 162.544128 955.978943 3650.314697
0.000000 0.067574 0.311083 0.000031 0.000000 0.000000
0.000000 0.000013 0.000000
-0.672153 0.199726 78.096260
764.299377 0.000000
0.000000 0.000000 0.000000 0.000000
0.000000 8.925214
7 0.020000 0.320000 0.018000
0.490000 0.314000 0.726000 0.398000 1.350000 6.610000 0.726000 0.726000
270000.000000 96.599998 0.000070
1.073000 0.050000 0.116600
2.303305 1.178530 0.001230 0.000000
0.000000

0.000000 8.095242 42.129086
8.355163 1.589275 144.242767 837.284180 3189.441895
0.000000 0.034443 0.210060 0.000015 0.000000 0.000000
0.000000 0.000006 0.000000
-0.587464 0.213016 75.618561
764.299377 0.000000
0.000000 0.000000 0.000000 0.000000
0.000000 7.118444
8 0.020000 0.340000 0.015500
0.483000 0.377000 0.726000 0.484000 1.370000 6.610000 0.770000 0.770000
274000.000000 96.599998 0.000070
1.073000 0.050000 0.116600
2.014949 1.031826 0.001115 0.000000
0.000000

0.000000 7.318179 41.536339
8.369864 1.574534 144.136124 837.125977 3189.491699
0.000000 0.018541 0.192725 0.000008 0.000000 0.000000
0.000000 0.000003 0.000000
-0.503361 0.229019 74.066055
764.299377 0.000000
0.000000 0.000000 0.000000 0.000000
0.000000 6.405879
8 0.020000 0.360000 0.015500
0.483000 0.377000 0.726000 0.484000 1.370000 6.610000 0.770000 0.770000
274000.000000 96.599998 0.000070
1.073000 0.050000 0.116600
2.014851 1.027659 0.001194 0.000000
0.000000

0.000000 6.607067 40.981277
8.346561 1.593169 143.938263 837.010498 3189.539062
0.000000 0.019825 0.218490 0.000004 0.000000 0.000000
0.000000 0.000003 0.000000
-0.419580 0.248709 71.888199
764.299377 0.000000
0.000000 0.000000 0.000000 0.000000
0.000000 6.179903
8 0.020000 0.380000 0.015500
0.483000 0.377000 0.726000 0.484000 1.370000 6.610000 0.770000 0.770000
274000.000000 96.599998 0.000070
1.073000 0.050000 0.116600
2.014716 1.027338 0.001297 0.000000
0.000000

0.000000 5.962137 40.466576
8.326704 1.611751 143.713577 836.897339 3189.597656
0.000000 0.037196 0.277931 0.000002 0.000000 0.000000
0.000000 0.000004 0.000000
-0.334036 0.273872 68.623627
764.299377 0.000000
0.000000 0.000000 0.000000 0.000000
0.000000 6.125463
8 0.020000 0.400000 0.015500
0.483000 0.377000 0.726000 0.484000 1.370000 6.610000 0.770000 0.770000
274000.000000 96.599998 0.000070
1.073000 0.050000 0.116600
2.014565 1.027108 0.001428 0.000000
0.000000

0.000000 5.393519 40.041260
8.301347 1.640350 143.652725 836.812866 3189.625244
0.000000 0.062763 0.333856 0.000001 0.000000 0.000000
0.000000 0.000006 0.000000
-0.240532 0.307841 63.722702
764.299377 0.000000
0.000000 0.000000 0.000000 0.000000
0.000000 6.122072
8 0.020000 0.420000 0.015500
0.483000 0.377000 0.726000 0.484000 1.370000 6.610000 0.770000 0.770000
274000.000000 96.599998 0.000070
1.073000 0.050000 0.116600
2.014527 1.026799 0.001607 0.000000
0.000000

0.000000 4.883557 39.663277
8.267609 1.676564 143.649780 836.715393 3189.660156
0.000000 0.089686 0.373084 0.000000 0.000000 0.000000
0.000000 0.000008 0.000000
-0.104605 0.357581 56.788197
764.299377 0.000000
0.000000 0.000000 0.000000 0.000000
0.000000 6.118950
8 0.020000 0.440000 0.015500
0.483000 0.377000 0.726000 0.484000 1.370000 6.610000 0.770000 0.770000
274000.000000 96.599998 0.000070
1.073000 0.050000 0.116600
2.014506 1.026422 0.001872 0.000000
0.000000

0.000000 4.420349 39.318481
8.222049 1.729371 143.622604 836.632202 3189.699707
0.000000 0.114141 0.407682 0.000000 0.000000 0.000000
0.000000 0.000008 0.000000
-0.032631 0.441415 46.836792
764.299377 0.000000
0.000000 0.000000 0.000000 0.000000
0.000000 6.139630
8 0.020000 0.460000 0.015500
0.483000 0.377000 0.726000 0.484000 1.370000 6.610000 0.770000 0.770000
274000.000000 96.599998 0.000070
1.073000 0.050000 0.116600
2.014475 1.025918 0.002306 0.000000
0.000000

0.000000 4.005052 39.018585
8.132710 1.823583 143.656952 836.555298 3189.716064
0.000000 0.133310 0.435424 0.000000 0.000000 0.000000
0.000000 0.000008 0.000000
-0.004899 0.634614 27.153751
764.299377 0.000000
0.000000 0.000000 0.000000 0.000000
0.000000 6.146019
8 0.020000 0.480000 0.015500
0.483000 0.377000 0.726000 0.484000 1.370000 6.610000 0.770000 0.770000
274000.000000 96.599998 0.000070
1.073000 0.050000 0.116600
2.014482 1.024875 0.003301 0.000000
0.000000

0.000000 3.630203 38.754589
8.035019 1.923062 143.703079 836.503784 3189.730957
0.000000 0.147497 0.461620 0.000000 0.000000 0.000000
0.000000 0.000005 0.000004
0.003290 0.913264 0.000000
764.299377 0.000000
0.000000 0.000000 0.000000 0.000000
0.000000 6.149768
8 0.020000 0.500000 0.015500
0.483000 0.377000 0.726000 0.484000 1.370000 6.610000 0.770000 0.770000
274000.000000 96.599998 0.000070
1.073000 0.050000 0.116600
2.014502 1.023429 0.004733 0.000000
0.000000

0.000000 3.292858 38.520679
7.932880 2.024338 143.787781 836.440552 3189.745117
0.000000 0.157382 0.480266 0.000000 0.000000 0.000000
0.000000 0.000004 0.000004
0.072987 0.915772 0.000000
764.299377 0.000000
0.000000 0.000000 0.000000 0.000000
0.000000 6.140383
8 0.020000 0.520000 0.015500
0.483000 0.377000 0.726000 0.484000 1.370000 6.610000 0.770000 0.770000
274000.000000 96.599998 0.000070
1.073000 0.050000 0.116600
2.014538 1.023420 0.004746 0.000000
0.000000

0.000000 2.951915 20.297047
4.036860 1.094303 73.712791 429.900452 1646.811035
0.000000 0.145441 0.297752 0.000000 0.000000 0.000000
0.000000 0.000004 0.000003
0.144075 0.770000 0.000000
764.299377 0.000000
0.000000 0.000000 0.000000 0.000000
0.000000 5.213626
8 0.020000 0.540000 0.008000
0.483000 0.377000 0.726000 0.484000 1.370000 6.610000 0.770000 0.770000
274000.000000 96.599998 0.002410
1.073000 0.050000 0.116600
1.038427 0.543388 0.002113 0.000000
0.000000

0.000000 2.681936 20.122814
3.985582 1.146074 73.795853 429.910187 1646.803101
0.000000 0.092471 0.278479 0.000000 0.000000 0.000000
0.000000 0.000002 0.000002
0.216978 0.770000 0.000000
764.299377 0.000000
0.000000 0.000000 0.000000 0.000000
0.000000 4.823956
8 0.020000 0.560000 0.008000
0.483000 0.377000 0.726000 0.484000 1.370000 6.610000 0.770000 0.770000
274000.000000 96.599998 0.002410
1.073000 0.050000 0.116600
1.038496 0.532456 0.002071 0.000000
0.000000

0.000000 2.438190 19.978960
3.937104 1.195700 73.898880 429.956024 1646.784302
0.000000 0.062507 0.264623 0.000000 0.000000 0.000000
0.000000 0.000001 0.000001
0.288749 0.770000 0.000000
764.299377 0.000000
0.000000 0.000000 0.000000 0.000000
0.000000 4.639126
8 0.020000 0.580000 0.008000
0.483000 0.377000 0.726000 0.484000 1.370000 6.610000 0.770000 0.770000
274000.000000 96.599998 0.002410
1.073000 0.050000 0.116600
1.038597 0.530956 0.002065 0.000000
0.000000

0.000000 2.217842 19.867943
3.891437 1.243366 74.009354 430.071350 1646.750732
0.000000 0.050175 0.262143 0.000000 0.000000 0.000000
0.000000 0.000001 0.000001
0.359456 0.770000 0.000000
764.299377 0.000000
0.000000 0.000000 0.000000 0.000000
0.000000 4.598553
8 0.020000 0.600000 0.008000
0.483000 0.377000 0.726000 0.484000 1.370000 6.610000 0.770000 0.770000
274000.000000 96.599998 0.002410
1.073000 0.050000 0.116600
1.038736 0.531292 0.002066 0.000000
0.000000

0.000000 2.017000 19.752995
3.847174 1.288782 74.104927 430.114227 1646.734985
0.000000 0.050997 0.273251 0.000000 0.000000 0.000000
0.000000 0.000001 0.000001
0.429163 0.770000 0.000000
764.299377 0.000000
0.000000 0.000000 0.000000 0.000000
0.000000 4.525038
8 0.020000 0.620000 0.008000
0.483000 0.377000 0.726000 0.484000 1.370000 6.610000 0.770000 0.770000
274000.000000 96.599998 0.002410
1.073000 0.050000 0.116600
1.038825 0.529980 0.002061 0.000000
0.000000

0.000000 1.834805 19.655870
3.805035 1.332315 74.197754 430.178406 1646.720703
0.000000 0.054012 0.284985 0.000000 0.000000 0.000000
0.000000 0.000001 0.000001
0.497931 0.770000 0.000000
764.299377 0.000000
0.000000 0.000000 0.000000 0.000000
0.000000 4.463947
8 0.020000 0.640000 0.008000
0.483000 0.377000 0.726000 0.484000 1.370000 6.610000 0.770000 0.770000
274000.000000 96.599998 0.002410
1.073000 0.050000 0.116600
1.038923 0.529792 0.002060 0.000000
0.000000

0.000000 1.669315 19.562277
3.764464 1.373903 74.281921 430.210480 1646.708618
0.000000 0.056292 0.294843 0.000000 0.000000 0.000000
0.000000 0.000001 0.000001
0.565817 0.770000 0.000000
764.299377 0.000000
0.000000 0.000000 0.000000 0.000000
0.000000 4.417284
8 0.020000 0.660000 0.008000
0.483000 0.377000 0.726000 0.484000 1.370000 6.610000 0.770000 0.770000
274000.000000 96.599998 0.002410
1.073000 0.050000 0.116600
1.038999 0.529684 0.002060 0.000000
0.000000

0.000000 1.519477 19.486666
3.725942 1.413847 74.377663 430.265594 1646.689697
0.000000 0.056540 0.302548 0.000000 0.000000 0.000000
0.000000 0.000001 0.000001
0.632874 0.770000 0.000000
764.299377 0.000000
0.000000 0.000000 0.000000 0.000000
0.000000 4.381156
8 0.020000 0.680000 0.008000
0.483000 0.377000 0.726000 0.484000 1.370000 6.610000 0.770000 0.770000
274000.000000 96.599998 0.002410
1.073000 0.050000 0.116600
1.039088 0.529513 0.002059 0.000000
0.000000

0.000000 1.384728 19.448244
3.690032 1.452503 74.511169 430.407227 1646.637329
0.000000 0.056316 0.309617 0.000000 0.000000 0.000000
0.000000 0.000001 0.000000
0.699153 0.770000 0.000000
764.299377 0.000000
0.000000 0.000000 0.000000 0.000000
0.000000 4.412693
8 0.020000 0.700000 0.008000
0.483000 0.377000 0.726000 0.484000 1.370000 6.610000 0.770000 0.770000
274000.000000 96.599998 0.002410
1.073000 0.050000 0.116600
1.039249 0.531801 0.002068 0.000000
0.000000

0.000000 1.262206 19.420242
3.655766 1.489638 74.627647 430.574982 1646.586670
0.000000 0.056107 0.316636 0.000000 0.000000 0.000000
0.000000 0.000001 0.000000
0.764702 0.770000 0.000000
764.299377 0.000000
0.000000 0.000000 0.000000 0.000000
0.000000 4.392460
8 0.020000 0.720000 0.008000
0.483000 0.377000 0.726000 0.484000 1.370000 6.610000 0.770000 0.770000
274000.000000 96.599998 0.002410
1.073000 0.050000 0.116600
1.039411 0.529531 0.002059 0.000000
0.000000

0.000000 1.156768 12.401206
2.251647 0.947747 46.615326 267.501129 1021.521606
0.000000 0.058104 0.229718 0.000000 0.000000 0.000000
0.000000 0.000000 0.000000
0.829180 0.785000 0.000000
764.299377 0.000000
0.000000 0.000000 0.000000 0.000000
0.000000 3.791175
8 0.020000 0.740000 0.005000
0.486000 0.396000 0.726000 0.501000 1.360000 6.610000 0.785000 0.785000
272000.000000 96.599998 0.003000
1.073000 0.050000 0.116600
0.645225 0.330979 0.001329 0.000000
0.000000

0.000000 1.056240 12.382085
2.232812 0.968991 46.703941 267.657043 1021.478149
0.000000 0.041477 0.218211 0.000000 0.000000 0.000000
0.000000 0.000000 0.000000
0.892632 0.785000 0.000000
764.299377 0.000000
0.000000 0.000000 0.000000 0.000000
0.000000 3.604803
8 0.020000 0.760000 0.005000
0.486000 0.396000 0.726000 0.501000 1.360000 6.610000 0.785000 0.785000
272000.000000 96.599998 0.003000
1.073000 0.050000 0.116600
0.645364 0.329565 0.001323 0.000000
0.000000

0.000000 0.964879 12.398818
2.215757 0.989858 46.794395 267.945526 1021.422424
0.000000 0.036445 0.218296 0.000000 0.000000 0.000000
0.000000 0.000000 0.000000
0.955474 0.785000 0.000000
764.299377 0.000000
0.000000 0.000000 0.000000 0.000000
0.000000 3.480847
8 0.020000 0.780000 0.005000
0.486000 0.396000 0.726000 0.501000 1.360000 6.610000 0.785000 0.785000
272000.000000 96.599998 0.003000
1.073000 0.050000 0.116600
0.645572 0.329270 0.001322 0.000000
0.000000

0.000000 0.881661 12.395370
2.198607 1.009585 46.874744 268.121429 1021.384155
0.000000 0.035365 0.221201 0.000000 0.000000 0.000000
0.000000 0.000000 0.000000
1.017740 0.785000 0.000000
764.299377 0.000000
0.000000 0.000000 0.000000 0.000000
0.000000 3.327270
8 0.020000 0.800000 0.005000
0.486000 0.396000 0.726000 0.501000 1.360000 6.610000 0.785000 0.785000
272000.000000 96.599998 0.003000
1.073000 0.050000 0.116600
0.645715 0.327895 0.001316 0.000000
0.000000

0.000000 0.805504 12.398520
2.182247 1.028608 46.955418 268.303619 1021.354858
0.000000 0.033650 0.222075 0.000000 0.000000 0.000000
0.000000 0.000000 0.000000
1.079461 0.785000 0.000000
764.299377 0.000000
0.000000 0.000000 0.000000 0.000000
0.000000 3.205242
8 0.020000 0.820000 0.005000
0.486000 0.396000 0.726000 0.501000 1.360000 6.610000 0.785000 0.785000
272000.000000 96.599998 0.003000
1.073000 0.050000 0.116600
0.645859 0.327633 0.001315 0.000000
0.000000

0.000000 0.737313 12.403484
2.161554 1.044585 47.043072 268.464355 1021.319946
0.000000 0.030644 0.219040 0.000000 0.000000 0.000000
0.000000 0.000000 0.000000
1.138192 0.931798 0.000000
764.299377 0.000000
0.000000 0.000000 0.000000 0.000000
0.000000 3.141562
8 0.020000 0.840000 0.005000
0.486000 0.396000 0.726000 0.501000 1.360000 6.610000 0.785000 0.785000
272000.000000 96.599998 0.003000
1.073000 0.050000 0.116600
0.645993 0.327274 0.001559 0.000000
0.000000

0.000000 0.676139 12.415369
2.142884 1.058956 47.160530 268.613434 1021.282532
0.000000 0.027746 0.215833 0.000000 0.000000 0.000000
0.000000 0.000000 0.000000
1.193175 1.000000 0.000000
764.299377 0.000000
0.000000 0.000000 0.000000 0.000000
0.000000 3.069465
8 0.020000 0.860000 0.005000
0.486000 0.396000 0.726000 0.501000 1.360000 6.610000 0.785000 0.785000
272000.000000 96.599998 0.003000
1.073000 0.050000 0.116600
0.646134 0.326962 0.001672 0.000000
0.000000

0.000000 0.619513 12.407222
2.128861 1.073486 47.241535 268.678680 1021.258911
0.000000 0.030182 0.222301 0.000000 0.000000 0.000000
0.000000 0.000000 0.000000
1.246732 1.000000 0.000000
764.299377 0.000000
0.000000 0.000000 0.000000 0.000000
0.000000 3.015432
8 0.020000 0.880000 0.005000
0.486000 0.396000 0.726000 0.501000 1.360000 6.610000 0.785000 0.785000
272000.000000 96.599998 0.003000
1.073000 0.050000 0.116600
0.646214 0.326797 0.001671 0.000000
0.000000

0.000000 0.568393 12.400649
2.115949 1.087772 47.324768 268.730225 1021.235107
0.000000 0.042278 0.243769 0.000000 0.000000 0.000000
0.000000 0.000000 0.000000
1.299798 1.000000 0.000000
764.299377 0.000000
0.000000 0.000000 0.000000 0.000000
0.000000 3.129269
8 0.020000 0.900000 0.005000
0.486000 0.396000 0.726000 0.501000 1.360000 6.610000 0.785000 0.785000
272000.000000 96.599998 0.003000
1.073000 0.050000 0.116600
0.646288 0.326795 0.001671 0.000000
0.000000

0.000000 0.523483 12.411264
2.103967 1.101766 47.462616 268.788239 1021.197266
0.000000 0.055418 0.260390 0.000000 0.000000 0.000000
0.000000 0.000000 0.000000
1.352390 1.000000 0.000000
764.299377 0.000000
0.000000 0.000000 0.000000 0.000000
0.000000 4.615960
8 0.020000 0.920000 0.005000
0.486000 0.396000 0.726000 0.501000 1.360000 6.610000 0.785000 0.785000
272000.000000 96.599998 0.003000
1.073000 0.050000 0.116600
0.646394 0.327772 0.001676 0.000000
0.000000

0.000000 0.481612 2.756027
0.419194 0.223352 9.521518 53.815228 204.231354
0.000000 0.109952 0.084141 0.000000 0.000000 0.000000
0.000000 0.000000 0.000000
1.404522 1.000000 0.000000
764.299377 0.000000
0.000000 0.000000 0.000000 0.000000
0.000000 1.510803
8 0.020000 0.940000 0.001000
0.486000 0.396000 0.726000 0.501000 1.360000 6.610000 0.785000 0.785000
272000.000000 96.599998 0.003000
1.073000 0.050000 0.116600
0.129309 0.067307 0.000344 0.000000
0.000000

0.000000 0.443095 2.733221
0.416813 0.225880 9.538501 53.816101 204.227936
0.000000 0.048055 0.072821 0.000000 0.000000 0.000000
0.000000 0.000000 0.000000
1.456207 1.000000 0.000000
764.299377 0.000000
0.000000 0.000000 0.000000 0.000000
0.000000 1.127460
8 0.020000 0.960000 0.001000
0.486000 0.396000 0.726000 0.501000 1.360000 6.610000 0.785000 0.785000
272000.000000 96.599998 0.003000
1.073000 0.050000 0.116600
0.129321 0.065373 0.000334 0.000000
0.000000

0.000000 0.409570 2.716293
0.414616 0.228367 9.573631 53.812084 204.221985
0.000000 0.011680 0.052938 0.000000 0.000000 0.000000
0.000000 0.000000 0.000000
1.507456 1.000000 0.000000
764.299377 0.000000
0.000000 0.000000 0.000000 0.000000
0.000000 0.973512
8 0.020000 0.980000 0.001000
0.486000 0.396000 0.726000 0.501000 1.360000 6.610000 0.785000 0.785000
272000.000000 96.599998 0.003000
1.073000 0.050000 0.116600
0.129339 0.065299 0.000333 0.000000
0.000000

0.000000 0.389698 2.732026
0.413342 0.231233 9.737587 53.803768 204.200943
0.000000 0.000988 0.028403 0.000000 0.000000 0.000000
0.000000 0.000000 0.000000
1.558276 1.000000 0.000000
764.299377 0.000000
0.000000 0.000000 0.000000 0.000000
0.000000 0.829077
8 0.020000 1.000000 0.001000
0.486000 0.396000 0.726000 0.501000 1.360000 6.610000 0.785000 0.785000
272000.000000 96.599998 0.003000
1.073000 0.050000 0.116600
0.129425 0.065214 0.000333 0.000000
0.000000

0.000000 0.368937 2.740320
0.411890 0.233884 9.861967 53.797115 204.183624
0.000000 0.000001 0.007314 0.000000 0.000000 0.000000
0.000000 0.000000 0.000000
1.608675 1.000000 0.000000
764.299377 0.000000
0.000000 0.000000 0.000000 0.000000
0.000000 0.694858
8 0.020000 1.020000 0.001000
0.486000 0.396000 0.726000 0.501000 1.360000 6.610000 0.785000 0.785000
272000.000000 96.599998 0.003000
1.073000 0.050000 0.116600
0.129489 0.065137 0.000333 0.000000
0.000000

0.000000 0.340065 2.721253
0.409722 0.236015 9.862310 53.795517 204.183578
0.000000 0.000000 0.003322 0.000000 0.000000 0.000000
0.000000 0.000000 0.000000
1.658658 1.000000 0.000000
764.299377 0.000000
0.000000 0.000000 0.000000 0.000000
0.000000 0.690895
8 0.020000 1.040000 0.001000
0.486000 0.396000 0.726000 0.501000 1.360000 6.610000 0.785000 0.785000
272000.000000 96.599998 0.003000
1.073000 0.050000 0.116600
0.129489 0.065136 0.000333 0.000000
0.000000

0.000000 0.313966 2.704229
0.407640 0.238074 9.863754 53.793953 204.182999
0.000000 0.000000 0.003788 0.000000 0.000000 0.000000
0.000000 0.000000 0.000000
1.708229 1.000000 0.000000
764.299377 0.000000
0.000000 0.000000 0.000000 0.000000
0.000000 0.687992
8 0.020000 1.060000 0.001000
0.486000 0.396000 0.726000 0.501000 1.360000 6.610000 0.785000 0.785000
272000.000000 96.599998 0.003000
1.073000 0.050000 0.116600
0.129489 0.065134 0.000333 0.000000
0.000000

0.000000 0.290359 2.688848
0.405634 0.240060 9.865339 53.792377 204.182663
0.000000 0.000000 0.004862 0.000000 0.000000 0.000000
0.000000 0.000000 0.000000
1.757391 1.000000 0.000000
764.299377 0.000000
0.000000 0.000000 0.000000 0.000000
0.000000 0.685367
8 0.020000 1.080000 0.001000
0.486000 0.396000 0.726000 0.501000 1.360000 6.610000 0.785000 0.785000
272000.000000 96.599998 0.003000
1.073000 0.050000 0.116600
0.129490 0.065132 0.000333 0.000000
0.000000

0.000000 0.268946 2.674637
0.403692 0.241973 9.865555 53.790958 204.182449
0.000000 0.000000 0.005943 0.000000 0.000000 0.000000
0.000000 0.000000 0.000000
1.806147 1.000000 0.000000
764.299377 0.000000
0.000000 0.000000 0.000000 0.000000
0.000000 0.683247
8 0.020000 1.100000 0.001000
0.486000 0.396000 0.726000 0.501000 1.360000 6.610000 0.785000 0.785000
272000.000000 96.599998 0.003000
1.073000 0.050000 0.116600
0.129490 0.065132 0.000333 0.000000
0.000000

0.000000 0.249572 2.661878
0.401824 0.243821 9.866264 53.789642 204.182343
0.000000 0.000000 0.006850 0.000000 0.000000 0.000000
0.000000 0.000000 0.000000
1.854496 1.000000 0.000000
764.299377 0.000000
0.000000 0.000000 0.000000 0.000000
0.000000 0.681216
8 0.020000 1.120000 0.001000
0.486000 0.396000 0.726000 0.501000 1.360000 6.610000 0.785000 0.785000
272000.000000 96.599998 0.003000
1.073000 0.050000 0.116600
0.129490 0.065132 0.000333 0.000000
0.000000

0.000000 0.232031 2.650229
0.400018 0.245603 9.866466 53.788326 204.182312
0.000000 0.000000 0.007743 0.000000 0.000000 0.000000
0.000000 0.000000 0.000000
1.902439 1.000000 0.000000
764.299377 0.000000
0.000000 0.000000 0.000000 0.000000
0.000000 0.679741
8 0.020000 1.140000 0.001000
0.486000 0.396000 0.726000 0.501000 1.360000 6.610000 0.785000 0.785000
272000.000000 96.599998 0.003000
1.073000 0.050000 0.116600
0.129490 0.065131 0.000333 0.000000
0.000000

0.000000 0.216205 2.640043
0.398288 0.247331 9.868426 53.787083 204.181915
0.000000 0.000000 0.008517 0.000000 0.000000 0.000000
0.000000 0.000000 0.000000
1.949976 1.000000 0.000000
764.299377 0.000000
0.000000 0.000000 0.000000 0.000000
0.000000 0.879583
8 0.020000 1.160000 0.001000
0.486000 0.396000 0.726000 0.501000 1.360000 6.610000 0.785000 0.785000
272000.000000 96.599998 0.003000
1.073000 0.050000 0.116600
0.129490 0.065338 0.000334 0.000000
0.000000

0.000000 0.201867 2.630717
0.396613 0.248998 9.869790 53.785812 204.181381
0.000000 0.000000 0.009242 0.000000 0.000000 0.000000
0.000000 0.000000 0.000000
1.997105 1.000000 0.000000
764.299377 0.000000
0.000000 0.000000 0.000000 0.000000
0.000000 0.709967
8 0.020000 1.180000 0.001000
0.486000 0.396000 0.726000 0.501000 1.360000 6.610000 0.785000 0.785000
272000.000000 96.599998 0.003000
1.073000 0.050000 0.116600
0.129491 0.065152 0.000333 0.000000
0.000000

0.000000 0.188873 2.622205
0.394995 0.250607 9.870765 53.784527 204.180893
0.000000 0.000000 0.009857 0.000000 0.000000 0.000000
0.000000 0.000000 0.000000
2.043825 1.000000 0.000000
764.299377 0.000000
0.000000 0.000000 0.000000 0.000000
0.000000 0.709588
8 0.020000 1.200000 0.001000
0.486000 0.396000 0.726000 0.501000 1.360000 6.610000 0.785000 0.785000
272000.000000 96.599998 0.003000
1.073000 0.050000 0.116600
0.129491 0.065152 0.000333 0.000000
0.000000

0.000000 0.177125 2.614560
0.393434 0.252164 9.871984 53.783344 204.180664
0.000000 0.000000 0.010443 0.000000 0.000000 0.000000
0.000000 0.000000 0.000000
2.090133 1.000000 0.000000
764.299377 0.000000
0.000000 0.000000 0.000000 0.000000
0.000000 0.708980
8 0.020000 1.220000 0.001000
0.486000 0.396000 0.726000 0.501000 1.360000 6.610000 0.785000 0.785000
272000.000000 96.599998 0.003000
1.073000 0.050000 0.116600
0.129491 0.065152 0.000333 0.000000
0.000000

0.000000 0.166492 2.607666
0.391927 0.253669 9.873202 53.782322 204.180191
0.000000 0.000000 0.010931 0.000000 0.000000 0.000000
0.000000 0.000000 0.000000
2.136028 1.000000 0.000000
764.299377 0.000000
0.000000 0.000000 0.000000 0.000000
0.000000 0.708426
8 0.020000 1.240000 0.001000
0.486000 0.396000 0.726000 0.501000 1.360000 6.610000 0.785000 0.785000
272000.000000 96.599998 0.003000
1.073000 0.050000 0.116600
0.129492 0.065152 0.000333 0.000000
0.000000

0.000000 0.156868 2.601395
0.390471 0.255123 9.874353 53.781204 204.179581
0.000000 0.000000 0.011445 0.000000 0.000000 0.000000
0.000000 0.000000 0.000000
2.181506 1.000000 0.000000
764.299377 0.000000
0.000000 0.000000 0.000000 0.000000
0.000000 0.707950
8 0.020000 1.260000 0.001000
0.486000 0.396000 0.726000 0.501000 1.360000 6.610000 0.785000 0.785000
272000.000000 96.599998 0.003000
1.073000 0.050000 0.116600
0.129492 0.065151 0.000333 0.000000
0.000000

0.000000 0.148154 2.595737
0.389063 0.256530 9.875515 53.780064 204.179291
0.000000 0.000000 0.011861 0.000000 0.000000 0.000000
0.000000 0.000000 0.000000
2.226564 1.000000 0.000000
764.299377 0.000000
0.000000 0.000000 0.000000 0.000000
0.000000 0.707481
8 0.020000 1.280000 0.001000
0.486000 0.396000 0.726000 0.501000 1.360000 6.610000 0.785000 0.785000
272000.000000 96.599998 0.003000
1.073000 0.050000 0.116600
0.129493 0.065152 0.000333 0.000000
0.000000

0.000000 0.140272 2.590714
0.387705 0.257892 9.876707 53.779324 204.178513
0.000000 0.000000 0.012366 0.000000 0.000000 0.000000
0.000000 0.000000 0.000000
2.271201 1.000000 0.000000
764.299377 0.000000
0.000000 0.000000 0.000000 0.000000
0.000000 0.706842
8 0.020000 1.300000 0.001000
0.486000 0.396000 0.726000 0.501000 1.360000 6.610000 0.785000 0.785000
272000.000000 96.599998 0.003000
1.073000 0.050000 0.116600
0.129492 0.065151 0.000333 0.000000
0.000000

0.000000 0.133139 2.586178
0.386393 0.259210 9.877912 53.778667 204.178314
0.000000 0.000000 0.013053 0.000000 0.000000 0.000000
0.000000 0.000000 0.000000
2.315411 1.000000 0.000000
764.299377 0.000000
0.000000 0.000000 0.000000 0.000000
0.000000 0.706261
8 0.020000 1.320000 0.001000
0.486000 0.396000 0.726000 0.501000 1.360000 6.610000 0.785000 0.785000
272000.000000 96.599998 0.003000
1.073000 0.050000 0.116600
0.129493 0.065151 0.000333 0.000000
0.000000

0.000000 0.126683 2.582015
0.385122 0.260484 9.879045 53.777641 204.178314
0.000000 0.000000 0.014364 0.000000 0.000000 0.000000
0.000000 0.000000 0.000000
2.359193 1.000000 0.000000
764.299377 0.000000
0.000000 0.000000 0.000000 0.000000
0.000000 0.705884
8 0.020000 1.340000 0.001000
0.486000 0.396000 0.726000 0.501000 1.360000 6.610000 0.785000 0.785000
272000.000000 96.599998 0.003000
1.073000 0.050000 0.116600
0.129493 0.065152 0.000333 0.000000
0.000000

0.000000 0.120838 2.578233
0.383892 0.261717 9.880137 53.776688 204.177872
0.000000 0.000000 0.019833 0.000000 0.000000 0.000000
0.000000 0.000000 0.000000
2.402542 1.000000 0.000000
764.299377 0.000000
0.000000 0.000000 0.000000 0.000000
0.000000 0.705415
8 0.020000 1.360000 0.001000
0.486000 0.396000 0.726000 0.501000 1.360000 6.610000 0.785000 0.785000
272000.000000 96.599998 0.003000
1.073000 0.050000 0.116600
0.129493 0.065151 0.000333 0.000000
0.000000

0.000000 0.115552 2.574839
0.382704 0.262911 9.881261 53.775887 204.177765
0.000000 0.000002 0.029496 0.000000 0.000000 0.000000
0.000000 0.000000 0.000000
2.445456 1.000000 0.000000
764.299377 0.000000
0.000000 0.000000 0.000000 0.000000
0.000000 0.705010
8 0.020000 1.380000 0.001000
0.486000 0.396000 0.726000 0.501000 1.360000 6.610000 0.785000 0.785000
272000.000000 96.599998 0.003000
1.073000 0.050000 0.116600
0.129494 0.065151 0.000333 0.000000
0.000000

0.000000 0.110769 2.571776
0.381553 0.264066 9.882345 53.774879 204.177444
0.000000 0.000005 0.032784 0.000000 0.000000 0.000000
0.000000 0.000000 0.000000
2.487931 1.000000 0.000000
764.299377 0.000000
0.000000 0.000000 0.000000 0.000000
0.000000 0.704591
8 0.020000 1.400000 0.001000
0.486000 0.396000 0.726000 0.501000 1.360000 6.610000 0.785000 0.785000
272000.000000 96.599998 0.003000
1.073000 0.050000 0.116600
0.129494 0.065152 0.000333 0.000000
0.000000

0.000000 0.106439 2.569189
0.380445 0.265189 9.883563 53.774754 204.176971
0.000000 0.000007 0.033599 0.000000 0.000000 0.000000
0.000000 0.000000 0.000000
2.529965 1.000000 0.000000
764.299377 0.000000
0.000000 0.000000 0.000000 0.000000
0.000000 0.703837
8 0.020000 1.420000 0.001000
0.486000 0.396000 0.726000 0.501000 1.360000 6.610000 0.785000 0.785000
272000.000000 96.599998 0.003000
1.073000 0.050000 0.116600
0.129494 0.065151 0.000333 0.000000
0.000000

0.000000 0.102519 2.566903
0.379373 0.266277 9.884786 53.774750 204.176437
0.000000 0.000008 0.034297 0.000000 0.000000 0.000000
0.000000 0.000000 0.000000
2.571554 1.000000 0.000000
764.299377 0.000000
0.000000 0.000000 0.000000 0.000000
0.000000 0.703028
8 0.020000 1.440000 0.001000
0.486000 0.396000 0.726000 0.501000 1.360000 6.610000 0.785000 0.785000
272000.000000 96.599998 0.003000
1.073000 0.050000 0.116600
0.129495 0.065150 0.000333 0.000000
0.000000

0.000000 0.098975 2.564805
0.378335 0.267330 9.885969 53.774551 204.175995
0.000000 0.000008 0.034869 0.000000 0.000000 0.000000
0.000000 0.000000 0.000000
2.612695 1.000000 0.000000
764.299377 0.000000
0.000000 0.000000 0.000000 0.000000
0.000000 0.702363
8 0.020000 1.460000 0.001000
0.486000 0.396000 0.726000 0.501000 1.360000 6.610000 0.785000 0.785000
272000.000000 96.599998 0.003000
1.073000 0.050000 0.116600
0.129495 0.065150 0.000333 0.000000
0.000000

0.000000 0.095768 2.562799
0.377326 0.268347 9.887022 53.773842 204.175720
0.000000 0.000009 0.035440 0.000000 0.000000 0.000000
0.000000 0.000000 0.000000
2.653386 1.000000 0.000000
764.299377 0.000000
0.000000 0.000000 0.000000 0.000000
0.000000 0.701942
8 0.020000 1.480000 0.001000
0.486000 0.396000 0.726000 0.501000 1.360000 6.610000 0.785000 0.785000
272000.000000 96.599998 0.003000
1.073000 0.050000 0.116600
0.129496 0.065150 0.000333 0.000000
0.000000

0.000000 0.092867 2.561013
0.376349 0.269334 9.888106 53.773300 204.175507
0.000000 0.000009 0.035863 0.000000 0.000000 0.000000
0.000000 0.000000 0.000000
2.693625 1.000000 0.000000
764.299377 0.000000
0.000000 0.000000 0.000000 0.000000
0.000000 0.701592
8 0.020000 1.500000 0.001000
0.486000 0.396000 0.726000 0.501000 1.360000 6.610000 0.785000 0.785000
272000.000000 96.599998 0.003000
1.073000 0.050000 0.116600
0.129496 0.065150 0.000333 0.000000
0.000000

0.000000 0.090239 2.559422
0.375404 0.270290 9.889163 53.772800 204.174774
0.000000 0.000009 0.036344 0.000000 0.000000 0.000000
0.000000 0.000000 0.000000
2.733408 1.000000 0.000000
764.299377 0.000000
0.000000 0.000000 0.000000 0.000000
0.000000 0.701051
8 0.020000 1.520000 0.001000
0.486000 0.396000 0.726000 0.501000 1.360000 6.610000 0.785000 0.785000
272000.000000 96.599998 0.003000
1.073000 0.050000 0.116600
0.129496 0.065150 0.000333 0.000000
0.000000

0.000000 0.087864 2.557969
0.374487 0.271216 9.890219 53.772110 204.174667
0.000000 0.000010 0.036703 0.000000 0.000000 0.000000
0.000000 0.000000 0.000000
2.772735 1.000000 0.000000
764.299377 0.000000
0.000000 0.000000 0.000000 0.000000
0.000000 0.700644
8 0.020000 1.540000 0.001000
0.486000 0.396000 0.726000 0.501000 1.360000 6.610000 0.785000 0.785000
272000.000000 96.599998 0.003000
1.073000 0.050000 0.116600
0.129497 0.065150 0.000333 0.000000
0.000000

0.000000 0.085715 2.556676
0.373601 0.272115 9.891264 53.771687 204.174454
0.000000 0.000010 0.037044 0.000000 0.000000 0.000000
0.000000 0.000000 0.000000
2.811602 1.000000 0.000000
764.299377 0.000000
0.000000 0.000000 0.000000 0.000000
0.000000 0.700227
8 0.020000 1.560000 0.001000
0.486000 0.396000 0.726000 0.501000 1.360000 6.610000 0.785000 0.785000
272000.000000 96.599998 0.003000
1.073000 0.050000 0.116600
0.129497 0.065150 0.000333 0.000000
0.000000

0.000000 0.083771 2.555534
0.372741 0.272985 9.892326 53.771114 204.174240
0.000000 0.000010 0.037494 0.000000 0.000000 0.000000
0.000000 0.000000 0.000000
2.850010 1.000000 0.000000
764.299377 0.000000
0.000000 0.000000 0.000000 0.000000
0.000000 0.699785
8 0.020000 1.580000 0.001000
0.486000 0.396000 0.726000 0.501000 1.360000 6.610000 0.785000 0.785000
272000.000000 96.599998 0.003000
1.073000 0.050000 0.116600
0.129497 0.065149 0.000333 0.000000
0.000000

0.000000 0.082011 2.554556
0.371909 0.273831 9.893383 53.770866 204.173553
0.000000 0.000010 0.037774 0.000000 0.000000 0.000000
0.000000 0.000000 0.000000
2.887955 1.000000 0.000000
764.299377 0.000000
0.000000 0.000000 0.000000 0.000000
0.000000 0.699261
8 0.020000 1.600000 0.001000
0.486000 0.396000 0.726000 0.501000 1.360000 6.610000 0.785000 0.785000
272000.000000 96.599998 0.003000
1.073000 0.050000 0.116600
0.129497 0.065150 0.000333 0.000000
0.000000

0.000000 0.080420 2.553723
0.371104 0.274651 9.894452 53.770683 204.173157
0.000000 0.000010 0.038005 0.000000 0.000000 0.000000
0.000000 0.000000 0.000000
2.925438 1.000000 0.000000
764.299377 0.000000
0.000000 0.000000 0.000000 0.000000
0.000000 0.698675
8 0.020000 1.620000 0.001000
0.486000 0.396000 0.726000 0.501000 1.360000 6.610000 0.785000 0.785000
272000.000000 96.599998 0.003000
1.073000 0.050000 0.116600
0.129498 0.065149 0.000333 0.000000
0.000000

0.000000 0.078982 2.552984
0.370324 0.275447 9.895549 53.770618 204.173157
0.000000 0.000010 0.038149 0.000000 0.000000 0.000000
0.000000 0.000000 0.000000
2.962456 1.000000 0.000000
764.299377 0.000000
0.000000 0.000000 0.000000 0.000000
0.000000 0.698155
8 0.020000 1.640000 0.001000
0.486000 0.396000 0.726000 0.501000 1.360000 6.610000 0.785000 0.785000
272000.000000 96.599998 0.003000
1.073000 0.050000 0.116600
0.129499 0.065149 0.000333 0.000000
0.000000

0.000000 0.077680 2.552375
0.369569 0.276220 9.896630 53.770584 204.172455
0.000000 0.000010 0.038344 0.000000 0.000000 0.000000
0.000000 0.000000 0.000000
2.999008 1.000000 0.000000
764.299377 0.000000
0.000000 0.000000 0.000000 0.000000
0.000000 0.697429
8 0.020000 1.660000 0.001000
0.486000 0.396000 0.726000 0.501000 1.360000 6.610000 0.785000 0.785000
272000.000000 96.599998 0.003000
1.073000 0.050000 0.116600
0.129499 0.065148 0.000333 0.000000
0.000000

0.000000 0.068447 2.546675
0.368827 0.276964 9.897671 53.770447 204.172180
0.000000 0.000011 0.040349 0.000000 0.000000 0.000000
0.000000 0.000000 0.000000
3.035095 1.000000 0.000000
764.299377 0.000000
0.000000 0.000000 0.000000 0.000000
0.000000 0.696712
8 0.020000 1.680000 0.001000
0.486000 0.396000 0.726000 0.501000 1.360000 6.610000 0.785000 0.785000
272000.000000 96.599998 0.003000
1.073000 0.050000 0.116600
0.129500 0.065148 0.000333 0.000000
0.000000

0.000000 0.068149 2.549968
0.368202 0.277755 9.900976 53.782604 204.168503
0.000000 0.000012 0.040701 0.000000 0.000000 0.000000
0.000000 0.000000 0.000000
3.070716 1.000000 0.000000
764.299377 0.000000
0.000000 0.000000 0.000000 0.000000
0.000000 0.689611
8 0.020000 1.700000 0.001000
0.486000 0.396000 0.726000 0.501000 1.360000 6.610000 0.785000 0.785000
272000.000000 96.599998 0.003000
1.073000 0.050000 0.116600
0.129508 0.065140 0.000333 0.000000
0.000000

0.000000 0.067877 2.550561
0.367529 0.278472 9.902408 53.784763 204.167557
0.000000 0.000011 0.040203 0.000000 0.000000 0.000000
0.000000 0.000000 0.000000
3.105871 1.000000 0.000000
764.299377 0.000000
0.000000 0.000000 0.000000 0.000000
0.000000 0.687818
8 0.020000 1.720000 0.001000
0.486000 0.396000 0.726000 0.501000 1.360000 6.610000 0.785000 0.785000
272000.000000 96.599998 0.003000
1.073000 0.050000 0.116600
0.129510 0.065139 0.000333 0.000000
0.000000

0.000000 0.067635 2.551001
0.366871 0.279164 9.903731 53.786194 204.167191
0.000000 0.000011 0.039997 0.000000 0.000000 0.000000
0.000000 0.000000 0.000000
3.140561 1.000000 0.000000
764.299377 0.000000
0.000000 0.000000 0.000000 0.000000
0.000000 0.686352
8 0.020000 1.740000 0.001000
0.486000 0.396000 0.726000 0.501000 1.360000 6.610000 0.785000 0.785000
272000.000000 96.599998 0.003000
1.073000 0.050000 0.116600
0.129511 0.065137 0.000333 0.000000
0.000000

0.000000 0.067415 2.552028
0.366248 0.279847 9.905424 53.789719 204.165802
0.000000 0.000010 0.039940 0.000000 0.000000 0.000000
0.000000 0.000000 0.000000
3.174785 1.000000 0.000000
764.299377 0.000000
0.000000 0.000000 0.000000 0.000000
0.000000 0.683628
8 0.020000 1.760000 0.001000
0.486000 0.396000 0.726000 0.501000 1.360000 6.610000 0.785000 0.785000
272000.000000 96.599998 0.003000
1.073000 0.050000 0.116600
0.129514 0.065134 0.000333 0.000000
0.000000

0.000000 0.067216 2.552882
0.365640 0.280507 9.906982 53.792622 204.164780
0.000000 0.000010 0.039870 0.000000 0.000000 0.000000
0.000000 0.000000 0.000000
3.208544 1.000000 0.000000
764.299377 0.000000
0.000000 0.000000 0.000000 0.000000
0.000000 0.681304
8 0.020000 1.780000 0.001000
0.486000 0.396000 0.726000 0.501000 1.360000 6.610000 0.785000 0.785000
272000.000000 96.599998 0.003000
1.073000 0.050000 0.116600
0.129516 0.065133 0.000333 0.000000
0.000000

0.000000 0.067038 2.553962
0.365057 0.281153 9.908674 53.796272 204.164185
0.000000 0.000009 0.039702 0.000000 0.000000 0.000000
0.000000 0.000000 0.000000
3.241840 1.000000 0.000000
764.299377 0.000000
0.000000 0.000000 0.000000 0.000000
0.000000 0.678484
8 0.020000 1.800000 0.001000
0.486000 0.396000 0.726000 0.501000 1.360000 6.610000 0.785000 0.785000
272000.000000 96.599998 0.003000
1.073000 0.050000 0.116600
0.129519 0.065130 0.000333 0.000000
0.000000

0.000000 0.065253 2.553809
0.364485 0.281776 9.910243 53.799297 204.163513
0.000000 0.000119 0.079121 0.000000 0.000000 0.000000
0.000000 0.000000 0.000000
3.274674 1.000000 0.000000
764.299377 0.000000
0.000000 0.000000 0.000000 0.000000
0.000000 0.675796
8 0.020000 1.820000 0.001000
0.486000 0.396000 0.726000 0.501000 1.360000 6.610000 0.785000 0.785000
272000.000000 96.599998 0.003000
1.073000 0.050000 0.116600
0.129521 0.065128 0.000333 0.000000
0.000000

0.000000 0.065263 2.554362
0.363920 0.282372 9.911481 53.800529 204.163376
0.000000 0.000205 0.080192 0.000000 0.000000 0.000000
0.000000 0.000000 0.000000
3.307048 1.000000 0.000000
764.299377 0.000000
0.000000 0.000000 0.000000 0.000000
0.000000 0.674340
8 0.020000 1.840000 0.001000
0.486000 0.396000 0.726000 0.501000 1.360000 6.610000 0.785000 0.785000
272000.000000 96.599998 0.003000
1.073000 0.050000 0.116600
0.129523 0.065127 0.000333 0.000000
0.000000

0.000000 0.065273 2.554886
0.363372 0.282951 9.912679 53.801712 204.162674
0.000000 0.000249 0.080365 0.000000 0.000000 0.000000
0.000000 0.000000 0.000000
3.338961 1.000000 0.000000
764.299377 0.000000
0.000000 0.000000 0.000000 0.000000
0.000000 0.672960
8 0.020000 1.860000 0.001000
0.486000 0.396000 0.726000 0.501000 1.360000 6.610000 0.785000 0.785000
272000.000000 96.599998 0.003000
1.073000 0.050000 0.116600
0.129524 0.065126 0.000333 0.000000
0.000000

0.000000 0.065282 2.555387
0.362839 0.283512 9.913853 53.802700 204.162262
0.000000 0.000279 0.082589 0.000000 0.000000 0.000000
0.000000 0.000000 0.000000
3.370418 1.000000 0.000000
764.299377 0.000000
0.000000 0.000000 0.000000 0.000000
0.000000 0.671669
8 0.020000 1.880000 0.001000
0.486000 0.396000 0.726000 0.501000 1.360000 6.610000 0.785000 0.785000
272000.000000 96.599998 0.003000
1.073000 0.050000 0.116600
0.129526 0.065126 0.000333 0.000000
0.000000

0.000000 0.065291 2.555819
0.362321 0.284056 9.914957 53.803474 204.161926
0.000000 0.000269 0.080796 0.000000 0.000000 0.000000
0.000000 0.000000 0.000000
3.401419 1.000000 0.000000
764.299377 0.000000
0.000000 0.000000 0.000000 0.000000
0.000000 0.670647
8 0.020000 1.900000 0.001000
0.486000 0.396000 0.726000 0.501000 1.360000 6.610000 0.785000 0.785000
272000.000000 96.599998 0.003000
1.073000 0.050000 0.116600
0.129526 0.065124 0.000333 0.000000
0.000000

0.000000 0.065300 2.556351
0.361821 0.284587 9.916159 53.804714 204.161331
0.000000 0.000263 0.081022 0.000000 0.000000 0.000000
0.000000 0.000000 0.000000
3.431966 1.000000 0.000000
764.299377 0.000000
0.000000 0.000000 0.000000 0.000000
0.000000 0.669335
8 0.020000 1.920000 0.001000
0.486000 0.396000 0.726000 0.501000 1.360000 6.610000 0.785000 0.785000
272000.000000 96.599998 0.003000
1.073000 0.050000 0.116600
0.129528 0.065123 0.000333 0.000000
0.000000

0.000000 0.065310 2.557472
0.361351 0.285114 9.917731 53.808094 204.160660
0.000000 0.000258 0.081490 0.000000 0.000000 0.000000
0.000000 0.000000 0.000000
3.462063 1.000000 0.000000
764.299377 0.000000
0.000000 0.000000 0.000000 0.000000
0.000000 0.666756
8 0.020000 1.940000 0.001000
0.486000 0.396000 0.726000 0.501000 1.360000 6.610000 0.785000 0.785000
272000.000000 96.599998 0.003000
1.073000 0.050000 0.116600
0.129530 0.065121 0.000333 0.000000
0.000000

0.000000 0.065319 2.559907
0.360927 0.285652 9.920192 53.816273 204.159866
0.000000 0.000381 0.096396 0.000000 0.000000 0.000000
0.000000 0.000000 0.000000
3.491712 1.000000 0.000000
764.299377 0.000000
0.000000 0.000000 0.000000 0.000000
0.000000 0.661041
8 0.020000 1.960000 0.001000
0.486000 0.396000 0.726000 0.501000 1.360000 6.610000 0.785000 0.785000
272000.000000 96.599998 0.003000
1.073000 0.050000 0.116600
0.129536 0.065116 0.000333 0.000000
0.000000

0.000000 0.065329 2.573143
0.360791 0.286392 9.930088 53.864956 204.154892
0.000000 0.000466 0.099773 0.000000 0.000000 0.000000
0.000000 0.000000 0.000000
3.520915 1.000000 0.000000
764.299377 0.000000
0.000000 0.000000 0.000000 0.000000
0.000000 0.629044
8 0.020000 1.980000 0.001000
0.486000 0.396000 0.726000 0.501000 1.360000 6.610000 0.785000 0.785000
272000.000000 96.599998 0.003000
1.073000 0.050000 0.116600
0.129566 0.065085 0.000332 0.000000
0.000000

0.000000 0.065338 2.596761
0.360933 0.287329 9.947251 53.952950 204.145752
0.000000 0.000450 0.071306 0.000000 0.000000 0.000000
0.000000 0.000000 0.000000
3.549677 1.000000 0.000000
764.299377 0.000000
0.000000 0.000000 0.000000 0.000000
0.000000 0.564598
8 0.020000 2.000000 0.001000
0.486000 0.396000 0.726000 0.501000 1.360000 6.610000 0.785000 0.785000
272000.000000 96.599998 0.003000
1.073000 0.050000 0.116600
0.129621 0.065072 0.000332 0.000000
0.000000
1.000000
2.000000
0.000000 0.000000
0.000000
0
-0.860000
0 0
0.000000
1
0.000000
1.000000
1.000000
1.000000
0.000000 0.000000 0.000000
0.000000 0.000000
0.000000 0.000000 0.000000 0.000000 0.000000 0.000000 0.000000
0.000000 0.000000 0.000000 0.000000 0.000000 0.000000 0.000000
0
2.000000
1
C:\DNDC\sites\Ottawa\CEFSoilc.spf
-1.000000 -1.000000
0.000000
43
43
10.000000
105
0.000000
0.000000
267
0.000000
4391.376465
1
