7
Clay_loam
0.314000 0.490000 0.006410 0.726000 0.398000 1.000000 0.000000 0.000000
1.350000 6.610000 1 0.031000 0.500000 0.050000 0.010000 0.240000 0.750000
0.000000 0.020000 2.000000 270000.000000 96.599998 100
0.233300 1.944000 3.025300 0.000000 1
10.000000 10.000000 10.000000 5.000000 25.000000 100.000000
0.000000 0.000000 0.056291 0.000000 0.000000 0.000000
500.000000 0.000000 0.000000

24.778021 570.242615 4938.423340
14.552077 1.912197 976.693726 4747.062500 6428.569824
0.000000 12.564561 5.474587 1.010348 0.000000 0.000000
0.000173 0.006514 0.000419
-0.833527 0.181511 53.359924
764.299377 0.000000
44.441086 0.000000 0.000000 0.000000
0.000000 0.023486
7 0.020000 0.020000 0.031000
0.490000 0.314000 0.726000 0.398000 1.350000 6.610000 0.726000 0.726000
270000.000000 96.599998 0.006410
1.073000 0.050000 0.116600
119.927773 3.300181 0.003158 0.000000
0.000000

0.846209 44.437244 281.324677
5.003673 0.636023 270.817383 1644.351318 6314.534180
0.000000 2.072736 2.135278 0.505174 0.000000 0.000000
0.000134 0.000002 0.000001
-0.806688 0.184545 53.062557
764.299377 0.000000
13.922148 0.000000 0.000000 0.000000
0.000000 0.848108
7 0.020000 0.040000 0.031000
0.490000 0.314000 0.726000 0.398000 1.350000 6.610000 0.726000 0.726000
270000.000000 96.599998 0.006410
1.073000 0.050000 0.116600
3.868403 1.904208 0.001839 0.000000
0.000000

0.000002 26.638094 40.157585
5.074419 0.674297 256.562683 1553.457764 6312.487305
0.000000 1.931111 2.017496 0.252587 0.000000 0.000000
0.000015 0.000001 0.000001
-0.786738 0.186897 52.832096
764.299377 0.000000
12.644131 0.000000 0.000000 0.000000
0.000000 1.049788
7 0.020000 0.060000 0.031000
0.490000 0.314000 0.726000 0.398000 1.350000 6.610000 0.726000 0.726000
270000.000000 96.599998 0.006410
1.073000 0.050000 0.116600
3.868880 1.931448 0.001889 0.000000
0.000000

0.000000 23.266331 35.385136
5.394237 0.685296 256.721405 1548.319580 6312.065918
0.000000 1.445619 1.846422 0.126294 0.000000 0.000000
0.000012 0.000001 0.000000
-0.766050 0.189433 52.583569
764.299377 0.000000
12.251258 0.000000 0.000000 0.000000
0.000000 1.184633
7 0.020000 0.080000 0.031000
0.490000 0.314000 0.726000 0.398000 1.350000 6.610000 0.726000 0.726000
270000.000000 96.599998 0.006410
1.073000 0.050000 0.116600
3.870535 1.846979 0.001830 0.000000
0.000000

0.000000 21.719341 32.310013
4.680779 0.568959 209.302444 1255.796143 5090.447754
0.000000 0.914037 1.346894 0.063147 0.000000 0.000000
0.000008 0.000000 0.000000
-0.744632 0.192172 52.315144
764.299377 0.000000
9.663250 0.000000 0.000000 0.000000
0.000000 1.518262
7 0.020000 0.100000 0.025000
0.490000 0.314000 0.726000 0.398000 1.350000 6.610000 0.726000 0.726000
270000.000000 96.599998 0.006410
1.073000 0.050000 0.116600
3.122918 1.451694 0.001457 0.000000
0.000000

0.000000 20.024946 99.033905
4.973630 0.580890 208.817596 1250.778564 5090.495605
0.000000 0.607490 1.135261 0.031573 0.000000 0.000000
0.000004 0.000000 0.000000
-0.722464 0.195135 52.024761
764.299377 0.000000
9.314520 0.000000 0.000000 0.000000
0.000000 2.104806
7 0.020000 0.120000 0.025000
0.490000 0.314000 0.726000 0.398000 1.350000 6.610000 0.726000 0.726000
270000.000000 96.599998 0.006410
1.073000 0.050000 0.116600
3.121305 1.291149 0.001315 0.000000
0.000000

0.000000 13.355541 82.936646
9.724823 5.060568 208.419556 1243.488770 5089.829102
0.000000 0.143872 0.414554 0.015787 0.000000 0.000000
0.000003 0.000263 0.000005
-0.699557 0.198347 51.710026
764.299377 0.000000
0.000000 0.000000 0.000000 0.000000
0.000000 1.992622
7 0.020000 0.140000 0.025000
0.490000 0.314000 0.726000 0.398000 1.350000 6.610000 0.726000 0.726000
270000.000000 96.599998 0.006410
1.073000 0.050000 0.116600
3.124356 1.236266 0.001279 0.000000
0.000000

0.000000 38.867832 79.672806
9.789107 4.898286 208.254135 1236.073364 5088.975098
0.000000 0.058572 0.322572 0.007893 0.000000 0.000000
0.000003 0.000135 0.000003
-0.676063 0.201753 58.737270
764.299377 0.000000
0.000000 0.000000 0.000000 0.000000
0.000000 1.700292
7 0.020000 0.160000 0.025000
0.490000 0.314000 0.726000 0.398000 1.350000 6.610000 0.726000 0.726000
270000.000000 96.599998 0.006410
1.073000 0.050000 0.116600
3.127798 1.143777 0.001203 0.000000
0.000000

0.000000 36.058315 69.188927
7.957807 3.837153 168.091461 993.803284 4070.721924
0.000000 0.028827 0.211786 0.003947 0.000000 0.000000
0.000001 0.000073 0.000001
-0.653110 0.205187 77.891647
764.299377 0.000000
0.000000 0.000000 0.000000 0.000000
0.000000 1.487492
7 0.020000 0.180000 0.020000
0.490000 0.314000 0.726000 0.398000 1.350000 6.610000 0.726000 0.726000
270000.000000 96.599998 0.006410
1.073000 0.050000 0.116600
2.504758 0.919855 0.000983 0.000000
0.000000

0.000000 33.381813 66.299271
8.056581 3.758586 168.745331 994.816895 4070.335693
0.000000 0.079889 0.346946 0.001973 0.000000 0.000000
0.000001 0.000110 0.000002
-0.631243 0.208754 77.542107
764.299377 0.000000
0.000000 0.000000 0.000000 0.000000
0.000000 1.785587
7 0.020000 0.200000 0.020000
0.490000 0.314000 0.726000 0.398000 1.350000 6.610000 0.726000 0.726000
270000.000000 96.599998 0.006410
1.073000 0.050000 0.116600
2.507087 1.931207 0.002110 0.000000
0.000000

0.000000 30.946226 63.797005
8.155787 3.674798 169.552795 996.413452 4069.882324
0.000000 0.242292 0.497096 0.000987 0.000000 0.000000
0.000001 0.000181 0.000004
-0.608576 0.212656 77.159676
764.299377 0.000000
0.000000 0.000000 0.000000 0.000000
0.000000 2.785743
7 0.020000 0.220000 0.020000
0.490000 0.314000 0.726000 0.398000 1.350000 6.610000 0.726000 0.726000
270000.000000 96.599998 0.006410
1.073000 0.050000 0.116600
2.509687 2.374028 0.002648 0.000000
0.000000

0.000000 28.858191 61.745129
8.269691 3.591861 170.667557 998.570984 4069.283203
0.000000 0.369677 0.546549 0.000493 0.000000 0.000000
0.000001 0.000198 0.000004
-0.585121 0.216936 76.740288
764.299377 0.000000
0.000000 0.000000 0.000000 0.000000
0.000000 3.574513
7 0.020000 0.240000 0.020000
0.490000 0.314000 0.726000 0.398000 1.350000 6.610000 0.726000 0.726000
270000.000000 96.599998 0.006410
1.073000 0.050000 0.116600
2.512681 1.460174 0.001654 0.000000
0.000000

0.000000 26.325073 59.222397
8.378791 3.492121 170.792297 998.566345 4069.148438
0.000000 0.427314 0.577223 0.000247 0.000000 0.000000
0.000000 0.000143 0.000003
-0.560445 0.222007 49.391361
764.299377 0.000000
0.000000 0.000000 0.000000 0.000000
0.000000 4.065269
7 0.020000 0.260000 0.020000
0.490000 0.314000 0.726000 0.398000 1.350000 6.610000 0.726000 0.726000
270000.000000 96.599998 0.006410
1.073000 0.050000 0.116600
2.513609 1.336869 0.001549 0.000000
0.000000

0.000000 26.237295 56.630779
7.743479 3.096599 157.717651 909.917480 3659.909668
0.000000 2.994242 0.936286 0.000123 0.000000 0.000000
0.000000 0.000313 0.000006
-0.532447 0.227567 99.322128
764.299377 0.000000
0.000000 0.000000 0.000000 0.000000
0.000000 17.636635
7 0.020000 0.280000 0.018000
0.490000 0.314000 0.726000 0.398000 1.350000 6.610000 0.726000 0.726000
270000.000000 96.599998 0.000070
1.073000 0.050000 0.116600
2.271274 1.565136 0.001861 0.000000
0.000000

0.000000 24.462482 55.160534
7.844031 3.021340 158.730820 912.277100 3659.223389
0.000000 2.093257 0.848581 0.000062 0.000000 0.000000
0.000000 0.000251 0.000005
-0.507060 0.233300 76.186028
764.299377 0.000000
0.000000 0.000000 0.000000 0.000000
0.000000 9.944377
7 0.020000 0.300000 0.018000
0.490000 0.314000 0.726000 0.398000 1.350000 6.610000 0.726000 0.726000
270000.000000 96.599998 0.000070
1.073000 0.050000 0.116600
2.273908 1.243069 0.001513 0.000000
0.000000

0.000000 22.107605 52.918240
7.910303 2.944571 158.447952 911.448425 3659.314209
0.000000 1.070707 0.715962 0.000031 0.000000 0.000000
0.000000 0.000171 0.000003
-0.480862 0.239713 73.888924
764.299377 0.000000
0.000000 0.000000 0.000000 0.000000
0.000000 7.384363
7 0.020000 0.320000 0.018000
0.490000 0.314000 0.726000 0.398000 1.350000 6.610000 0.726000 0.726000
270000.000000 96.599998 0.000070
1.073000 0.050000 0.116600
2.273860 1.211417 0.001514 0.000000
0.000000

0.000000 20.681522 47.795578
7.053687 2.537331 141.516144 804.038208 3196.521973
0.000000 0.397396 0.496162 0.000015 0.000000 0.000000
0.000000 0.000084 0.000002
-0.453582 0.246960 72.386703
764.299377 0.000000
0.000000 0.000000 0.000000 0.000000
0.000000 6.275582
8 0.020000 0.340000 0.015500
0.483000 0.377000 0.726000 0.484000 1.370000 6.610000 0.770000 0.770000
274000.000000 96.599998 0.000070
1.073000 0.050000 0.116600
1.992779 1.061561 0.001327 0.000000
0.000000

0.000000 18.668879 45.889187
7.102601 2.477072 141.279175 803.187012 3196.619141
0.000000 0.073332 0.315040 0.000008 0.000000 0.000000
0.000000 0.000018 0.000000
-0.425532 0.255169 71.600990
764.299377 0.000000
0.000000 0.000000 0.000000 0.000000
0.000000 5.847470
8 0.020000 0.360000 0.015500
0.483000 0.377000 0.726000 0.484000 1.370000 6.610000 0.770000 0.770000
274000.000000 96.599998 0.000070
1.073000 0.050000 0.116600
1.992560 1.049283 0.001355 0.000000
0.000000

0.000000 16.871204 44.173779
7.152792 2.419727 141.092590 802.376648 3196.722900
0.000000 0.004969 0.165083 0.000004 0.000000 0.000000
0.000000 0.000002 0.000000
-0.396843 0.264492 70.688507
764.299377 0.000000
0.000000 0.000000 0.000000 0.000000
0.000000 5.746529
8 0.020000 0.380000 0.015500
0.483000 0.377000 0.726000 0.484000 1.370000 6.610000 0.770000 0.770000
274000.000000 96.599998 0.000070
1.073000 0.050000 0.116600
1.992361 1.048008 0.001403 0.000000
0.000000

0.000000 15.258286 42.619259
7.196697 2.361852 140.959045 801.602783 3196.802979
0.000000 0.000683 0.118035 0.000002 0.000000 0.000000
0.000000 0.000002 0.000000
-0.367549 0.275175 69.653107
764.299377 0.000000
0.000000 0.000000 0.000000 0.000000
0.000000 5.506772
8 0.020000 0.400000 0.015500
0.483000 0.377000 0.726000 0.484000 1.370000 6.610000 0.770000 0.770000
274000.000000 96.599998 0.000070
1.073000 0.050000 0.116600
1.992179 1.047266 0.001458 0.000000
0.000000

0.000000 13.811990 41.256046
7.236937 2.313737 140.876526 801.047607 3196.862793
0.000000 0.035051 0.279888 0.000001 0.000000 0.000000
0.000000 0.000006 0.000000
-0.337699 0.287552 68.451668
764.299377 0.000000
0.000000 0.000000 0.000000 0.000000
0.000000 5.353268
8 0.020000 0.420000 0.015500
0.483000 0.377000 0.726000 0.484000 1.370000 6.610000 0.770000 0.770000
274000.000000 96.599998 0.000070
1.073000 0.050000 0.116600
1.992127 1.046675 0.001523 0.000000
0.000000

0.000000 12.498371 40.019024
7.281193 2.266620 140.766037 800.597168 3196.932861
0.000000 0.240742 0.429955 0.000000 0.000000 0.000000
0.000000 0.000031 0.000001
-0.307351 0.302082 67.037048
764.299377 0.000000
0.000000 0.000000 0.000000 0.000000
0.000000 5.274330
8 0.020000 0.440000 0.015500
0.483000 0.377000 0.726000 0.484000 1.370000 6.610000 0.770000 0.770000
274000.000000 96.599998 0.000070
1.073000 0.050000 0.116600
1.992080 1.046326 0.001600 0.000000
0.000000

0.000000 11.327319 38.930920
7.319579 2.220507 140.722763 800.257568 3196.968506
0.000000 0.463515 0.484753 0.000000 0.000000 0.000000
0.000000 0.000045 0.000001
-0.276583 0.319426 65.344078
764.299377 0.000000
0.000000 0.000000 0.000000 0.000000
0.000000 5.221356
8 0.020000 0.460000 0.015500
0.483000 0.377000 0.726000 0.484000 1.370000 6.610000 0.770000 0.770000
274000.000000 96.599998 0.000070
1.073000 0.050000 0.116600
1.992109 1.045840 0.001691 0.000000
0.000000

0.000000 10.257706 37.935635
7.351100 2.184192 140.646484 799.955750 3197.004639
0.000000 0.579029 0.499353 0.000000 0.000000 0.000000
0.000000 0.000046 0.000001
-0.245506 0.340570 63.269878
764.299377 0.000000
0.000000 0.000000 0.000000 0.000000
0.000000 5.227844
8 0.020000 0.480000 0.015500
0.483000 0.377000 0.726000 0.484000 1.370000 6.610000 0.770000 0.770000
274000.000000 96.599998 0.000070
1.073000 0.050000 0.116600
1.992116 1.045571 0.001802 0.000000
0.000000

0.000000 9.292775 37.047558
7.386858 2.148253 140.601700 799.710205 3197.041992
0.000000 0.624512 0.500718 0.000000 0.000000 0.000000
0.000000 0.000043 0.000001
-0.214296 0.367066 60.646393
764.299377 0.000000
0.000000 0.000000 0.000000 0.000000
0.000000 5.254449
8 0.020000 0.500000 0.015500
0.483000 0.377000 0.726000 0.484000 1.370000 6.610000 0.770000 0.770000
274000.000000 96.599998 0.000070
1.073000 0.050000 0.116600
1.992164 1.045257 0.001941 0.000000
0.000000

0.000000 8.428185 36.262783
7.413756 2.117068 140.589508 799.566101 3197.058838
0.000000 0.615724 0.490629 0.000000 0.000000 0.000000
0.000000 0.000038 0.000001
-0.183252 0.401538 57.189045
764.299377 0.000000
0.000000 0.000000 0.000000 0.000000
0.000000 5.278547
8 0.020000 0.520000 0.015500
0.483000 0.377000 0.726000 0.484000 1.370000 6.610000 0.770000 0.770000
274000.000000 96.599998 0.000070
1.073000 0.050000 0.116600
1.992255 1.044907 0.002123 0.000000
0.000000

0.000000 6.830997 20.353580
3.811688 1.073814 70.882660 408.673615 1651.391846
0.000000 0.542074 0.300125 0.000000 0.000000 0.000000
0.000000 0.000031 0.000001
-0.155083 0.452177 30.701670
764.299377 0.000000
0.000000 0.000000 0.000000 0.000000
0.000000 4.839014
8 0.020000 0.540000 0.008000
0.483000 0.377000 0.726000 0.484000 1.370000 6.610000 0.770000 0.770000
274000.000000 96.599998 0.002410
1.073000 0.050000 0.116600
1.024281 0.580035 0.001324 0.000000
0.000000

0.000000 6.226995 19.781902
3.812896 1.077690 70.947311 408.667419 1651.366699
0.000000 0.341733 0.282883 0.000000 0.000000 0.000000
0.000000 0.000020 0.000000
-0.125680 0.535923 22.611841
764.299377 0.000000
0.000000 0.000000 0.000000 0.000000
0.000000 4.564694
8 0.020000 0.560000 0.008000
0.483000 0.377000 0.726000 0.484000 1.370000 6.610000 0.770000 0.770000
274000.000000 96.599998 0.002410
1.073000 0.050000 0.116600
1.024490 0.552835 0.001496 0.000000
0.000000

0.000000 5.676559 19.275187
3.796773 1.097611 71.012672 408.732483 1651.333618
0.000000 0.175121 0.257102 0.000000 0.000000 0.000000
0.000000 0.000010 0.000000
-0.108897 0.696902 7.061245
764.299377 0.000000
0.000000 0.000000 0.000000 0.000000
0.000000 4.418907
8 0.020000 0.580000 0.008000
0.483000 0.377000 0.726000 0.484000 1.370000 6.610000 0.770000 0.770000
274000.000000 96.599998 0.002410
1.073000 0.050000 0.116600
1.024728 0.545668 0.001919 0.000000
0.000000

0.000000 5.181652 18.844723
3.775261 1.120971 71.122551 408.910156 1651.278320
0.000000 0.098178 0.231542 0.000000 0.000000 0.000000
0.000000 0.000003 0.000003
-0.051908 0.770000 0.000000
764.299377 0.000000
0.000000 0.000000 0.000000 0.000000
0.000000 4.329326
8 0.020000 0.600000 0.008000
0.483000 0.377000 0.726000 0.484000 1.370000 6.610000 0.770000 0.770000
274000.000000 96.599998 0.002410
1.073000 0.050000 0.116600
1.025028 0.545387 0.002120 0.000000
0.000000

0.000000 4.732027 18.448248
3.743475 1.154614 71.218727 409.060608 1651.225952
0.000000 0.132761 0.242234 0.000000 0.000000 0.000000
0.000000 0.000004 0.000003
0.021075 0.884508 0.000000
764.299377 0.000000
0.000000 0.000000 0.000000 0.000000
0.000000 4.308991
8 0.020000 0.620000 0.008000
0.483000 0.377000 0.726000 0.484000 1.370000 6.610000 0.770000 0.770000
274000.000000 96.599998 0.002410
1.073000 0.050000 0.116600
1.025293 0.542641 0.002424 0.000000
0.000000

0.000000 4.340294 18.123018
3.683064 1.202269 71.378082 409.288330 1651.160767
0.000000 0.047585 0.211004 0.000000 0.000000 0.000000
0.000000 0.000001 0.000001
0.057239 1.000000 0.000000
764.299377 0.000000
0.000000 0.000000 0.000000 0.000000
0.000000 4.346076
8 0.020000 0.640000 0.008000
0.483000 0.377000 0.726000 0.484000 1.370000 6.610000 0.770000 0.770000
274000.000000 96.599998 0.002410
1.073000 0.050000 0.116600
1.025618 0.541841 0.002737 0.000000
0.000000

0.000000 3.981619 17.832689
3.624954 1.260897 71.534981 409.502563 1651.083374
0.000000 0.037155 0.208904 0.000000 0.000000 0.000000
0.000000 0.000001 0.000001
0.092720 1.000000 0.000000
764.299377 0.000000
0.000000 0.000000 0.000000 0.000000
0.000000 4.206076
8 0.020000 0.660000 0.008000
0.483000 0.377000 0.726000 0.484000 1.370000 6.610000 0.770000 0.770000
274000.000000 96.599998 0.002410
1.073000 0.050000 0.116600
1.025930 0.541492 0.002735 0.000000
0.000000

0.000000 3.661785 17.627073
3.574531 1.317942 71.717072 410.010468 1650.978271
0.000000 0.051766 0.234646 0.000000 0.000000 0.000000
0.000000 0.000001 0.000001
0.128523 1.000000 0.000000
764.299377 0.000000
0.000000 0.000000 0.000000 0.000000
0.000000 4.138533
8 0.020000 0.680000 0.008000
0.483000 0.377000 0.726000 0.484000 1.370000 6.610000 0.770000 0.770000
274000.000000 96.599998 0.002410
1.073000 0.050000 0.116600
1.026401 0.540938 0.002732 0.000000
0.000000

0.000000 3.371092 17.474709
3.527843 1.372547 71.911583 410.627747 1650.823242
0.000000 0.044070 0.235210 0.000000 0.000000 0.000000
0.000000 0.000001 0.000001
0.164623 1.000000 0.000000
764.299377 0.000000
0.000000 0.000000 0.000000 0.000000
0.000000 4.166828
8 0.020000 0.700000 0.008000
0.483000 0.377000 0.726000 0.484000 1.370000 6.610000 0.770000 0.770000
274000.000000 96.599998 0.002410
1.073000 0.050000 0.116600
1.026935 0.542971 0.002742 0.000000
0.000000

0.000000 3.106417 17.354725
3.484031 1.424636 72.122467 411.259216 1650.666016
0.000000 0.085957 0.284484 0.000000 0.000000 0.000000
0.000000 0.000001 0.000001
0.200994 1.000000 0.000000
764.299377 0.000000
0.000000 0.000000 0.000000 0.000000
0.000000 4.095511
8 0.020000 0.720000 0.008000
0.483000 0.377000 0.726000 0.484000 1.370000 6.610000 0.770000 0.770000
274000.000000 96.599998 0.002410
1.073000 0.050000 0.116600
1.027471 0.540330 0.002729 0.000000
0.000000

0.000000 2.904765 11.846731
2.148299 0.919622 45.266037 256.697540 1023.891785
0.000000 0.056626 0.200201 0.000000 0.000000 0.000000
0.000000 0.000001 0.000001
0.237560 1.000000 0.000000
764.299377 0.000000
0.000000 0.000000 0.000000 0.000000
0.000000 3.612731
8 0.020000 0.740000 0.005000
0.486000 0.396000 0.726000 0.501000 1.360000 6.610000 0.785000 0.785000
272000.000000 96.599998 0.003000
1.073000 0.050000 0.116600
0.638411 0.341838 0.001748 0.000000
0.000000

0.000000 2.698463 11.759522
2.125216 0.949586 45.490498 257.173065 1023.745483
0.000000 0.056455 0.203801 0.000000 0.000000 0.000000
0.000000 0.000001 0.000001
0.274293 1.000000 0.000000
764.299377 0.000000
0.000000 0.000000 0.000000 0.000000
0.000000 3.330499
8 0.020000 0.760000 0.005000
0.486000 0.396000 0.726000 0.501000 1.360000 6.610000 0.785000 0.785000
272000.000000 96.599998 0.003000
1.073000 0.050000 0.116600
0.638856 0.337333 0.001725 0.000000
0.000000

0.000000 2.500787 11.705279
2.104090 0.978501 45.683167 257.768280 1023.607666
0.000000 0.021604 0.167645 0.000000 0.000000 0.000000
0.000000 0.000000 0.000000
0.311228 1.000000 0.000000
764.299377 0.000000
0.000000 0.000000 0.000000 0.000000
0.000000 3.059259
8 0.020000 0.780000 0.005000
0.486000 0.396000 0.726000 0.501000 1.360000 6.610000 0.785000 0.785000
272000.000000 96.599998 0.003000
1.073000 0.050000 0.116600
0.639338 0.337704 0.001727 0.000000
0.000000

0.000000 2.326165 11.673335
2.084286 1.006197 45.874382 258.371704 1023.467651
0.000000 0.012224 0.157257 0.000000 0.000000 0.000000
0.000000 0.000000 0.000000
0.348340 1.000000 0.000000
764.299377 0.000000
0.000000 0.000000 0.000000 0.000000
0.000000 3.233559
8 0.020000 0.800000 0.005000
0.486000 0.396000 0.726000 0.501000 1.360000 6.610000 0.785000 0.785000
272000.000000 96.599998 0.003000
1.073000 0.050000 0.116600
0.639819 0.333548 0.001706 0.000000
0.000000

0.000000 2.169782 11.663275
2.065831 1.032789 46.089340 258.971283 1023.338623
0.000000 0.221090 0.302977 0.000000 0.000000 0.000000
0.000000 0.000002 0.000001
0.385609 1.000000 0.000000
764.299377 0.000000
0.000000 0.000000 0.000000 0.000000
0.000000 3.004304
8 0.020000 0.820000 0.005000
0.486000 0.396000 0.726000 0.501000 1.360000 6.610000 0.785000 0.785000
272000.000000 96.599998 0.003000
1.073000 0.050000 0.116600
0.640302 0.332887 0.001702 0.000000
0.000000

0.000000 2.042661 11.690303
2.049113 1.058572 46.426960 259.532104 1023.193298
0.000000 0.365356 0.336720 0.000000 0.000000 0.000000
0.000000 0.000002 0.000002
0.423013 1.000000 0.000000
764.299377 0.000000
0.000000 0.000000 0.000000 0.000000
0.000000 2.959820
8 0.020000 0.840000 0.005000
0.486000 0.396000 0.726000 0.501000 1.360000 6.610000 0.785000 0.785000
272000.000000 96.599998 0.003000
1.073000 0.050000 0.116600
0.640826 0.332124 0.001698 0.000000
0.000000

0.000000 1.911579 11.706071
2.032735 1.082941 46.728638 260.024689 1023.046326
0.000000 0.296234 0.327530 0.000000 0.000000 0.000000
0.000000 0.000002 0.000001
0.460533 1.000000 0.000000
764.299377 0.000000
0.000000 0.000000 0.000000 0.000000
0.000000 4.057518
8 0.020000 0.860000 0.005000
0.486000 0.396000 0.726000 0.501000 1.360000 6.610000 0.785000 0.785000
272000.000000 96.599998 0.003000
1.073000 0.050000 0.116600
0.641286 0.333767 0.001707 0.000000
0.000000

0.000000 1.771717 11.673614
2.015360 1.105220 46.875385 260.373169 1022.956482
0.000000 0.105864 0.269565 0.000000 0.000000 0.000000
0.000000 0.000001 0.000001
0.498148 1.000000 0.000000
764.299377 0.000000
0.000000 0.000000 0.000000 0.000000
0.000000 2.717957
8 0.020000 0.880000 0.005000
0.486000 0.396000 0.726000 0.501000 1.360000 6.610000 0.785000 0.785000
272000.000000 96.599998 0.003000
1.073000 0.050000 0.116600
0.641576 0.331198 0.001694 0.000000
0.000000

0.000000 1.640300 11.642011
1.998627 1.126315 47.016872 260.672241 1022.876343
0.000000 0.016827 0.181376 0.000000 0.000000 0.000000
0.000000 0.000000 0.000000
0.535840 1.000000 0.000000
764.299377 0.000000
0.000000 0.000000 0.000000 0.000000
0.000000 2.655381
8 0.020000 0.900000 0.005000
0.486000 0.396000 0.726000 0.501000 1.360000 6.610000 0.785000 0.785000
272000.000000 96.599998 0.003000
1.073000 0.050000 0.116600
0.641834 0.330999 0.001693 0.000000
0.000000

0.000000 1.530816 11.666440
1.984303 1.147303 47.253098 261.097137 1022.743347
0.000000 0.003334 0.134862 0.000000 0.000000 0.000000
0.000000 0.000000 0.000000
0.573591 1.000000 0.000000
764.299377 0.000000
0.000000 0.000000 0.000000 0.000000
0.000000 2.562432
8 0.020000 0.920000 0.005000
0.486000 0.396000 0.726000 0.501000 1.360000 6.610000 0.785000 0.785000
272000.000000 96.599998 0.003000
1.073000 0.050000 0.116600
0.642206 0.331504 0.001695 0.000000
0.000000

0.000000 1.425438 3.248286
0.397258 0.234870 9.529987 52.497894 204.524673
0.000000 0.024682 0.070534 0.000000 0.000000 0.000000
0.000000 0.000000 0.000000
0.611382 1.000000 0.000000
764.299377 0.000000
0.000000 0.000000 0.000000 0.000000
0.000000 1.910479
8 0.020000 0.940000 0.001000
0.486000 0.396000 0.726000 0.501000 1.360000 6.610000 0.785000 0.785000
272000.000000 96.599998 0.003000
1.073000 0.050000 0.116600
0.128516 0.070458 0.000360 0.000000
0.000000

0.000000 1.329919 3.181388
0.394332 0.238553 9.569605 52.547096 204.506332
0.000000 0.028448 0.072087 0.000000 0.000000 0.000000
0.000000 0.000000 0.000000
0.649198 1.000000 0.000000
764.299377 0.000000
0.000000 0.000000 0.000000 0.000000
0.000000 1.263776
8 0.020000 0.960000 0.001000
0.486000 0.396000 0.726000 0.501000 1.360000 6.610000 0.785000 0.785000
272000.000000 96.599998 0.003000
1.073000 0.050000 0.116600
0.128583 0.066958 0.000342 0.000000
0.000000

0.000000 1.238492 3.120736
0.391562 0.242069 9.613989 52.589725 204.487686
0.000000 0.020705 0.066220 0.000000 0.000000 0.000000
0.000000 0.000000 0.000000
0.687022 1.000000 0.000000
764.299377 0.000000
0.000000 0.000000 0.000000 0.000000
0.000000 1.082714
8 0.020000 0.980000 0.001000
0.486000 0.396000 0.726000 0.501000 1.360000 6.610000 0.785000 0.785000
272000.000000 96.599998 0.003000
1.073000 0.050000 0.116600
0.128643 0.066173 0.000338 0.000000
0.000000

0.000000 1.168961 3.097197
0.389783 0.245950 9.704677 52.714283 204.455841
0.000000 0.006109 0.045502 0.000000 0.000000 0.000000
0.000000 0.000000 0.000000
0.724839 1.000000 0.000000
764.299377 0.000000
0.000000 0.000000 0.000000 0.000000
0.000000 0.945383
8 0.020000 1.000000 0.001000
0.486000 0.396000 0.726000 0.501000 1.360000 6.610000 0.785000 0.785000
272000.000000 96.599998 0.003000
1.073000 0.050000 0.116600
0.128774 0.065925 0.000337 0.000000
0.000000

0.000000 1.080690 3.051330
0.387445 0.249262 9.722836 52.805473 204.439224
0.000000 0.000601 0.027320 0.000000 0.000000 0.000000
0.000000 0.000000 0.000000
0.762633 1.000000 0.000000
764.299377 0.000000
0.000000 0.000000 0.000000 0.000000
0.000000 0.875270
8 0.020000 1.020000 0.001000
0.486000 0.396000 0.726000 0.501000 1.360000 6.610000 0.785000 0.785000
272000.000000 96.599998 0.003000
1.073000 0.050000 0.116600
0.128842 0.065779 0.000336 0.000000
0.000000

0.000000 0.993733 2.985894
0.384511 0.251958 9.722117 52.796726 204.438660
0.000000 0.000005 0.012750 0.000000 0.000000 0.000000
0.000000 0.000000 0.000000
0.800393 1.000000 0.000000
764.299377 0.000000
0.000000 0.000000 0.000000 0.000000
0.000000 0.821272
8 0.020000 1.040000 0.001000
0.486000 0.396000 0.726000 0.501000 1.360000 6.610000 0.785000 0.785000
272000.000000 96.599998 0.003000
1.073000 0.050000 0.116600
0.128843 0.065735 0.000336 0.000000
0.000000

0.000000 0.915543 2.927411
0.381753 0.254537 9.723095 52.790512 204.436310
0.000000 0.000000 0.006405 0.000000 0.000000 0.000000
0.000000 0.000000 0.000000
0.838103 1.000000 0.000000
764.299377 0.000000
0.000000 0.000000 0.000000 0.000000
0.000000 0.778805
8 0.020000 1.060000 0.001000
0.486000 0.396000 0.726000 0.501000 1.360000 6.610000 0.785000 0.785000
272000.000000 96.599998 0.003000
1.073000 0.050000 0.116600
0.128846 0.065693 0.000335 0.000000
0.000000

0.000000 0.844457 2.874502
0.379140 0.256991 9.723517 52.785610 204.435593
0.000000 0.000000 0.005208 0.000000 0.000000 0.000000
0.000000 0.000000 0.000000
0.875751 1.000000 0.000000
764.299377 0.000000
0.000000 0.000000 0.000000 0.000000
0.000000 0.743726
8 0.020000 1.080000 0.001000
0.486000 0.396000 0.726000 0.501000 1.360000 6.610000 0.785000 0.785000
272000.000000 96.599998 0.003000
1.073000 0.050000 0.116600
0.128850 0.065663 0.000335 0.000000
0.000000

0.000000 0.779971 2.826314
0.376654 0.259321 9.723360 52.780510 204.435318
0.000000 0.000000 0.005655 0.000000 0.000000 0.000000
0.000000 0.000000 0.000000
0.913327 1.000000 0.000000
764.299377 0.000000
0.000000 0.000000 0.000000 0.000000
0.000000 0.712880
8 0.020000 1.100000 0.001000
0.486000 0.396000 0.726000 0.501000 1.360000 6.610000 0.785000 0.785000
272000.000000 96.599998 0.003000
1.073000 0.050000 0.116600
0.128854 0.065639 0.000335 0.000000
0.000000

0.000000 0.721689 2.782814
0.374299 0.261540 9.724278 52.775246 204.435333
0.000000 0.000000 0.006446 0.000000 0.000000 0.000000
0.000000 0.000000 0.000000
0.950817 1.000000 0.000000
764.299377 0.000000
0.000000 0.000000 0.000000 0.000000
0.000000 0.683923
8 0.020000 1.120000 0.001000
0.486000 0.396000 0.726000 0.501000 1.360000 6.610000 0.785000 0.785000
272000.000000 96.599998 0.003000
1.073000 0.050000 0.116600
0.128855 0.065619 0.000335 0.000000
0.000000

0.000000 0.668808 2.743609
0.372072 0.263657 9.724483 52.772221 204.434952
0.000000 0.000000 0.007166 0.000000 0.000000 0.000000
0.000000 0.000000 0.000000
0.988212 1.000000 0.000000
764.299377 0.000000
0.000000 0.000000 0.000000 0.000000
0.000000 0.655413
8 0.020000 1.140000 0.001000
0.486000 0.396000 0.726000 0.501000 1.360000 6.610000 0.785000 0.785000
272000.000000 96.599998 0.003000
1.073000 0.050000 0.116600
0.128858 0.065600 0.000335 0.000000
0.000000

0.000000 0.621107 2.708514
0.369968 0.265680 9.726130 52.769947 204.434021
0.000000 0.000000 0.007848 0.000000 0.000000 0.000000
0.000000 0.000000 0.000000
1.025501 1.000000 0.000000
764.299377 0.000000
0.000000 0.000000 0.000000 0.000000
0.000000 0.627441
8 0.020000 1.160000 0.001000
0.486000 0.396000 0.726000 0.501000 1.360000 6.610000 0.785000 0.785000
272000.000000 96.599998 0.003000
1.073000 0.050000 0.116600
0.128860 0.065782 0.000336 0.000000
0.000000

0.000000 0.577699 2.676737
0.367970 0.267607 9.726463 52.768963 204.433411
0.000000 0.000000 0.008464 0.000000 0.000000 0.000000
0.000000 0.000000 0.000000
1.062675 1.000000 0.000000
764.299377 0.000000
0.000000 0.000000 0.000000 0.000000
0.000000 0.597511
8 0.020000 1.180000 0.001000
0.486000 0.396000 0.726000 0.501000 1.360000 6.610000 0.785000 0.785000
272000.000000 96.599998 0.003000
1.073000 0.050000 0.116600
0.128863 0.065575 0.000335 0.000000
0.000000

0.000000 0.538498 2.647953
0.366069 0.269440 9.727292 52.767170 204.432617
0.000000 0.000000 0.018571 0.000000 0.000000 0.000000
0.000000 0.000000 0.000000
1.099725 1.000000 0.000000
764.299377 0.000000
0.000000 0.000000 0.000000 0.000000
0.000000 0.564473
8 0.020000 1.200000 0.001000
0.486000 0.396000 0.726000 0.501000 1.360000 6.610000 0.785000 0.785000
272000.000000 96.599998 0.003000
1.073000 0.050000 0.116600
0.128867 0.065552 0.000335 0.000000
0.000000

0.000000 0.502967 2.621947
0.364265 0.271188 9.728890 52.765163 204.432465
0.000000 0.000011 0.036485 0.000000 0.000000 0.000000
0.000000 0.000000 0.000000
1.136643 1.000000 0.000000
764.299377 0.000000
0.000000 0.000000 0.000000 0.000000
0.000000 0.527767
8 0.020000 1.220000 0.001000
0.486000 0.396000 0.726000 0.501000 1.360000 6.610000 0.785000 0.785000
272000.000000 96.599998 0.003000
1.073000 0.050000 0.116600
0.128869 0.065526 0.000335 0.000000
0.000000

0.000000 0.400795 2.553581
0.362458 0.272815 9.729301 52.764874 204.431107
0.000000 0.000101 0.054801 0.000000 0.000000 0.000000
0.000000 0.000000 0.000000
1.173420 1.000000 0.000000
764.299377 0.000000
0.000000 0.000000 0.000000 0.000000
0.000000 0.488759
8 0.020000 1.240000 0.001000
0.486000 0.396000 0.726000 0.501000 1.360000 6.610000 0.785000 0.785000
272000.000000 96.599998 0.003000
1.073000 0.050000 0.116600
0.128873 0.065500 0.000334 0.000000
0.000000

0.000000 0.378158 2.536294
0.360830 0.274402 9.730055 52.762836 204.431061
0.000000 0.000185 0.056852 0.000000 0.000000 0.000000
0.000000 0.000000 0.000000
1.210050 1.000000 0.000000
764.299377 0.000000
0.000000 0.000000 0.000000 0.000000
0.000000 0.440554
8 0.020000 1.260000 0.001000
0.486000 0.396000 0.726000 0.501000 1.360000 6.610000 0.785000 0.785000
272000.000000 96.599998 0.003000
1.073000 0.050000 0.116600
0.128875 0.065468 0.000334 0.000000
0.000000

0.000000 0.357925 2.521697
0.359309 0.275935 9.731550 52.764938 204.429550
0.000000 0.000256 0.058624 0.000000 0.000000 0.000000
0.000000 0.000000 0.000000
1.246525 1.000000 0.000000
764.299377 0.000000
0.000000 0.000000 0.000000 0.000000
0.000000 2.114148
8 0.020000 1.280000 0.001000
0.486000 0.396000 0.726000 0.501000 1.360000 6.610000 0.785000 0.785000
272000.000000 96.599998 0.003000
1.073000 0.050000 0.116600
0.128879 0.067463 0.000345 0.000000
0.000000

0.000000 0.339359 2.507686
0.357839 0.277380 9.732362 52.763687 204.429733
0.000000 0.000304 0.060066 0.000000 0.000000 0.000000
0.000000 0.000000 0.000000
1.282839 1.000000 0.000000
764.299377 0.000000
0.000000 0.000000 0.000000 0.000000
0.000000 0.858095
8 0.020000 1.300000 0.001000
0.486000 0.396000 0.726000 0.501000 1.360000 6.610000 0.785000 0.785000
272000.000000 96.599998 0.003000
1.073000 0.050000 0.116600
0.128880 0.065682 0.000335 0.000000
0.000000

0.000000 0.322745 2.495882
0.356465 0.278777 9.733825 52.766155 204.428833
0.000000 0.000332 0.061147 0.000000 0.000000 0.000000
0.000000 0.000000 0.000000
1.318985 1.000000 0.000000
764.299377 0.000000
0.000000 0.000000 0.000000 0.000000
0.000000 1.040661
8 0.020000 1.320000 0.001000
0.486000 0.396000 0.726000 0.501000 1.360000 6.610000 0.785000 0.785000
272000.000000 96.599998 0.003000
1.073000 0.050000 0.116600
0.128883 0.065936 0.000337 0.000000
0.000000

0.000000 0.268649 2.457731
0.355070 0.280060 9.734620 52.763775 204.429092
0.000000 0.000408 0.065966 0.000000 0.000000 0.000000
0.000000 0.000000 0.000000
1.354959 1.000000 0.000000
764.299377 0.000000
0.000000 0.000000 0.000000 0.000000
0.000000 0.926497
8 0.020000 1.340000 0.001000
0.486000 0.396000 0.726000 0.501000 1.360000 6.610000 0.785000 0.785000
272000.000000 96.599998 0.003000
1.073000 0.050000 0.116600
0.128886 0.065721 0.000336 0.000000
0.000000

0.000000 0.258635 2.450426
0.353822 0.281329 9.735931 52.765057 204.428177
0.000000 0.000440 0.066994 0.000000 0.000000 0.000000
0.000000 0.000000 0.000000
1.390755 1.000000 0.000000
764.299377 0.000000
0.000000 0.000000 0.000000 0.000000
0.000000 0.887749
8 0.020000 1.360000 0.001000
0.486000 0.396000 0.726000 0.501000 1.360000 6.610000 0.785000 0.785000
272000.000000 96.599998 0.003000
1.073000 0.050000 0.116600
0.128888 0.065687 0.000335 0.000000
0.000000

0.000000 0.249509 2.443601
0.352627 0.282535 9.736443 52.765949 204.428375
0.000000 0.000464 0.067978 0.000000 0.000000 0.000000
0.000000 0.000000 0.000000
1.426368 1.000000 0.000000
764.299377 0.000000
0.000000 0.000000 0.000000 0.000000
0.000000 0.878728
8 0.020000 1.380000 0.001000
0.486000 0.396000 0.726000 0.501000 1.360000 6.610000 0.785000 0.785000
272000.000000 96.599998 0.003000
1.073000 0.050000 0.116600
0.128891 0.065666 0.000335 0.000000
0.000000

0.000000 0.241274 2.437705
0.351493 0.283690 9.736770 52.767967 204.428802
0.000000 0.000477 0.068708 0.000000 0.000000 0.000000
0.000000 0.000000 0.000000
1.461793 1.000000 0.000000
764.299377 0.000000
0.000000 0.000000 0.000000 0.000000
0.000000 0.873735
8 0.020000 1.400000 0.001000
0.486000 0.396000 0.726000 0.501000 1.360000 6.610000 0.785000 0.785000
272000.000000 96.599998 0.003000
1.073000 0.050000 0.116600
0.128892 0.065638 0.000335 0.000000
0.000000

0.000000 0.233860 2.432649
0.350420 0.284800 9.737976 52.770409 204.428436
0.000000 0.000479 0.069274 0.000000 0.000000 0.000000
0.000000 0.000000 0.000000
1.497028 1.000000 0.000000
764.299377 0.000000
0.000000 0.000000 0.000000 0.000000
0.000000 0.868304
8 0.020000 1.420000 0.001000
0.486000 0.396000 0.726000 0.501000 1.360000 6.610000 0.785000 0.785000
272000.000000 96.599998 0.003000
1.073000 0.050000 0.116600
0.128894 0.065614 0.000335 0.000000
0.000000

0.000000 0.205989 2.412408
0.349351 0.285832 9.738694 52.770321 204.427795
0.000000 0.000628 0.075765 0.000000 0.000000 0.000000
0.000000 0.000000 0.000000
1.532066 1.000000 0.000000
764.299377 0.000000
0.000000 0.000000 0.000000 0.000000
0.000000 0.854627
8 0.020000 1.440000 0.001000
0.486000 0.396000 0.726000 0.501000 1.360000 6.610000 0.785000 0.785000
272000.000000 96.599998 0.003000
1.073000 0.050000 0.116600
0.128898 0.065621 0.000335 0.000000
0.000000

0.000000 0.201845 2.409629
0.348375 0.286843 9.739101 52.772896 204.427795
0.000000 0.001114 0.088060 0.000000 0.000000 0.000000
0.000000 0.000000 0.000000
1.566906 1.000000 0.000000
764.299377 0.000000
0.000000 0.000000 0.000000 0.000000
0.000000 0.865197
8 0.020000 1.460000 0.001000
0.486000 0.396000 0.726000 0.501000 1.360000 6.610000 0.785000 0.785000
272000.000000 96.599998 0.003000
1.073000 0.050000 0.116600
0.128898 0.065634 0.000335 0.000000
0.000000

0.000000 0.198196 2.407552
0.347454 0.287817 9.740563 52.776028 204.427109
0.000000 0.001572 0.089226 0.000000 0.000000 0.000000
0.000000 0.000000 0.000000
1.601543 1.000000 0.000000
764.299377 0.000000
0.000000 0.000000 0.000000 0.000000
0.000000 1.033439
8 0.020000 1.480000 0.001000
0.486000 0.396000 0.726000 0.501000 1.360000 6.610000 0.785000 0.785000
272000.000000 96.599998 0.003000
1.073000 0.050000 0.116600
0.128903 0.066154 0.000338 0.000000
0.000000

0.000000 0.194808 2.405296
0.346563 0.288737 9.740985 52.777859 204.427689
0.000000 0.002014 0.091250 0.000000 0.000000 0.000000
0.000000 0.000000 0.000000
1.635976 1.000000 0.000000
764.299377 0.000000
0.000000 0.000000 0.000000 0.000000
0.000000 0.960035
8 0.020000 1.500000 0.001000
0.486000 0.396000 0.726000 0.501000 1.360000 6.610000 0.785000 0.785000
272000.000000 96.599998 0.003000
1.073000 0.050000 0.116600
0.128904 0.065748 0.000336 0.000000
0.000000

0.000000 0.191791 2.403403
0.345715 0.289620 9.742341 52.779278 204.426956
0.000000 0.002229 0.092851 0.000000 0.000000 0.000000
0.000000 0.000000 0.000000
1.670200 1.000000 0.000000
764.299377 0.000000
0.000000 0.000000 0.000000 0.000000
0.000000 0.900232
8 0.020000 1.520000 0.001000
0.486000 0.396000 0.726000 0.501000 1.360000 6.610000 0.785000 0.785000
272000.000000 96.599998 0.003000
1.073000 0.050000 0.116600
0.128905 0.065692 0.000335 0.000000
0.000000

0.000000 0.189073 2.401840
0.344909 0.290466 9.743719 52.781067 204.426956
0.000000 0.002154 0.093492 0.000000 0.000000 0.000000
0.000000 0.000000 0.000000
1.704215 1.000000 0.000000
764.299377 0.000000
0.000000 0.000000 0.000000 0.000000
0.000000 0.900667
8 0.020000 1.540000 0.001000
0.486000 0.396000 0.726000 0.501000 1.360000 6.610000 0.785000 0.785000
272000.000000 96.599998 0.003000
1.073000 0.050000 0.116600
0.128908 0.065701 0.000336 0.000000
0.000000

0.000000 0.176128 2.392182
0.344115 0.291259 9.744825 52.781361 204.426605
0.000000 0.002956 0.117509 0.000000 0.000000 0.000000
0.000000 0.000000 0.000000
1.738017 1.000000 0.000000
764.299377 0.000000
0.000000 0.000000 0.000000 0.000000
0.000000 0.885689
8 0.020000 1.560000 0.001000
0.486000 0.396000 0.726000 0.501000 1.360000 6.610000 0.785000 0.785000
272000.000000 96.599998 0.003000
1.073000 0.050000 0.116600
0.128910 0.065676 0.000335 0.000000
0.000000

0.000000 0.174872 2.391660
0.343379 0.292032 9.746093 52.782757 204.426956
0.000000 0.003045 0.119562 0.000000 0.000000 0.000000
0.000000 0.000000 0.000000
1.771605 1.000000 0.000000
764.299377 0.000000
0.000000 0.000000 0.000000 0.000000
0.000000 0.895828
8 0.020000 1.580000 0.001000
0.486000 0.396000 0.726000 0.501000 1.360000 6.610000 0.785000 0.785000
272000.000000 96.599998 0.003000
1.073000 0.050000 0.116600
0.128910 0.065690 0.000335 0.000000
0.000000

0.000000 0.173806 2.391639
0.342687 0.292781 9.747656 52.785671 204.425980
0.000000 0.003137 0.121222 0.000000 0.000000 0.000000
0.000000 0.000000 0.000000
1.804976 1.000000 0.000000
764.299377 0.000000
0.000000 0.000000 0.000000 0.000000
0.000000 0.886829
8 0.020000 1.600000 0.001000
0.486000 0.396000 0.726000 0.501000 1.360000 6.610000 0.785000 0.785000
272000.000000 96.599998 0.003000
1.073000 0.050000 0.116600
0.128913 0.065677 0.000335 0.000000
0.000000

0.000000 0.172767 2.391235
0.342013 0.293487 9.748862 52.786758 204.426392
0.000000 0.003196 0.122565 0.000000 0.000000 0.000000
0.000000 0.000000 0.000000
1.838131 1.000000 0.000000
764.299377 0.000000
0.000000 0.000000 0.000000 0.000000
0.000000 0.992140
8 0.020000 1.620000 0.001000
0.486000 0.396000 0.726000 0.501000 1.360000 6.610000 0.785000 0.785000
272000.000000 96.599998 0.003000
1.073000 0.050000 0.116600
0.128914 0.066195 0.000338 0.000000
0.000000

0.000000 0.171903 2.391312
0.341382 0.294173 9.750414 52.789566 204.426193
0.000000 0.003198 0.123283 0.000000 0.000000 0.000000
0.000000 0.000000 0.000000
1.871066 1.000000 0.000000
764.299377 0.000000
0.000000 0.000000 0.000000 0.000000
0.000000 0.921749
8 0.020000 1.640000 0.001000
0.486000 0.396000 0.726000 0.501000 1.360000 6.610000 0.785000 0.785000
272000.000000 96.599998 0.003000
1.073000 0.050000 0.116600
0.128918 0.065724 0.000336 0.000000
0.000000

0.000000 0.171097 2.391374
0.340776 0.294828 9.751842 52.791996 204.425507
0.000000 0.003153 0.123555 0.000000 0.000000 0.000000
0.000000 0.000000 0.000000
1.903781 1.000000 0.000000
764.299377 0.000000
0.000000 0.000000 0.000000 0.000000
0.000000 0.915236
8 0.020000 1.660000 0.001000
0.486000 0.396000 0.726000 0.501000 1.360000 6.610000 0.785000 0.785000
272000.000000 96.599998 0.003000
1.073000 0.050000 0.116600
0.128918 0.065735 0.000336 0.000000
0.000000

0.000000 0.164777 2.386582
0.340176 0.295439 9.752883 52.792294 204.425888
0.000000 0.003107 0.124240 0.000000 0.000000 0.000000
0.000000 0.000000 0.000000
1.936275 1.000000 0.000000
764.299377 0.000000
0.000000 0.000000 0.000000 0.000000
0.000000 0.906009
8 0.020000 1.680000 0.001000
0.486000 0.396000 0.726000 0.501000 1.360000 6.610000 0.785000 0.785000
272000.000000 96.599998 0.003000
1.073000 0.050000 0.116600
0.128921 0.065722 0.000336 0.000000
0.000000

0.000000 0.164655 2.390119
0.339701 0.296107 9.756495 52.806576 204.422974
0.000000 0.003012 0.123945 0.000000 0.000000 0.000000
0.000000 0.000000 0.000000
1.968548 1.000000 0.000000
764.299377 0.000000
0.000000 0.000000 0.000000 0.000000
0.000000 0.896091
8 0.020000 1.700000 0.001000
0.486000 0.396000 0.726000 0.501000 1.360000 6.610000 0.785000 0.785000
272000.000000 96.599998 0.003000
1.073000 0.050000 0.116600
0.128930 0.065701 0.000336 0.000000
0.000000

0.000000 0.164546 2.391176
0.339186 0.296694 9.758241 52.810810 204.422211
0.000000 0.002871 0.122871 0.000000 0.000000 0.000000
0.000000 0.000000 0.000000
2.000599 1.000000 0.000000
764.299377 0.000000
0.000000 0.000000 0.000000 0.000000
0.000000 0.908198
8 0.020000 1.720000 0.001000
0.486000 0.396000 0.726000 0.501000 1.360000 6.610000 0.785000 0.785000
272000.000000 96.599998 0.003000
1.073000 0.050000 0.116600
0.128934 0.065714 0.000336 0.000000
0.000000

0.000000 0.164499 2.392405
0.338697 0.297261 9.760067 52.815502 204.422104
0.000000 0.002697 0.121450 0.000000 0.000000 0.000000
0.000000 0.000000 0.000000
2.032426 1.000000 0.000000
764.299377 0.000000
0.000000 0.000000 0.000000 0.000000
0.000000 0.908412
8 0.020000 1.740000 0.001000
0.486000 0.396000 0.726000 0.501000 1.360000 6.610000 0.785000 0.785000
272000.000000 96.599998 0.003000
1.073000 0.050000 0.116600
0.128936 0.065718 0.000336 0.000000
0.000000

0.000000 0.164394 2.393661
0.338231 0.297806 9.761925 52.820438 204.421127
0.000000 0.002513 0.120083 0.000000 0.000000 0.000000
0.000000 0.000000 0.000000
2.064031 1.000000 0.000000
764.299377 0.000000
0.000000 0.000000 0.000000 0.000000
0.000000 0.904332
8 0.020000 1.760000 0.001000
0.486000 0.396000 0.726000 0.501000 1.360000 6.610000 0.785000 0.785000
272000.000000 96.599998 0.003000
1.073000 0.050000 0.116600
0.128941 0.065708 0.000336 0.000000
0.000000

0.000000 0.164360 2.395169
0.337793 0.298333 9.763918 52.826210 204.420151
0.000000 0.002325 0.118614 0.000000 0.000000 0.000000
0.000000 0.000000 0.000000
2.095412 1.000000 0.000000
764.299377 0.000000
0.000000 0.000000 0.000000 0.000000
0.000000 0.901902
8 0.020000 1.780000 0.001000
0.486000 0.396000 0.726000 0.501000 1.360000 6.610000 0.785000 0.785000
272000.000000 96.599998 0.003000
1.073000 0.050000 0.116600
0.128945 0.065706 0.000336 0.000000
0.000000

0.000000 0.164313 2.396579
0.337372 0.298839 9.765849 52.831631 204.420425
0.000000 0.002148 0.117338 0.000000 0.000000 0.000000
0.000000 0.000000 0.000000
2.126570 1.000000 0.000000
764.299377 0.000000
0.000000 0.000000 0.000000 0.000000
0.000000 0.892102
8 0.020000 1.800000 0.001000
0.486000 0.396000 0.726000 0.501000 1.360000 6.610000 0.785000 0.785000
272000.000000 96.599998 0.003000
1.073000 0.050000 0.116600
0.128949 0.065691 0.000335 0.000000
0.000000

0.000000 0.163142 2.396941
0.336965 0.299321 9.767677 52.836521 204.420273
0.000000 0.002726 0.136424 0.000000 0.000000 0.000000
0.000000 0.000000 0.000000
2.157506 1.000000 0.000000
764.299377 0.000000
0.000000 0.000000 0.000000 0.000000
0.000000 0.905416
8 0.020000 1.820000 0.001000
0.486000 0.396000 0.726000 0.501000 1.360000 6.610000 0.785000 0.785000
272000.000000 96.599998 0.003000
1.073000 0.050000 0.116600
0.128951 0.065704 0.000336 0.000000
0.000000

0.000000 0.163221 2.397942
0.336569 0.299776 9.769198 52.839806 204.420563
0.000000 0.002963 0.138409 0.000000 0.000000 0.000000
0.000000 0.000000 0.000000
2.188218 1.000000 0.000000
764.299377 0.000000
0.000000 0.000000 0.000000 0.000000
0.000000 0.895062
8 0.020000 1.840000 0.001000
0.486000 0.396000 0.726000 0.501000 1.360000 6.610000 0.785000 0.785000
272000.000000 96.599998 0.003000
1.073000 0.050000 0.116600
0.128955 0.065692 0.000335 0.000000
0.000000

0.000000 0.163331 2.399147
0.336196 0.300217 9.770877 52.843987 204.419830
0.000000 0.003175 0.140024 0.000000 0.000000 0.000000
0.000000 0.000000 0.000000
2.218709 1.000000 0.000000
764.299377 0.000000
0.000000 0.000000 0.000000 0.000000
0.000000 0.884567
8 0.020000 1.860000 0.001000
0.486000 0.396000 0.726000 0.501000 1.360000 6.610000 0.785000 0.785000
272000.000000 96.599998 0.003000
1.073000 0.050000 0.116600
0.128957 0.065678 0.000335 0.000000
0.000000

0.000000 0.163406 2.400119
0.335833 0.300636 9.772365 52.847099 204.419403
0.000000 0.003349 0.142374 0.000000 0.000000 0.000000
0.000000 0.000000 0.000000
2.248978 1.000000 0.000000
764.299377 0.000000
0.000000 0.000000 0.000000 0.000000
0.000000 0.904352
8 0.020000 1.880000 0.001000
0.486000 0.396000 0.726000 0.501000 1.360000 6.610000 0.785000 0.785000
272000.000000 96.599998 0.003000
1.073000 0.050000 0.116600
0.128961 0.065703 0.000336 0.000000
0.000000

0.000000 0.163487 2.401024
0.335485 0.301037 9.773783 52.849972 204.419083
0.000000 0.003391 0.142810 0.000000 0.000000 0.000000
0.000000 0.000000 0.000000
2.279028 1.000000 0.000000
764.299377 0.000000
0.000000 0.000000 0.000000 0.000000
0.000000 0.891084
8 0.020000 1.900000 0.001000
0.486000 0.396000 0.726000 0.501000 1.360000 6.610000 0.785000 0.785000
272000.000000 96.599998 0.003000
1.073000 0.050000 0.116600
0.128963 0.065685 0.000335 0.000000
0.000000

0.000000 0.163573 2.402087
0.335157 0.301427 9.775354 52.853733 204.418396
0.000000 0.003413 0.144150 0.000000 0.000000 0.000000
0.000000 0.000000 0.000000
2.308858 1.000000 0.000000
764.299377 0.000000
0.000000 0.000000 0.000000 0.000000
0.000000 0.889423
8 0.020000 1.920000 0.001000
0.486000 0.396000 0.726000 0.501000 1.360000 6.610000 0.785000 0.785000
272000.000000 96.599998 0.003000
1.073000 0.050000 0.116600
0.128965 0.065682 0.000335 0.000000
0.000000

0.000000 0.163683 2.403847
0.334861 0.301817 9.777408 52.860065 204.417786
0.000000 0.003431 0.145813 0.000000 0.000000 0.000000
0.000000 0.000000 0.000000
2.338470 1.000000 0.000000
764.299377 0.000000
0.000000 0.000000 0.000000 0.000000
0.000000 0.887583
8 0.020000 1.940000 0.001000
0.486000 0.396000 0.726000 0.501000 1.360000 6.610000 0.785000 0.785000
272000.000000 96.599998 0.003000
1.073000 0.050000 0.116600
0.128971 0.065678 0.000335 0.000000
0.000000

0.000000 0.163777 2.406713
0.334607 0.302218 9.780272 52.870823 204.416794
0.000000 0.003761 0.154758 0.000000 0.000000 0.000000
0.000000 0.000000 0.000000
2.367865 1.000000 0.000000
764.299377 0.000000
0.000000 0.000000 0.000000 0.000000
0.000000 0.885361
8 0.020000 1.960000 0.001000
0.486000 0.396000 0.726000 0.501000 1.360000 6.610000 0.785000 0.785000
272000.000000 96.599998 0.003000
1.073000 0.050000 0.116600
0.128977 0.065672 0.000335 0.000000
0.000000

0.000000 0.163872 2.419393
0.334622 0.302836 9.790530 52.921623 204.411804
0.000000 0.004016 0.158872 0.000000 0.000000 0.000000
0.000000 0.000000 0.000000
2.397044 1.000000 0.000000
764.299377 0.000000
0.000000 0.000000 0.000000 0.000000
0.000000 0.873394
8 0.020000 1.980000 0.001000
0.486000 0.396000 0.726000 0.501000 1.360000 6.610000 0.785000 0.785000
272000.000000 96.599998 0.003000
1.073000 0.050000 0.116600
0.129008 0.065632 0.000335 0.000000
0.000000

0.000000 0.163933 2.441300
0.334891 0.303661 9.807806 53.010399 204.403641
0.000000 0.018778 0.198706 0.000000 0.000000 0.000000
0.000000 0.000000 0.000000
2.426009 1.000000 0.000000
764.299377 0.000000
0.000000 0.000000 0.000000 0.000000
0.000000 0.876978
8 0.020000 2.000000 0.001000
0.486000 0.396000 0.726000 0.501000 1.360000 6.610000 0.785000 0.785000
272000.000000 96.599998 0.003000
1.073000 0.050000 0.116600
0.129065 0.065636 0.000335 0.000000
0.000000
1.000000
2.000000
0.000000 0.000000
0.000000
0
-0.640000
0 0
0.000000
1
0.000000
1.000000
1.000000
1.000000
0.000000 0.000000 0.000000
0.000000 0.000000
0.000000 0.000000 0.000000 0.000000 0.000000 0.000000 0.000000
0.000000 0.000000 0.000000 0.000000 0.000000 0.000000 0.000000
0
2.000000
1
C:\DNDC\sites\Ottawa\CEFSoilc.spf
-1.000000 -1.000000
0.000000
32
32
10.000000
110
0.000000
0.000000
256
0.000000
102856.945312
1
