7
Clay_loam
0.314000 0.490000 0.006410 0.726000 0.398000 1.000000 0.000000 0.000000
1.350000 6.610000 1 0.031000 0.500000 0.050000 0.010000 0.240000 0.750000
0.000000 0.020000 2.000000 270000.000000 96.599998 100
0.233300 1.944000 3.025300 0.000000 1
10.000000 10.000000 10.000000 5.000000 25.000000 100.000000
0.000000 0.000000 0.009863 0.000000 0.000000 0.000000
500.000000 0.000000 0.000000

27.579901 609.682556 4351.264648
23.011232 2.989264 682.086914 2857.294189 6328.317871
0.000000 38.172932 1.606486 1.010348 0.000000 0.000000
0.000089 0.002855 0.000037
-1.240897 0.148306 38.963024
764.299377 0.000000
12.216822 0.000000 0.000000 0.000000
0.000000 20.895767
7 0.020000 0.020000 0.031000
0.490000 0.314000 0.726000 0.398000 1.350000 6.610000 0.726000 0.726000
270000.000000 96.599998 0.006410
1.073000 0.050000 0.116600
53.053123 2.116472 0.001647 0.000000
0.000000

0.930441 45.381493 176.001648
12.125940 1.537163 273.979553 1642.105347 6296.149414
0.000000 4.728029 0.979598 0.505174 0.000000 0.000000
0.000067 0.001509 0.000036
-1.181155 0.152065 40.919159
764.299377 0.000000
5.855502 0.000000 0.000000 0.000000
0.000000 11.883533
7 0.020000 0.040000 0.031000
0.490000 0.314000 0.726000 0.398000 1.350000 6.610000 0.726000 0.726000
270000.000000 96.599998 0.006410
1.073000 0.050000 0.116600
3.933671 1.943517 0.001548 0.000000
0.000000

0.000002 27.015139 46.440948
12.226514 1.509181 270.438507 1617.429810 6295.986816
0.000000 0.725753 0.847120 0.252587 0.000000 0.000000
0.000044 0.000547 0.000034
-1.136329 0.155079 41.336216
764.299377 0.000000
5.428219 0.000000 0.000000 0.000000
0.000000 10.753906
7 0.020000 0.060000 0.031000
0.490000 0.314000 0.726000 0.398000 1.350000 6.610000 0.726000 0.726000
270000.000000 96.599998 0.006410
1.073000 0.050000 0.116600
3.932827 1.938332 0.001575 0.000000
0.000000

0.000000 23.421236 42.053772
12.698356 1.657945 270.568390 1615.425415 6295.786133
0.000000 0.134715 0.701828 0.126294 0.000000 0.000000
0.000022 0.000000 0.000019
-1.091048 0.158313 40.944847
764.299377 0.000000
4.810504 0.000000 0.000000 0.000000
0.000000 9.434770
7 0.020000 0.080000 0.031000
0.490000 0.314000 0.726000 0.398000 1.350000 6.610000 0.726000 0.726000
270000.000000 96.599998 0.006410
1.073000 0.050000 0.116600
3.933320 1.888984 0.001566 0.000000
0.000000

0.000000 21.430536 36.452217
10.504152 1.311720 218.824524 1305.112183 5077.316895
0.000000 0.011630 0.471540 0.063147 0.000000 0.000000
0.000005 0.000000 0.000012
-1.047284 0.161617 55.309566
764.299377 0.000000
3.679313 0.000000 0.000000 0.000000
0.000000 3.622237
7 0.020000 0.100000 0.025000
0.490000 0.314000 0.726000 0.398000 1.350000 6.610000 0.726000 0.726000
270000.000000 96.599998 0.006410
1.073000 0.050000 0.116600
3.172229 1.519738 0.001284 0.000000
0.000000

0.000000 19.394602 82.102104
10.684916 1.292830 217.964661 1300.526733 5077.375488
0.000000 0.009559 0.429705 0.031573 0.000000 0.000000
0.000004 0.000000 0.000006
-1.005229 0.165008 54.977207
764.299377 0.000000
3.466140 0.000000 0.000000 0.000000
0.000000 6.429921
7 0.020000 0.120000 0.025000
0.490000 0.314000 0.726000 0.398000 1.350000 6.610000 0.726000 0.726000
270000.000000 96.599998 0.006410
1.073000 0.050000 0.116600
3.170974 1.422480 0.001226 0.000000
0.000000

0.000000 12.894959 72.973206
10.992287 1.410019 218.544250 1297.885010 5077.058105
0.000000 0.003303 0.343149 0.015787 0.000000 0.000000
0.000003 0.000000 0.000005
-0.962554 0.168677 54.617691
764.299377 0.000000
2.997969 0.000000 0.000000 0.000000
0.000000 7.391146
7 0.020000 0.140000 0.025000
0.490000 0.314000 0.726000 0.398000 1.350000 6.610000 0.726000 0.726000
270000.000000 96.599998 0.006410
1.073000 0.050000 0.116600
3.172472 1.392631 0.001227 0.000000
0.000000

0.000000 26.558485 71.227409
11.135742 1.396160 218.799271 1293.411255 5076.696777
0.000000 0.002720 0.326573 0.007893 0.000000 0.000000
0.000002 0.000000 0.000000
-0.919257 0.172660 54.227360
764.299377 0.000000
2.817195 0.000000 0.000000 0.000000
0.000000 6.668713
7 0.020000 0.160000 0.025000
0.490000 0.314000 0.726000 0.398000 1.350000 6.610000 0.726000 0.726000
270000.000000 96.599998 0.006410
1.073000 0.050000 0.116600
3.174060 1.345169 0.001212 0.000000
0.000000

0.000000 24.278160 59.713852
9.064281 1.122424 175.903351 1036.334717 4061.117920
0.000000 0.001128 0.244757 0.003947 0.000000 0.000000
0.000001 0.000000 0.000000
-0.875350 0.177002 53.801815
764.299377 0.000000
2.120725 0.000000 0.000000 0.000000
0.000000 3.208653
7 0.020000 0.180000 0.020000
0.490000 0.314000 0.726000 0.398000 1.350000 6.610000 0.726000 0.726000
270000.000000 96.599998 0.006410
1.073000 0.050000 0.116600
2.540333 1.084219 0.001001 0.000000
0.000000

0.000000 22.199598 58.166237
9.214506 1.124891 176.658264 1036.733154 4060.959229
0.000000 0.001086 0.237287 0.001973 0.000000 0.000000
0.000001 0.000000 0.000000
-0.830827 0.181757 53.335800
764.299377 0.000000
1.984012 0.000000 0.000000 0.000000
0.000000 4.546871
7 0.020000 0.200000 0.020000
0.490000 0.314000 0.726000 0.398000 1.350000 6.610000 0.726000 0.726000
270000.000000 96.599998 0.006410
1.073000 0.050000 0.116600
2.541348 1.732006 0.001646 0.000000
0.000000

0.000000 20.341497 56.900669
9.352757 1.140278 177.455002 1037.721069 4060.716553
0.000000 0.000968 0.223802 0.000987 0.000000 0.000000
0.000001 0.000000 0.000000
-0.785702 0.186992 52.822823
764.299377 0.000000
1.845463 0.000000 0.000000 0.000000
0.000000 4.540334
7 0.020000 0.220000 0.020000
0.490000 0.314000 0.726000 0.398000 1.350000 6.610000 0.726000 0.726000
270000.000000 96.599998 0.006410
1.073000 0.050000 0.116600
2.542682 1.924364 0.001883 0.000000
0.000000

0.000000 18.629416 55.824394
9.598167 1.276665 178.355530 1038.797974 4060.409668
0.000000 0.000595 0.187675 0.000493 0.000000 0.000000
0.000000 0.000000 0.000000
-0.739986 0.192787 52.254913
764.299377 0.000000
1.478152 0.000000 0.000000 0.000000
0.000000 3.598322
7 0.020000 0.240000 0.020000
0.490000 0.314000 0.726000 0.398000 1.350000 6.610000 0.726000 0.726000
270000.000000 96.599998 0.006410
1.073000 0.050000 0.116600
2.544069 1.362346 0.001371 0.000000
0.000000

0.000000 17.021584 54.623566
10.372295 1.979427 178.862442 1038.917358 4060.365723
0.000000 0.000139 0.044174 0.000247 0.000000 0.000000
0.000000 0.000005 0.000000
-0.693695 0.199244 51.622055
764.299377 0.000000
0.000000 0.000000 0.000000 0.000000
0.000000 3.325992
7 0.020000 0.260000 0.020000
0.490000 0.314000 0.726000 0.398000 1.350000 6.610000 0.726000 0.726000
270000.000000 96.599998 0.006410
1.073000 0.050000 0.116600
2.544665 1.306370 0.001358 0.000000
0.000000

0.000000 16.243765 50.972271
9.425670 1.758412 164.582581 939.793884 3652.988037
0.000000 0.000056 0.027576 0.000123 0.000000 0.000000
0.000000 0.000004 0.000000
-0.648804 0.205972 75.296402
764.299377 0.000000
0.000000 0.000000 0.000000 0.000000
0.000000 14.938251
7 0.020000 0.280000 0.018000
0.490000 0.314000 0.726000 0.398000 1.350000 6.610000 0.726000 0.726000
270000.000000 96.599998 0.000070
1.073000 0.050000 0.116600
2.294954 1.361030 0.001463 0.000000
0.000000

0.000000 14.916000 50.249126
9.470916 1.732219 165.525955 940.871704 3652.644775
0.000000 0.000053 0.027902 0.000062 0.000000 0.000000
0.000000 0.000004 0.000000
-0.607348 0.213008 76.418289
764.299377 0.000000
0.000000 0.000000 0.000000 0.000000
0.000000 10.467727
7 0.020000 0.300000 0.018000
0.490000 0.314000 0.726000 0.398000 1.350000 6.610000 0.726000 0.726000
270000.000000 96.599998 0.000070
1.073000 0.050000 0.116600
2.296249 1.197590 0.001330 0.000000
0.000000

0.000000 13.499126 49.136894
9.488760 1.710899 165.442474 940.574219 3652.700928
0.000000 0.000051 0.028374 0.000031 0.000000 0.000000
0.000000 0.000003 0.000000
-0.565563 0.220900 76.055016
764.299377 0.000000
0.000000 0.000000 0.000000 0.000000
0.000000 7.680133
7 0.020000 0.320000 0.018000
0.490000 0.314000 0.726000 0.398000 1.350000 6.610000 0.726000 0.726000
270000.000000 96.599998 0.000070
1.073000 0.050000 0.116600
2.296199 1.185348 0.001365 0.000000
0.000000

0.000000 12.406454 43.724426
8.353307 1.491967 146.816254 825.393555 3191.301270
0.000000 0.000004 0.017515 0.000015 0.000000 0.000000
0.000000 0.000003 0.000000
-0.522937 0.229934 73.993248
764.299377 0.000000
0.000000 0.000000 0.000000 0.000000
0.000000 6.317367
8 0.020000 0.340000 0.015500
0.483000 0.377000 0.726000 0.484000 1.370000 6.610000 0.770000 0.770000
274000.000000 96.599998 0.000070
1.073000 0.050000 0.116600
2.009607 1.038608 0.001209 0.000000
0.000000

0.000000 11.210761 42.772823
8.364658 1.478980 146.694901 825.093506 3191.364746
0.000000 0.000006 0.018913 0.000008 0.000000 0.000000
0.000000 0.000003 0.000000
-0.479496 0.240417 72.492599
764.299377 0.000000
0.000000 0.000000 0.000000 0.000000
0.000000 5.753309
8 0.020000 0.360000 0.015500
0.483000 0.377000 0.726000 0.484000 1.370000 6.610000 0.770000 0.770000
274000.000000 96.599998 0.000070
1.073000 0.050000 0.116600
2.009472 1.032622 0.001256 0.000000
0.000000

0.000000 10.125496 41.898338
8.375736 1.465665 146.574860 824.749878 3191.435303
0.000000 0.000004 0.021597 0.000004 0.000000 0.000000
0.000000 0.000002 0.000000
-0.435413 0.252716 69.973045
764.299377 0.000000
0.000000 0.000000 0.000000 0.000000
0.000000 5.518885
8 0.020000 0.380000 0.015500
0.483000 0.377000 0.726000 0.484000 1.370000 6.610000 0.770000 0.770000
274000.000000 96.599998 0.000070
1.073000 0.050000 0.116600
2.009305 1.032164 0.001320 0.000000
0.000000

0.000000 9.149858 41.101067
8.386442 1.452118 146.503479 824.394714 3191.493164
0.000000 0.000025 0.038615 0.000002 0.000000 0.000000
0.000000 0.000002 0.000000
-0.390587 0.267464 66.334328
764.299377 0.000000
0.000000 0.000000 0.000000 0.000000
0.000000 5.405961
8 0.020000 0.400000 0.015500
0.483000 0.377000 0.726000 0.484000 1.370000 6.610000 0.770000 0.770000
274000.000000 96.599998 0.000070
1.073000 0.050000 0.116600
2.009150 1.031882 0.001396 0.000000
0.000000

0.000000 8.279433 40.422455
8.387057 1.451598 146.457504 824.209106 3191.535400
0.000000 0.007845 0.180518 0.000001 0.000000 0.000000
0.000000 0.000002 0.000000
-0.344969 0.285595 62.380928
764.299377 0.000000
0.000000 0.000000 0.000000 0.000000
0.000000 5.348331
8 0.020000 0.420000 0.015500
0.483000 0.377000 0.726000 0.484000 1.370000 6.610000 0.770000 0.770000
274000.000000 96.599998 0.000070
1.073000 0.050000 0.116600
2.009105 1.031609 0.001491 0.000000
0.000000

0.000000 7.496138 39.810341
8.383224 1.452968 146.424789 824.072205 3191.575928
0.000000 0.012100 0.194482 0.000000 0.000000 0.000000
0.000000 0.000002 0.000000
-0.298751 0.308500 58.978249
764.299377 0.000000
0.000000 0.000000 0.000000 0.000000
0.000000 5.315198
8 0.020000 0.440000 0.015500
0.483000 0.377000 0.726000 0.484000 1.370000 6.610000 0.770000 0.770000
274000.000000 96.599998 0.000070
1.073000 0.050000 0.116600
2.009080 1.031370 0.001610 0.000000
0.000000

0.000000 6.790443 39.267838
8.379664 1.453695 146.432922 823.931885 3191.619629
0.000000 0.010710 0.190964 0.000000 0.000000 0.000000
0.000000 0.000002 0.000000
-0.252429 0.338440 55.983490
764.299377 0.000000
0.000000 0.000000 0.000000 0.000000
0.000000 5.297813
8 0.020000 0.460000 0.015500
0.483000 0.377000 0.726000 0.484000 1.370000 6.610000 0.770000 0.770000
274000.000000 96.599998 0.000070
1.073000 0.050000 0.116600
2.009067 1.031147 0.001765 0.000000
0.000000

0.000000 6.151831 38.780048
8.376610 1.454095 146.421326 823.855286 3191.638428
0.000000 0.008678 0.193623 0.000000 0.000000 0.000000
0.000000 0.000001 0.000000
-0.206772 0.379622 52.537346
764.299377 0.000000
0.000000 0.000000 0.000000 0.000000
0.000000 5.290373
8 0.020000 0.480000 0.015500
0.483000 0.377000 0.726000 0.484000 1.370000 6.610000 0.770000 0.770000
274000.000000 96.599998 0.000070
1.073000 0.050000 0.116600
2.009071 1.030913 0.001980 0.000000
0.000000

0.000000 5.577169 38.353504
8.372275 1.458403 146.446594 823.807495 3191.653320
0.000000 0.008518 0.204942 0.000000 0.000000 0.000000
0.000000 0.000001 0.000000
-0.163164 0.441150 47.379528
764.299377 0.000000
0.000000 0.000000 0.000000 0.000000
0.000000 5.292148
8 0.020000 0.500000 0.015500
0.483000 0.377000 0.726000 0.484000 1.370000 6.610000 0.770000 0.770000
274000.000000 96.599998 0.000070
1.073000 0.050000 0.116600
2.009109 1.030548 0.002299 0.000000
0.000000

0.000000 5.060276 37.977280
8.353368 1.475885 146.498978 823.785278 3191.667969
0.000000 0.009131 0.218436 0.000000 0.000000 0.000000
0.000000 0.000001 0.000000
-0.125465 0.547862 37.909843
764.299377 0.000000
0.000000 0.000000 0.000000 0.000000
0.000000 5.289934
8 0.020000 0.520000 0.015500
0.483000 0.377000 0.726000 0.484000 1.370000 6.610000 0.770000 0.770000
274000.000000 96.599998 0.000070
1.073000 0.050000 0.116600
2.009174 1.029935 0.002853 0.000000
0.000000

0.000000 4.399151 20.392698
4.282738 0.771031 74.280922 423.434326 1647.998047
0.000000 0.010013 0.145374 0.000000 0.000000 0.000000
0.000000 0.000000 0.000000
-0.111640 0.770000 0.000000
764.299377 0.000000
0.000000 0.000000 0.000000 0.000000
0.000000 4.903981
8 0.020000 0.540000 0.008000
0.483000 0.377000 0.726000 0.484000 1.370000 6.610000 0.770000 0.770000
274000.000000 96.599998 0.002410
1.073000 0.050000 0.116600
1.035114 0.552045 0.002145 0.000000
0.000000

0.000000 3.999083 20.107746
4.276861 0.780805 74.346359 423.470184 1647.987549
0.000000 0.007670 0.144582 0.000000 0.000000 0.000000
0.000000 0.000000 0.000000
0.012633 0.770000 0.000000
764.299377 0.000000
0.000000 0.000000 0.000000 0.000000
0.000000 4.613341
8 0.020000 0.560000 0.008000
0.483000 0.377000 0.726000 0.484000 1.370000 6.610000 0.770000 0.770000
274000.000000 96.599998 0.002410
1.073000 0.050000 0.116600
1.035214 0.536542 0.002087 0.000000
0.000000

0.000000 3.636669 19.862293
4.255548 0.804849 74.415596 423.558777 1647.964722
0.000000 0.006486 0.149613 0.000000 0.000000 0.000000
0.000000 0.000000 0.000000
0.069908 0.770000 0.000000
764.299377 0.000000
0.000000 0.000000 0.000000 0.000000
0.000000 4.464457
8 0.020000 0.580000 0.008000
0.483000 0.377000 0.726000 0.484000 1.370000 6.610000 0.770000 0.770000
274000.000000 96.599998 0.002410
1.073000 0.050000 0.116600
1.035344 0.534388 0.002078 0.000000
0.000000

0.000000 3.312064 19.667061
4.229914 0.832807 74.533974 423.716553 1647.924683
0.000000 0.006258 0.156282 0.000000 0.000000 0.000000
0.000000 0.000000 0.000000
0.124755 0.770000 0.000000
764.299377 0.000000
0.000000 0.000000 0.000000 0.000000
0.000000 4.529652
8 0.020000 0.600000 0.008000
0.483000 0.377000 0.726000 0.484000 1.370000 6.610000 0.770000 0.770000
274000.000000 96.599998 0.002410
1.073000 0.050000 0.116600
1.035531 0.535207 0.002081 0.000000
0.000000

0.000000 3.017066 19.475439
4.204446 0.859896 74.647812 423.804962 1647.894531
0.000000 0.006628 0.164123 0.000000 0.000000 0.000000
0.000000 0.000000 0.000000
0.179816 0.770000 0.000000
764.299377 0.000000
0.000000 0.000000 0.000000 0.000000
0.000000 4.457307
8 0.020000 0.620000 0.008000
0.483000 0.377000 0.726000 0.484000 1.370000 6.610000 0.770000 0.770000
274000.000000 96.599998 0.002410
1.073000 0.050000 0.116600
1.035673 0.532946 0.002073 0.000000
0.000000

0.000000 2.744637 19.302660
4.179440 0.886203 74.707390 423.912201 1647.882080
0.000000 0.007286 0.172537 0.000000 0.000000 0.000000
0.000000 0.000000 0.000000
0.235049 0.770000 0.000000
764.299377 0.000000
0.000000 0.000000 0.000000 0.000000
0.000000 4.341391
8 0.020000 0.640000 0.008000
0.483000 0.377000 0.726000 0.484000 1.370000 6.610000 0.770000 0.770000
274000.000000 96.599998 0.002410
1.073000 0.050000 0.116600
1.035793 0.532687 0.002072 0.000000
0.000000

0.000000 2.498650 19.146360
4.155044 0.911792 74.784302 423.986938 1647.862305
0.000000 0.008061 0.180418 0.000000 0.000000 0.000000
0.000000 0.000000 0.000000
0.290414 0.770000 0.000000
764.299377 0.000000
0.000000 0.000000 0.000000 0.000000
0.000000 4.273494
8 0.020000 0.660000 0.008000
0.483000 0.377000 0.726000 0.484000 1.370000 6.610000 0.770000 0.770000
274000.000000 96.599998 0.002410
1.073000 0.050000 0.116600
1.035902 0.532544 0.002071 0.000000
0.000000

0.000000 2.293610 19.061949
4.132408 0.936491 75.108398 424.090271 1647.803589
0.000000 0.008166 0.182392 0.000000 0.000000 0.000000
0.000000 0.000000 0.000000
0.344732 0.840788 0.000000
764.299377 0.000000
0.000000 0.000000 0.000000 0.000000
0.000000 4.246935
8 0.020000 0.680000 0.008000
0.483000 0.377000 0.726000 0.484000 1.370000 6.610000 0.770000 0.770000
274000.000000 96.599998 0.002410
1.073000 0.050000 0.116600
1.036155 0.532039 0.002259 0.000000
0.000000

0.000000 2.099472 18.996363
4.103933 0.957703 75.330986 424.311066 1647.720337
0.000000 0.008479 0.184372 0.000000 0.000000 0.000000
0.000000 0.000000 0.000000
0.395812 1.000000 0.000000
764.299377 0.000000
0.000000 0.000000 0.000000 0.000000
0.000000 4.351831
8 0.020000 0.700000 0.008000
0.483000 0.377000 0.726000 0.484000 1.370000 6.610000 0.770000 0.770000
274000.000000 96.599998 0.002410
1.073000 0.050000 0.116600
1.036414 0.533962 0.002697 0.000000
0.000000

0.000000 1.921718 18.945269
4.084455 0.978613 75.546692 424.534882 1647.639526
0.000000 0.008693 0.188026 0.000000 0.000000 0.000000
0.000000 0.000000 0.000000
0.444882 1.000000 0.000000
764.299377 0.000000
0.000000 0.000000 0.000000 0.000000
0.000000 4.371699
8 0.020000 0.720000 0.008000
0.483000 0.377000 0.726000 0.484000 1.370000 6.610000 0.770000 0.770000
274000.000000 96.599998 0.002410
1.073000 0.050000 0.116600
1.036669 0.531611 0.002685 0.000000
0.000000

0.000000 1.780619 12.321495
2.530544 0.621759 47.324509 263.996490 1022.114197
0.000000 0.006170 0.108387 0.000000 0.000000 0.000000
0.000000 0.000000 0.000000
0.493853 1.000000 0.000000
764.299377 0.000000
0.000000 0.000000 0.000000 0.000000
0.000000 3.689199
8 0.020000 0.740000 0.005000
0.486000 0.396000 0.726000 0.501000 1.360000 6.610000 0.785000 0.785000
272000.000000 96.599998 0.003000
1.073000 0.050000 0.116600
0.643704 0.333383 0.001705 0.000000
0.000000

0.000000 1.636632 12.287477
2.521447 0.634652 47.516403 264.186768 1022.045837
0.000000 0.006018 0.107773 0.000000 0.000000 0.000000
0.000000 0.000000 0.000000
0.542688 1.000000 0.000000
764.299377 0.000000
0.000000 0.000000 0.000000 0.000000
0.000000 3.572768
8 0.020000 0.760000 0.005000
0.486000 0.396000 0.726000 0.501000 1.360000 6.610000 0.785000 0.785000
272000.000000 96.599998 0.003000
1.073000 0.050000 0.116600
0.643926 0.330995 0.001693 0.000000
0.000000

0.000000 1.504379 12.291112
2.513717 0.647524 47.724419 264.492676 1021.961487
0.000000 0.002835 0.088346 0.000000 0.000000 0.000000
0.000000 0.000000 0.000000
0.591420 1.000000 0.000000
764.299377 0.000000
0.000000 0.000000 0.000000 0.000000
0.000000 3.306364
8 0.020000 0.780000 0.005000
0.486000 0.396000 0.726000 0.501000 1.360000 6.610000 0.785000 0.785000
272000.000000 96.599998 0.003000
1.073000 0.050000 0.116600
0.644214 0.330510 0.001690 0.000000
0.000000

0.000000 1.386726 12.288980
2.505638 0.659955 47.956593 264.694855 1021.887939
0.000000 0.000668 0.062551 0.000000 0.000000 0.000000
0.000000 0.000000 0.000000
0.640014 1.000000 0.000000
764.299377 0.000000
0.000000 0.000000 0.000000 0.000000
0.000000 3.022982
8 0.020000 0.800000 0.005000
0.486000 0.396000 0.726000 0.501000 1.360000 6.610000 0.785000 0.785000
272000.000000 96.599998 0.003000
1.073000 0.050000 0.116600
0.644460 0.328838 0.001682 0.000000
0.000000

0.000000 1.276096 12.289650
2.497642 0.672063 48.156967 264.904968 1021.826294
0.000000 0.000125 0.047026 0.000000 0.000000 0.000000
0.000000 0.000000 0.000000
0.688433 1.000000 0.000000
764.299377 0.000000
0.000000 0.000000 0.000000 0.000000
0.000000 2.865356
8 0.020000 0.820000 0.005000
0.486000 0.396000 0.726000 0.501000 1.360000 6.610000 0.785000 0.785000
272000.000000 96.599998 0.003000
1.073000 0.050000 0.116600
0.644688 0.328464 0.001680 0.000000
0.000000

0.000000 1.171028 12.281916
2.489279 0.683735 48.292824 265.100525 1021.768127
0.000000 0.000029 0.041713 0.000000 0.000000 0.000000
0.000000 0.000000 0.000000
0.736641 1.000000 0.000000
764.299377 0.000000
0.000000 0.000000 0.000000 0.000000
0.000000 2.763469
8 0.020000 0.840000 0.005000
0.486000 0.396000 0.726000 0.501000 1.360000 6.610000 0.785000 0.785000
272000.000000 96.599998 0.003000
1.073000 0.050000 0.116600
0.644873 0.328074 0.001678 0.000000
0.000000

0.000000 1.076664 12.286774
2.481433 0.695217 48.444359 265.311890 1021.704407
0.000000 0.000007 0.038803 0.000000 0.000000 0.000000
0.000000 0.000000 0.000000
0.784605 1.000000 0.000000
764.299377 0.000000
0.000000 0.000000 0.000000 0.000000
0.000000 2.907075
8 0.020000 0.860000 0.005000
0.486000 0.396000 0.726000 0.501000 1.360000 6.610000 0.785000 0.785000
272000.000000 96.599998 0.003000
1.073000 0.050000 0.116600
0.645072 0.329303 0.001684 0.000000
0.000000

0.000000 0.987170 12.263924
2.472542 0.706081 48.526413 265.428680 1021.668457
0.000000 0.000003 0.039666 0.000000 0.000000 0.000000
0.000000 0.000000 0.000000
0.832293 1.000000 0.000000
764.299377 0.000000
0.000000 0.000000 0.000000 0.000000
0.000000 2.667047
8 0.020000 0.880000 0.005000
0.486000 0.396000 0.726000 0.501000 1.360000 6.610000 0.785000 0.785000
272000.000000 96.599998 0.003000
1.073000 0.050000 0.116600
0.645184 0.327756 0.001676 0.000000
0.000000

0.000000 0.904973 12.240623
2.463666 0.716623 48.585648 265.537628 1021.639038
0.000000 0.000003 0.041885 0.000000 0.000000 0.000000
0.000000 0.000000 0.000000
0.879672 1.000000 0.000000
764.299377 0.000000
0.000000 0.000000 0.000000 0.000000
0.000000 2.584794
8 0.020000 0.900000 0.005000
0.486000 0.396000 0.726000 0.501000 1.360000 6.610000 0.785000 0.785000
272000.000000 96.599998 0.003000
1.073000 0.050000 0.116600
0.645278 0.327721 0.001676 0.000000
0.000000

0.000000 0.831842 12.237630
2.455573 0.727077 48.660416 265.698639 1021.592712
0.000000 0.000003 0.044379 0.000000 0.000000 0.000000
0.000000 0.000000 0.000000
0.926714 1.000000 0.000000
764.299377 0.000000
0.000000 0.000000 0.000000 0.000000
0.000000 2.714192
8 0.020000 0.920000 0.005000
0.486000 0.396000 0.726000 0.501000 1.360000 6.610000 0.785000 0.785000
272000.000000 96.599998 0.003000
1.073000 0.050000 0.116600
0.645407 0.328669 0.001681 0.000000
0.000000

0.000000 0.765141 2.885863
0.490585 0.147739 9.762142 53.235901 204.307724
0.000000 0.000000 0.001113 0.000000 0.000000 0.000000
0.000000 0.000000 0.000000
0.973390 1.000000 0.000000
764.299377 0.000000
0.000000 0.000000 0.000000 0.000000
0.000000 1.704631
8 0.020000 0.940000 0.001000
0.486000 0.396000 0.726000 0.501000 1.360000 6.610000 0.785000 0.785000
272000.000000 96.599998 0.003000
1.073000 0.050000 0.116600
0.129118 0.067958 0.000347 0.000000
0.000000

0.000000 0.705220 2.849572
0.488909 0.149700 9.783310 53.247036 204.301010
0.000000 0.000000 0.001042 0.000000 0.000000 0.000000
0.000000 0.000000 0.000000
1.019674 1.000000 0.000000
764.299377 0.000000
0.000000 0.000000 0.000000 0.000000
0.000000 1.893219
8 0.020000 0.960000 0.001000
0.486000 0.396000 0.726000 0.501000 1.360000 6.610000 0.785000 0.785000
272000.000000 96.599998 0.003000
1.073000 0.050000 0.116600
0.129140 0.065995 0.000337 0.000000
0.000000

0.000000 0.655061 2.825455
0.487536 0.151695 9.826426 53.268490 204.287643
0.000000 0.000000 0.001088 0.000000 0.000000 0.000000
0.000000 0.000000 0.000000
1.065541 1.000000 0.000000
764.299377 0.000000
0.000000 0.000000 0.000000 0.000000
0.000000 1.010216
8 0.020000 0.980000 0.001000
0.486000 0.396000 0.726000 0.501000 1.360000 6.610000 0.785000 0.785000
272000.000000 96.599998 0.003000
1.073000 0.050000 0.116600
0.129178 0.065461 0.000334 0.000000
0.000000

0.000000 0.615588 2.829233
0.487015 0.153903 9.866619 53.397156 204.264221
0.000000 0.000000 0.001155 0.000000 0.000000 0.000000
0.000000 0.000000 0.000000
1.110969 1.000000 0.000000
764.299377 0.000000
0.000000 0.000000 0.000000 0.000000
0.000000 0.887355
8 0.020000 1.000000 0.001000
0.486000 0.396000 0.726000 0.501000 1.360000 6.610000 0.785000 0.785000
272000.000000 96.599998 0.003000
1.073000 0.050000 0.116600
0.129272 0.065357 0.000334 0.000000
0.000000

0.000000 0.575162 2.823540
0.486125 0.155949 9.885595 53.494865 204.247131
0.000000 0.000000 0.001226 0.000000 0.000000 0.000000
0.000000 0.000000 0.000000
1.155934 1.000000 0.000000
764.299377 0.000000
0.000000 0.000000 0.000000 0.000000
0.000000 0.801934
8 0.020000 1.020000 0.001000
0.486000 0.396000 0.726000 0.501000 1.360000 6.610000 0.785000 0.785000
272000.000000 96.599998 0.003000
1.073000 0.050000 0.116600
0.129337 0.065279 0.000333 0.000000
0.000000

0.000000 0.529549 2.792834
0.484368 0.157664 9.887305 53.492210 204.246857
0.000000 0.000000 0.001260 0.000000 0.000000 0.000000
0.000000 0.000000 0.000000
1.200419 1.000000 0.000000
764.299377 0.000000
0.000000 0.000000 0.000000 0.000000
0.000000 0.786034
8 0.020000 1.040000 0.001000
0.486000 0.396000 0.726000 0.501000 1.360000 6.610000 0.785000 0.785000
272000.000000 96.599998 0.003000
1.073000 0.050000 0.116600
0.129338 0.065276 0.000333 0.000000
0.000000

0.000000 0.488140 2.764954
0.482653 0.159337 9.887724 53.490765 204.245499
0.000000 0.000000 0.001307 0.000000 0.000000 0.000000
0.000000 0.000000 0.000000
1.244406 1.000000 0.000000
764.299377 0.000000
0.000000 0.000000 0.000000 0.000000
0.000000 0.780290
8 0.020000 1.060000 0.001000
0.486000 0.396000 0.726000 0.501000 1.360000 6.610000 0.785000 0.785000
272000.000000 96.599998 0.003000
1.073000 0.050000 0.116600
0.129338 0.065273 0.000333 0.000000
0.000000

0.000000 0.450796 2.740101
0.480995 0.160975 9.889577 53.489483 204.244690
0.000000 0.000000 0.001363 0.000000 0.000000 0.000000
0.000000 0.000000 0.000000
1.287876 1.000000 0.000000
764.299377 0.000000
0.000000 0.000000 0.000000 0.000000
0.000000 0.775494
8 0.020000 1.080000 0.001000
0.486000 0.396000 0.726000 0.501000 1.360000 6.610000 0.785000 0.785000
272000.000000 96.599998 0.003000
1.073000 0.050000 0.116600
0.129340 0.065269 0.000333 0.000000
0.000000

0.000000 0.416854 2.717107
0.479361 0.162569 9.890265 53.487228 204.244400
0.000000 0.000000 0.001396 0.000000 0.000000 0.000000
0.000000 0.000000 0.000000
1.330817 1.000000 0.000000
764.299377 0.000000
0.000000 0.000000 0.000000 0.000000
0.000000 0.771636
8 0.020000 1.100000 0.001000
0.486000 0.396000 0.726000 0.501000 1.360000 6.610000 0.785000 0.785000
272000.000000 96.599998 0.003000
1.073000 0.050000 0.116600
0.129341 0.065268 0.000333 0.000000
0.000000

0.000000 0.386121 2.696375
0.477771 0.164127 9.890756 53.485676 204.244370
0.000000 0.000000 0.001437 0.000000 0.000000 0.000000
0.000000 0.000000 0.000000
1.373215 1.000000 0.000000
764.299377 0.000000
0.000000 0.000000 0.000000 0.000000
0.000000 0.767765
8 0.020000 1.120000 0.001000
0.486000 0.396000 0.726000 0.501000 1.360000 6.610000 0.785000 0.785000
272000.000000 96.599998 0.003000
1.073000 0.050000 0.116600
0.129341 0.065267 0.000333 0.000000
0.000000

0.000000 0.358372 2.677764
0.476226 0.165651 9.892283 53.483818 204.244202
0.000000 0.000000 0.001467 0.000000 0.000000 0.000000
0.000000 0.000000 0.000000
1.415059 1.000000 0.000000
764.299377 0.000000
0.000000 0.000000 0.000000 0.000000
0.000000 0.763843
8 0.020000 1.140000 0.001000
0.486000 0.396000 0.726000 0.501000 1.360000 6.610000 0.785000 0.785000
272000.000000 96.599998 0.003000
1.073000 0.050000 0.116600
0.129342 0.065264 0.000333 0.000000
0.000000

0.000000 0.333224 2.661052
0.474724 0.167141 9.892977 53.483601 204.243805
0.000000 0.000000 0.001498 0.000000 0.000000 0.000000
0.000000 0.000000 0.000000
1.456339 1.000000 0.000000
764.299377 0.000000
0.000000 0.000000 0.000000 0.000000
0.000000 0.857002
8 0.020000 1.160000 0.001000
0.486000 0.396000 0.726000 0.501000 1.360000 6.610000 0.785000 0.785000
272000.000000 96.599998 0.003000
1.073000 0.050000 0.116600
0.129342 0.065470 0.000334 0.000000
0.000000

0.000000 0.310528 2.646146
0.473264 0.168598 9.894900 53.482944 204.242950
0.000000 0.000000 0.001526 0.000000 0.000000 0.000000
0.000000 0.000000 0.000000
1.497047 1.000000 0.000000
764.299377 0.000000
0.000000 0.000000 0.000000 0.000000
0.000000 0.796357
8 0.020000 1.180000 0.001000
0.486000 0.396000 0.726000 0.501000 1.360000 6.610000 0.785000 0.785000
272000.000000 96.599998 0.003000
1.073000 0.050000 0.116600
0.129344 0.065282 0.000333 0.000000
0.000000

0.000000 0.289879 2.632269
0.471825 0.170018 9.895252 53.481979 204.242493
0.000000 0.000000 0.001578 0.000000 0.000000 0.000000
0.000000 0.000000 0.000000
1.537175 1.000000 0.000000
764.299377 0.000000
0.000000 0.000000 0.000000 0.000000
0.000000 0.779261
8 0.020000 1.200000 0.001000
0.486000 0.396000 0.726000 0.501000 1.360000 6.610000 0.785000 0.785000
272000.000000 96.599998 0.003000
1.073000 0.050000 0.116600
0.129345 0.065281 0.000333 0.000000
0.000000

0.000000 0.271235 2.619925
0.470428 0.171407 9.896297 53.481361 204.242020
0.000000 0.000000 0.002607 0.000000 0.000000 0.000000
0.000000 0.000000 0.000000
1.576717 1.000000 0.000000
764.299377 0.000000
0.000000 0.000000 0.000000 0.000000
0.000000 0.772347
8 0.020000 1.220000 0.001000
0.486000 0.396000 0.726000 0.501000 1.360000 6.610000 0.785000 0.785000
272000.000000 96.599998 0.003000
1.073000 0.050000 0.116600
0.129345 0.065279 0.000333 0.000000
0.000000

0.000000 0.254390 2.608933
0.469070 0.172767 9.897956 53.480923 204.241257
0.000000 0.000000 0.008200 0.000000 0.000000 0.000000
0.000000 0.000000 0.000000
1.615671 1.000000 0.000000
764.299377 0.000000
0.000000 0.000000 0.000000 0.000000
0.000000 0.767758
8 0.020000 1.240000 0.001000
0.486000 0.396000 0.726000 0.501000 1.360000 6.610000 0.785000 0.785000
272000.000000 96.599998 0.003000
1.073000 0.050000 0.116600
0.129347 0.065277 0.000333 0.000000
0.000000

0.000000 0.239080 2.598702
0.467734 0.174093 9.898331 53.480461 204.240891
0.000000 0.000000 0.008601 0.000000 0.000000 0.000000
0.000000 0.000000 0.000000
1.654031 1.000000 0.000000
764.299377 0.000000
0.000000 0.000000 0.000000 0.000000
0.000000 0.764165
8 0.020000 1.260000 0.001000
0.486000 0.396000 0.726000 0.501000 1.360000 6.610000 0.785000 0.785000
272000.000000 96.599998 0.003000
1.073000 0.050000 0.116600
0.129347 0.065275 0.000333 0.000000
0.000000

0.000000 0.225287 2.589806
0.466442 0.175394 9.900230 53.480076 204.240341
0.000000 0.000000 0.008964 0.000000 0.000000 0.000000
0.000000 0.000000 0.000000
1.691797 1.000000 0.000000
764.299377 0.000000
0.000000 0.000000 0.000000 0.000000
0.000000 0.760295
8 0.020000 1.280000 0.001000
0.486000 0.396000 0.726000 0.501000 1.360000 6.610000 0.785000 0.785000
272000.000000 96.599998 0.003000
1.073000 0.050000 0.116600
0.129349 0.065274 0.000333 0.000000
0.000000

0.000000 0.212733 2.581495
0.465169 0.176661 9.900437 53.480019 204.239944
0.000000 0.000000 0.009277 0.000000 0.000000 0.000000
0.000000 0.000000 0.000000
1.728967 1.000000 0.000000
764.299377 0.000000
0.000000 0.000000 0.000000 0.000000
0.000000 0.756725
8 0.020000 1.300000 0.001000
0.486000 0.396000 0.726000 0.501000 1.360000 6.610000 0.785000 0.785000
272000.000000 96.599998 0.003000
1.073000 0.050000 0.116600
0.129349 0.065272 0.000333 0.000000
0.000000

0.000000 0.201440 2.574360
0.463940 0.177906 9.902360 53.480133 204.239334
0.000000 0.000000 0.009582 0.000000 0.000000 0.000000
0.000000 0.000000 0.000000
1.765541 1.000000 0.000000
764.299377 0.000000
0.000000 0.000000 0.000000 0.000000
0.000000 0.752668
8 0.020000 1.320000 0.001000
0.486000 0.396000 0.726000 0.501000 1.360000 6.610000 0.785000 0.785000
272000.000000 96.599998 0.003000
1.073000 0.050000 0.116600
0.129350 0.065269 0.000333 0.000000
0.000000

0.000000 0.191162 2.567581
0.462724 0.179117 9.902706 53.479927 204.239548
0.000000 0.000000 0.009894 0.000000 0.000000 0.000000
0.000000 0.000000 0.000000
1.801521 1.000000 0.000000
764.299377 0.000000
0.000000 0.000000 0.000000 0.000000
0.000000 0.748881
8 0.020000 1.340000 0.001000
0.486000 0.396000 0.726000 0.501000 1.360000 6.610000 0.785000 0.785000
272000.000000 96.599998 0.003000
1.073000 0.050000 0.116600
0.129351 0.065269 0.000333 0.000000
0.000000

0.000000 0.181911 2.561735
0.461547 0.180306 9.904532 53.479694 204.238770
0.000000 0.000000 0.010117 0.000000 0.000000 0.000000
0.000000 0.000000 0.000000
1.836907 1.000000 0.000000
764.299377 0.000000
0.000000 0.000000 0.000000 0.000000
0.000000 0.744627
8 0.020000 1.360000 0.001000
0.486000 0.396000 0.726000 0.501000 1.360000 6.610000 0.785000 0.785000
272000.000000 96.599998 0.003000
1.073000 0.050000 0.116600
0.129352 0.065266 0.000333 0.000000
0.000000

0.000000 0.173483 2.556150
0.460387 0.181465 9.904728 53.479694 204.238983
0.000000 0.000000 0.010309 0.000000 0.000000 0.000000
0.000000 0.000000 0.000000
1.871703 1.000000 0.000000
764.299377 0.000000
0.000000 0.000000 0.000000 0.000000
0.000000 0.740595
8 0.020000 1.380000 0.001000
0.486000 0.396000 0.726000 0.501000 1.360000 6.610000 0.785000 0.785000
272000.000000 96.599998 0.003000
1.073000 0.050000 0.116600
0.129353 0.065264 0.000333 0.000000
0.000000

0.000000 0.165892 2.551325
0.459260 0.182600 9.905938 53.479576 204.238525
0.000000 0.000000 0.010467 0.000000 0.000000 0.000000
0.000000 0.000000 0.000000
1.905911 1.000000 0.000000
764.299377 0.000000
0.000000 0.000000 0.000000 0.000000
0.000000 0.736239
8 0.020000 1.400000 0.001000
0.486000 0.396000 0.726000 0.501000 1.360000 6.610000 0.785000 0.785000
272000.000000 96.599998 0.003000
1.073000 0.050000 0.116600
0.129353 0.065263 0.000333 0.000000
0.000000

0.000000 0.159015 2.547140
0.458163 0.183714 9.907062 53.480331 204.238113
0.000000 0.000000 0.010608 0.000000 0.000000 0.000000
0.000000 0.000000 0.000000
1.939536 1.000000 0.000000
764.299377 0.000000
0.000000 0.000000 0.000000 0.000000
0.000000 0.731580
8 0.020000 1.420000 0.001000
0.486000 0.396000 0.726000 0.501000 1.360000 6.610000 0.785000 0.785000
272000.000000 96.599998 0.003000
1.073000 0.050000 0.116600
0.129354 0.065259 0.000333 0.000000
0.000000

0.000000 0.152780 2.543345
0.457089 0.184802 9.907904 53.481098 204.237762
0.000000 0.000000 0.010783 0.000000 0.000000 0.000000
0.000000 0.000000 0.000000
1.972581 1.000000 0.000000
764.299377 0.000000
0.000000 0.000000 0.000000 0.000000
0.000000 0.726852
8 0.020000 1.440000 0.001000
0.486000 0.396000 0.726000 0.501000 1.360000 6.610000 0.785000 0.785000
272000.000000 96.599998 0.003000
1.073000 0.050000 0.116600
0.129355 0.065257 0.000333 0.000000
0.000000

0.000000 0.147157 2.539996
0.456043 0.185868 9.909221 53.481758 204.237137
0.000000 0.000000 0.010898 0.000000 0.000000 0.000000
0.000000 0.000000 0.000000
2.005052 1.000000 0.000000
764.299377 0.000000
0.000000 0.000000 0.000000 0.000000
0.000000 0.721656
8 0.020000 1.460000 0.001000
0.486000 0.396000 0.726000 0.501000 1.360000 6.610000 0.785000 0.785000
272000.000000 96.599998 0.003000
1.073000 0.050000 0.116600
0.129356 0.065254 0.000333 0.000000
0.000000

0.000000 0.142077 2.536957
0.455016 0.186910 9.910730 53.481888 204.236633
0.000000 0.000000 0.011011 0.000000 0.000000 0.000000
0.000000 0.000000 0.000000
2.036954 1.000000 0.000000
764.299377 0.000000
0.000000 0.000000 0.000000 0.000000
0.000000 0.716610
8 0.020000 1.480000 0.001000
0.486000 0.396000 0.726000 0.501000 1.360000 6.610000 0.785000 0.785000
272000.000000 96.599998 0.003000
1.073000 0.050000 0.116600
0.129358 0.065252 0.000333 0.000000
0.000000

0.000000 0.137455 2.534057
0.454008 0.187927 9.911363 53.482185 204.236618
0.000000 0.000000 0.011051 0.000000 0.000000 0.000000
0.000000 0.000000 0.000000
2.068292 1.000000 0.000000
764.299377 0.000000
0.000000 0.000000 0.000000 0.000000
0.000000 0.712306
8 0.020000 1.500000 0.001000
0.486000 0.396000 0.726000 0.501000 1.360000 6.610000 0.785000 0.785000
272000.000000 96.599998 0.003000
1.073000 0.050000 0.116600
0.129358 0.065252 0.000333 0.000000
0.000000

0.000000 0.133250 2.531317
0.453017 0.188920 9.911156 53.482719 204.236374
0.000000 0.000000 0.011164 0.000000 0.000000 0.000000
0.000000 0.000000 0.000000
2.099072 1.000000 0.000000
764.299377 0.000000
0.000000 0.000000 0.000000 0.000000
0.000000 0.707172
8 0.020000 1.520000 0.001000
0.486000 0.396000 0.726000 0.501000 1.360000 6.610000 0.785000 0.785000
272000.000000 96.599998 0.003000
1.073000 0.050000 0.116600
0.129358 0.065246 0.000333 0.000000
0.000000

0.000000 0.129460 2.528907
0.452050 0.189893 9.911455 53.482960 204.236435
0.000000 0.000000 0.011228 0.000000 0.000000 0.000000
0.000000 0.000000 0.000000
2.129301 1.000000 0.000000
764.299377 0.000000
0.000000 0.000000 0.000000 0.000000
0.000000 0.700176
8 0.020000 1.540000 0.001000
0.486000 0.396000 0.726000 0.501000 1.360000 6.610000 0.785000 0.785000
272000.000000 96.599998 0.003000
1.073000 0.050000 0.116600
0.129359 0.065243 0.000333 0.000000
0.000000

0.000000 0.112061 2.517781
0.451092 0.190842 9.911611 53.483150 204.236404
0.000000 0.000033 0.057133 0.000000 0.000000 0.000000
0.000000 0.000000 0.000000
2.158985 1.000000 0.000000
764.299377 0.000000
0.000000 0.000000 0.000000 0.000000
0.000000 0.694009
8 0.020000 1.560000 0.001000
0.486000 0.396000 0.726000 0.501000 1.360000 6.610000 0.785000 0.785000
272000.000000 96.599998 0.003000
1.073000 0.050000 0.116600
0.129359 0.065240 0.000333 0.000000
0.000000

0.000000 0.110286 2.516725
0.450169 0.191774 9.911936 53.483448 204.236435
0.000000 0.000087 0.057688 0.000000 0.000000 0.000000
0.000000 0.000000 0.000000
2.188131 1.000000 0.000000
764.299377 0.000000
0.000000 0.000000 0.000000 0.000000
0.000000 0.687483
8 0.020000 1.580000 0.001000
0.486000 0.396000 0.726000 0.501000 1.360000 6.610000 0.785000 0.785000
272000.000000 96.599998 0.003000
1.073000 0.050000 0.116600
0.129359 0.065236 0.000333 0.000000
0.000000

0.000000 0.108669 2.515734
0.449263 0.192686 9.911878 53.484055 204.235962
0.000000 0.000143 0.058170 0.000000 0.000000 0.000000
0.000000 0.000000 0.000000
2.216744 1.000000 0.000000
764.299377 0.000000
0.000000 0.000000 0.000000 0.000000
0.000000 0.680583
8 0.020000 1.600000 0.001000
0.486000 0.396000 0.726000 0.501000 1.360000 6.610000 0.785000 0.785000
272000.000000 96.599998 0.003000
1.073000 0.050000 0.116600
0.129359 0.065234 0.000333 0.000000
0.000000

0.000000 0.107222 2.515023
0.448383 0.193581 9.912473 53.484715 204.235809
0.000000 0.000183 0.058507 0.000000 0.000000 0.000000
0.000000 0.000000 0.000000
2.244834 1.000000 0.000000
764.299377 0.000000
0.000000 0.000000 0.000000 0.000000
0.000000 1.317925
8 0.020000 1.620000 0.001000
0.486000 0.396000 0.726000 0.501000 1.360000 6.610000 0.785000 0.785000
272000.000000 96.599998 0.003000
1.073000 0.050000 0.116600
0.129360 0.065764 0.000336 0.000000
0.000000

0.000000 0.105903 2.514294
0.447520 0.194456 9.912632 53.485531 204.236267
0.000000 0.000205 0.058728 0.000000 0.000000 0.000000
0.000000 0.000000 0.000000
2.272405 1.000000 0.000000
764.299377 0.000000
0.000000 0.000000 0.000000 0.000000
0.000000 0.787276
8 0.020000 1.640000 0.001000
0.486000 0.396000 0.726000 0.501000 1.360000 6.610000 0.785000 0.785000
272000.000000 96.599998 0.003000
1.073000 0.050000 0.116600
0.129361 0.065286 0.000333 0.000000
0.000000

0.000000 0.104719 2.513789
0.446679 0.195314 9.913209 53.486446 204.235779
0.000000 0.000213 0.058938 0.000000 0.000000 0.000000
0.000000 0.000000 0.000000
2.299466 1.000000 0.000000
764.299377 0.000000
0.000000 0.000000 0.000000 0.000000
0.000000 0.778151
8 0.020000 1.660000 0.001000
0.486000 0.396000 0.726000 0.501000 1.360000 6.610000 0.785000 0.785000
272000.000000 96.599998 0.003000
1.073000 0.050000 0.116600
0.129361 0.065280 0.000333 0.000000
0.000000

0.000000 0.096257 2.508219
0.445844 0.196149 9.913277 53.486874 204.235703
0.000000 0.000223 0.060772 0.000000 0.000000 0.000000
0.000000 0.000000 0.000000
2.326022 1.000000 0.000000
764.299377 0.000000
0.000000 0.000000 0.000000 0.000000
0.000000 0.793050
8 0.020000 1.680000 0.001000
0.486000 0.396000 0.726000 0.501000 1.360000 6.610000 0.785000 0.785000
272000.000000 96.599998 0.003000
1.073000 0.050000 0.116600
0.129362 0.065290 0.000333 0.000000
0.000000

0.000000 0.095991 2.511521
0.445140 0.197016 9.916071 53.499851 204.232147
0.000000 0.000225 0.061108 0.000000 0.000000 0.000000
0.000000 0.000000 0.000000
2.352081 1.000000 0.000000
764.299377 0.000000
0.000000 0.000000 0.000000 0.000000
0.000000 0.780482
8 0.020000 1.700000 0.001000
0.486000 0.396000 0.726000 0.501000 1.360000 6.610000 0.785000 0.785000
272000.000000 96.599998 0.003000
1.073000 0.050000 0.116600
0.129371 0.065277 0.000333 0.000000
0.000000

0.000000 0.095749 2.512178
0.444370 0.197828 9.916991 53.502834 204.231384
0.000000 0.000221 0.060669 0.000000 0.000000 0.000000
0.000000 0.000000 0.000000
2.377650 1.000000 0.000000
764.299377 0.000000
0.000000 0.000000 0.000000 0.000000
0.000000 0.778875
8 0.020000 1.720000 0.001000
0.486000 0.396000 0.726000 0.501000 1.360000 6.610000 0.785000 0.785000
272000.000000 96.599998 0.003000
1.073000 0.050000 0.116600
0.129373 0.065276 0.000333 0.000000
0.000000

0.000000 0.095539 2.512729
0.443611 0.198622 9.917951 53.505104 204.231155
0.000000 0.000217 0.060429 0.000000 0.000000 0.000000
0.000000 0.000000 0.000000
2.402735 1.000000 0.000000
764.299377 0.000000
0.000000 0.000000 0.000000 0.000000
0.000000 0.769206
8 0.020000 1.740000 0.001000
0.486000 0.396000 0.726000 0.501000 1.360000 6.610000 0.785000 0.785000
272000.000000 96.599998 0.003000
1.073000 0.050000 0.116600
0.129374 0.065268 0.000333 0.000000
0.000000

0.000000 0.095356 2.513939
0.442890 0.199409 9.919750 53.509548 204.229660
0.000000 0.000214 0.060382 0.000000 0.000000 0.000000
0.000000 0.000000 0.000000
2.427343 1.000000 0.000000
764.299377 0.000000
0.000000 0.000000 0.000000 0.000000
0.000000 0.782175
8 0.020000 1.760000 0.001000
0.486000 0.396000 0.726000 0.501000 1.360000 6.610000 0.785000 0.785000
272000.000000 96.599998 0.003000
1.073000 0.050000 0.116600
0.129378 0.065275 0.000333 0.000000
0.000000

0.000000 0.095184 2.514890
0.442177 0.200175 9.920968 53.513233 204.228882
0.000000 0.000213 0.060271 0.000000 0.000000 0.000000
0.000000 0.000000 0.000000
2.451479 1.000000 0.000000
764.299377 0.000000
0.000000 0.000000 0.000000 0.000000
0.000000 0.772769
8 0.020000 1.780000 0.001000
0.486000 0.396000 0.726000 0.501000 1.360000 6.610000 0.785000 0.785000
272000.000000 96.599998 0.003000
1.073000 0.050000 0.116600
0.129380 0.065269 0.000333 0.000000
0.000000

0.000000 0.095023 2.515971
0.441483 0.200927 9.921934 53.517742 204.228577
0.000000 0.000210 0.060097 0.000000 0.000000 0.000000
0.000000 0.000000 0.000000
2.475150 1.000000 0.000000
764.299377 0.000000
0.000000 0.000000 0.000000 0.000000
0.000000 0.770584
8 0.020000 1.800000 0.001000
0.486000 0.396000 0.726000 0.501000 1.360000 6.610000 0.785000 0.785000
272000.000000 96.599998 0.003000
1.073000 0.050000 0.116600
0.129383 0.065266 0.000333 0.000000
0.000000

0.000000 0.093391 2.515889
0.440798 0.201662 9.922945 53.521561 204.228134
0.000000 0.000423 0.096281 0.000000 0.000000 0.000000
0.000000 0.000000 0.000000
2.498363 1.000000 0.000000
764.299377 0.000000
0.000000 0.000000 0.000000 0.000000
0.000000 0.768378
8 0.020000 1.820000 0.001000
0.486000 0.396000 0.726000 0.501000 1.360000 6.610000 0.785000 0.785000
272000.000000 96.599998 0.003000
1.073000 0.050000 0.116600
0.129385 0.065264 0.000333 0.000000
0.000000

0.000000 0.093417 2.516623
0.440119 0.202376 9.924209 53.523594 204.228012
0.000000 0.000571 0.097565 0.000000 0.000000 0.000000
0.000000 0.000000 0.000000
2.521121 1.000000 0.000000
764.299377 0.000000
0.000000 0.000000 0.000000 0.000000
0.000000 0.766701
8 0.020000 1.840000 0.001000
0.486000 0.396000 0.726000 0.501000 1.360000 6.610000 0.785000 0.785000
272000.000000 96.599998 0.003000
1.073000 0.050000 0.116600
0.129388 0.065262 0.000333 0.000000
0.000000

0.000000 0.093443 2.517325
0.439455 0.203076 9.925479 53.525597 204.227219
0.000000 0.000710 0.097941 0.000000 0.000000 0.000000
0.000000 0.000000 0.000000
2.543432 1.000000 0.000000
764.299377 0.000000
0.000000 0.000000 0.000000 0.000000
0.000000 0.765082
8 0.020000 1.860000 0.001000
0.486000 0.396000 0.726000 0.501000 1.360000 6.610000 0.785000 0.785000
272000.000000 96.599998 0.003000
1.073000 0.050000 0.116600
0.129389 0.065261 0.000333 0.000000
0.000000

0.000000 0.093469 2.518004
0.438804 0.203761 9.926679 53.527378 204.226669
0.000000 0.000826 0.100192 0.000000 0.000000 0.000000
0.000000 0.000000 0.000000
2.565300 1.000000 0.000000
764.299377 0.000000
0.000000 0.000000 0.000000 0.000000
0.000000 0.763531
8 0.020000 1.880000 0.001000
0.486000 0.396000 0.726000 0.501000 1.360000 6.610000 0.785000 0.785000
272000.000000 96.599998 0.003000
1.073000 0.050000 0.116600
0.129391 0.065260 0.000333 0.000000
0.000000

0.000000 0.093494 2.518617
0.438165 0.204430 9.927853 53.528984 204.226303
0.000000 0.000867 0.098683 0.000000 0.000000 0.000000
0.000000 0.000000 0.000000
2.586732 1.000000 0.000000
764.299377 0.000000
0.000000 0.000000 0.000000 0.000000
0.000000 0.762168
8 0.020000 1.900000 0.001000
0.486000 0.396000 0.726000 0.501000 1.360000 6.610000 0.785000 0.785000
272000.000000 96.599998 0.003000
1.073000 0.050000 0.116600
0.129392 0.065258 0.000333 0.000000
0.000000

0.000000 0.093518 2.519323
0.437544 0.205087 9.929099 53.531055 204.225525
0.000000 0.000880 0.098956 0.000000 0.000000 0.000000
0.000000 0.000000 0.000000
2.607731 1.000000 0.000000
764.299377 0.000000
0.000000 0.000000 0.000000 0.000000
0.000000 0.760610
8 0.020000 1.920000 0.001000
0.486000 0.396000 0.726000 0.501000 1.360000 6.610000 0.785000 0.785000
272000.000000 96.599998 0.003000
1.073000 0.050000 0.116600
0.129394 0.065256 0.000333 0.000000
0.000000

0.000000 0.093544 2.520605
0.436954 0.205738 9.930700 53.535252 204.224869
0.000000 0.000875 0.099376 0.000000 0.000000 0.000000
0.000000 0.000000 0.000000
2.628302 1.000000 0.000000
764.299377 0.000000
0.000000 0.000000 0.000000 0.000000
0.000000 0.758194
8 0.020000 1.940000 0.001000
0.486000 0.396000 0.726000 0.501000 1.360000 6.610000 0.785000 0.785000
272000.000000 96.599998 0.003000
1.073000 0.050000 0.116600
0.129397 0.065254 0.000333 0.000000
0.000000

0.000000 0.093569 2.523167
0.436416 0.206394 9.933240 53.544197 204.223938
0.000000 0.000989 0.112862 0.000000 0.000000 0.000000
0.000000 0.000000 0.000000
2.648449 1.000000 0.000000
764.299377 0.000000
0.000000 0.000000 0.000000 0.000000
0.000000 0.753621
8 0.020000 1.960000 0.001000
0.486000 0.396000 0.726000 0.501000 1.360000 6.610000 0.785000 0.785000
272000.000000 96.599998 0.003000
1.073000 0.050000 0.116600
0.129403 0.065249 0.000333 0.000000
0.000000

0.000000 0.093594 2.536292
0.436221 0.207194 9.943209 53.593468 204.218826
0.000000 0.001074 0.116123 0.000000 0.000000 0.000000
0.000000 0.000000 0.000000
2.668177 1.000000 0.000000
764.299377 0.000000
0.000000 0.000000 0.000000 0.000000
0.000000 0.730808
8 0.020000 1.980000 0.001000
0.486000 0.396000 0.726000 0.501000 1.360000 6.610000 0.785000 0.785000
272000.000000 96.599998 0.003000
1.073000 0.050000 0.116600
0.129433 0.065216 0.000333 0.000000
0.000000

0.000000 0.093619 2.559562
0.436358 0.208134 9.960458 53.681946 204.209976
0.000000 0.002764 0.093443 0.000000 0.000000 0.000000
0.000000 0.000000 0.000000
2.687490 1.000000 0.000000
764.299377 0.000000
0.000000 0.000000 0.000000 0.000000
0.000000 0.684530
8 0.020000 2.000000 0.001000
0.486000 0.396000 0.726000 0.501000 1.360000 6.610000 0.785000 0.785000
272000.000000 96.599998 0.003000
1.073000 0.050000 0.116600
0.129489 0.065203 0.000333 0.000000
0.000000
1.000000
2.000000
0.000000 0.000000
0.000000
0
-0.700000
0 0
0.000000
1
0.000000
1.000000
1.000000
1.000000
0.000000 0.000000 0.000000
0.000000 0.000000
0.000000 0.000000 0.000000 0.000000 0.000000 0.000000 0.000000
0.000000 0.000000 0.000000 0.000000 0.000000 0.000000 0.000000
0
2.000000
1
C:\DNDC\sites\Ottawa\CEFSoilc.spf
-1.000000 -1.000000
0.000000
35
35
10.000000
105
0.000000
0.000000
264
0.000000
27382.509766
1
