7
Clay_loam
0.314000 0.490000 0.006410 0.726000 0.398000 1.000000 0.000000 0.000000
1.350000 6.610000 1 0.031000 0.500000 0.050000 0.010000 0.240000 0.750000
0.000000 0.020000 2.000000 270000.000000 96.599998 100
0.233300 1.944000 3.025300 0.000000 1
10.000000 10.000000 10.000000 5.000000 25.000000 100.000000
0.000000 0.000000 0.006354 0.000000 0.000000 0.000000
500.000000 0.000000 0.000000

0.000000 16.367273 477.721008
12.002529 1.624917 144.852982 1232.246948 5699.695801
0.000000 3.760942 0.549835 1.010348 0.000000 0.000000
0.000077 0.006495 0.004501
-1.040345 0.160873 52.768600
764.299377 0.000000
0.438628 0.000000 0.000000 0.000000
0.000000 12.894760
7 0.020000 0.020000 0.031000
0.490000 0.314000 0.726000 0.398000 1.350000 6.610000 0.726000 0.726000
270000.000000 96.599998 0.006410
1.073000 0.050000 0.116600
19.066113 7.528494 0.006628 0.000000
0.000000

0.000000 16.362127 477.834167
12.081710 1.590799 144.879517 1232.279297 5699.670898
0.000000 0.689571 0.509571 0.505174 0.000000 0.000000
0.000076 0.006183 0.000090
-0.901115 0.172492 53.146828
764.299377 0.000000
0.379577 0.000000 0.000000 0.000000
0.000000 7.688156
7 0.020000 0.040000 0.031000
0.490000 0.314000 0.726000 0.398000 1.350000 6.610000 0.726000 0.726000
270000.000000 96.599998 0.006410
1.073000 0.050000 0.116600
19.066225 7.515001 0.007098 0.000000
0.000000

0.000000 16.493650 478.042511
12.149248 1.561135 145.352509 1232.171021 5699.484863
0.000000 1.124859 0.544297 0.252587 0.000000 0.000000
0.000062 0.004542 0.000078
-0.802861 0.182331 52.827599
764.299377 0.000000
0.338115 0.000000 0.000000 0.000000
0.000000 10.400070
7 0.020000 0.060000 0.031000
0.490000 0.314000 0.726000 0.398000 1.350000 6.610000 0.726000 0.726000
270000.000000 96.599998 0.006410
1.073000 0.050000 0.116600
19.068708 7.528671 0.007523 0.000000
0.000000

0.000000 16.579138 478.245972
12.216271 1.532707 145.631149 1232.109497 5699.375488
0.000000 1.251810 0.589240 0.126294 0.000000 0.000000
0.000045 0.000109 0.000000
-0.705288 0.193877 51.963314
764.299377 0.000000
0.296978 0.000000 0.000000 0.000000
0.000000 10.387788
7 0.020000 0.080000 0.031000
0.490000 0.314000 0.726000 0.398000 1.350000 6.610000 0.726000 0.726000
270000.000000 96.599998 0.006410
1.073000 0.050000 0.116600
19.070166 7.525255 0.008004 0.000000
0.000000

0.000000 16.497715 478.113647
12.408337 1.633094 145.492279 1232.167603 5699.429688
0.000000 1.361366 0.597371 0.063147 0.000000 0.000000
0.000044 0.000808 0.000015
-0.607810 0.207721 50.716091
764.299377 0.000000
0.000000 0.000000 0.000000 0.000000
0.000000 10.486558
7 0.020000 0.100000 0.025000
0.490000 0.314000 0.726000 0.398000 1.350000 6.610000 0.726000 0.726000
270000.000000 96.599998 0.006410
1.073000 0.050000 0.116600
19.069412 7.527808 0.008592 0.000000
0.000000

0.000000 20.004936 485.658875
12.450373 1.585953 155.361801 1230.096069 5695.689941
0.000000 1.060089 0.417745 0.031573 0.000000 0.000000
0.000039 0.000566 0.000012
-0.509439 0.224766 49.091713
764.299377 0.000000
0.000000 0.000000 0.000000 0.000000
0.000000 6.278909
7 0.020000 0.120000 0.025000
0.490000 0.314000 0.726000 0.398000 1.350000 6.610000 0.726000 0.726000
270000.000000 96.599998 0.006410
1.073000 0.050000 0.116600
19.119402 7.474652 0.009248 0.000000
0.000000

0.000000 20.026497 486.177612
12.495918 1.540473 155.468552 1230.041992 5695.649902
0.000000 0.593225 0.392780 0.015787 0.000000 0.000000
0.000004 0.000364 0.000007
-0.407894 0.246497 46.988346
764.299377 0.000000
0.000000 0.000000 0.000000 0.000000
0.000000 3.074945
7 0.020000 0.140000 0.025000
0.490000 0.314000 0.726000 0.398000 1.350000 6.610000 0.726000 0.726000
270000.000000 96.599998 0.006410
1.073000 0.050000 0.116600
19.119938 7.461639 0.010165 0.000000
0.000000

0.000000 21.000065 486.243805
12.524506 1.492773 155.468292 1229.695679 5695.632812
0.000000 0.269496 0.347867 0.007893 0.000000 0.000000
0.000002 0.000185 0.000004
-0.310748 0.273956 60.518284
764.299377 0.000000
0.000000 0.000000 0.000000 0.000000
0.000000 1.372268
7 0.020000 0.160000 0.025000
0.490000 0.314000 0.726000 0.398000 1.350000 6.610000 0.726000 0.726000
270000.000000 96.599998 0.006410
1.073000 0.050000 0.116600
19.120136 7.438973 0.011352 0.000000
0.000000

0.000000 21.020653 486.338654
12.557235 1.451889 155.517960 1229.669189 5695.612793
0.000000 0.168038 0.307361 0.003947 0.000000 0.000000
0.000002 0.000111 0.000002
-0.193879 0.309160 67.702324
764.299377 0.000000
0.000000 0.000000 0.000000 0.000000
0.000000 0.821587
7 0.020000 0.180000 0.020000
0.490000 0.314000 0.726000 0.398000 1.350000 6.610000 0.726000 0.726000
270000.000000 96.599998 0.006410
1.073000 0.050000 0.116600
19.120390 7.402300 0.013011 0.000000
0.000000

0.000000 21.030722 486.372772
12.596061 1.419283 155.541550 1229.651978 5695.600098
0.000000 0.633163 0.460667 0.001973 0.000000 0.000000
0.000002 0.000262 0.000005
-0.075610 0.359684 62.750996
764.299377 0.000000
0.000000 0.000000 0.000000 0.000000
0.000000 2.896369
7 0.020000 0.200000 0.020000
0.490000 0.314000 0.726000 0.398000 1.350000 6.610000 0.726000 0.726000
270000.000000 96.599998 0.006410
1.073000 0.050000 0.116600
19.120518 7.508573 0.015609 0.000000
0.000000

0.000000 21.491463 486.901947
12.602353 1.428608 156.686035 1229.427368 5695.183105
0.000000 1.397724 0.558319 0.000987 0.000000 0.000000
0.000001 0.000349 0.000007
-0.020407 0.445155 54.374821
764.299377 0.000000
0.000000 0.000000 0.000000 0.000000
0.000000 5.688782
7 0.020000 0.220000 0.020000
0.490000 0.314000 0.726000 0.398000 1.350000 6.610000 0.726000 0.726000
270000.000000 96.599998 0.006410
1.073000 0.050000 0.116600
19.126087 7.496191 0.018904 0.000000
0.000000

0.000010 29.794207 292.168030
8.576687 0.988827 134.875122 808.548157 4107.541992
0.000000 1.221284 0.443899 0.000493 0.000000 0.000000
0.000001 0.000292 0.000006
0.009637 0.644345 34.854225
764.299377 0.000000
0.000000 0.000000 0.000000 0.000000
0.000000 5.337908
7 0.020000 0.240000 0.020000
0.490000 0.314000 0.726000 0.398000 1.350000 6.610000 0.726000 0.726000
270000.000000 96.599998 0.006410
1.073000 0.050000 0.116600
2.283615 4.975332 0.017319 0.000000
0.000000

0.000009 27.115515 264.956421
8.439674 0.989654 133.361771 797.763123 4106.926758
0.000000 1.125847 0.425412 0.000247 0.000000 0.000000
0.000001 0.000140 0.000115
0.005039 1.000000 0.000000
764.299377 0.000000
0.000000 0.000000 0.000000 0.000000
0.000000 5.852551
7 0.020000 0.260000 0.020000
0.490000 0.314000 0.726000 0.398000 1.350000 6.610000 0.726000 0.726000
270000.000000 96.599998 0.006410
1.073000 0.050000 0.116600
2.285970 2.572139 0.013521 0.000000
0.000000

0.000040 29.013180 264.422302
8.037253 0.966764 128.922089 759.905396 3693.033447
0.000000 2.796886 0.508547 0.000123 0.000000 0.000000
0.000001 0.000173 0.000141
0.074792 0.992857 0.000000
764.299377 0.000000
0.000000 0.000000 0.000000 0.000000
0.000000 22.187944
7 0.020000 0.280000 0.018000
0.490000 0.314000 0.726000 0.398000 1.350000 6.610000 0.726000 0.726000
270000.000000 96.599998 0.000070
1.073000 0.050000 0.116600
2.096558 3.323718 0.017417 0.000000
0.000000

0.000058 27.873989 246.940323
8.039395 0.990867 130.004196 761.613770 3691.161377
0.000000 1.108694 0.391162 0.000062 0.000000 0.000000
0.000001 0.000109 0.000090
0.143444 0.996041 0.000000
764.299377 0.000000
0.000000 0.000000 0.000000 0.000000
0.000000 11.171790
7 0.020000 0.300000 0.018000
0.490000 0.314000 0.726000 0.398000 1.350000 6.610000 0.726000 0.726000
270000.000000 96.599998 0.000070
1.073000 0.050000 0.116600
2.108003 1.713907 0.008933 0.000000
0.000000

0.000053 25.260483 223.747498
7.908499 0.997712 128.239716 751.319641 3690.759277
0.000000 0.297167 0.301572 0.000031 0.000000 0.000000
0.000000 0.000043 0.000035
0.210873 0.997666 0.000000
764.299377 0.000000
0.000000 0.000000 0.000000 0.000000
0.000000 7.280989
7 0.020000 0.320000 0.018000
0.490000 0.314000 0.726000 0.398000 1.350000 6.610000 0.726000 0.726000
270000.000000 96.599998 0.000070
1.073000 0.050000 0.116600
2.107270 1.422508 0.007414 0.000000
0.000000

0.000070 24.154566 208.204773
7.229298 0.932706 119.168861 686.903076 3223.394043
0.000000 0.062563 0.198261 0.000015 0.000000 0.000000
0.000000 0.000010 0.000008
0.277440 0.994610 0.000000
764.299377 0.000000
0.000000 0.000000 0.000000 0.000000
0.000000 5.952050
8 0.020000 0.340000 0.015500
0.483000 0.377000 0.726000 0.484000 1.370000 6.610000 0.770000 0.770000
274000.000000 96.599998 0.000070
1.073000 0.050000 0.116600
1.864506 1.230665 0.006205 0.000000
0.000000

0.000062 21.838203 188.661392
7.124630 0.939332 117.730370 678.720215 3223.197754
0.000000 0.018238 0.170924 0.000008 0.000000 0.000000
0.000000 0.000003 0.000002
0.343265 0.990336 0.000000
764.299377 0.000000
0.000000 0.000000 0.000000 0.000000
0.000000 5.491826
8 0.020000 0.360000 0.015500
0.483000 0.377000 0.726000 0.484000 1.370000 6.610000 0.770000 0.770000
274000.000000 96.599998 0.000070
1.073000 0.050000 0.116600
1.863997 1.177218 0.005908 0.000000
0.000000

0.000056 19.759295 170.940491
7.027110 0.946039 116.445389 671.069763 3223.110596
0.000000 0.011358 0.168785 0.000004 0.000000 0.000000
0.000000 0.000002 0.000001
0.408193 0.984295 0.000000
764.299377 0.000000
0.000000 0.000000 0.000000 0.000000
0.000000 5.302427
8 0.020000 0.380000 0.015500
0.483000 0.377000 0.726000 0.484000 1.370000 6.610000 0.770000 0.770000
274000.000000 96.599998 0.000070
1.073000 0.050000 0.116600
1.863375 1.164670 0.005809 0.000000
0.000000

0.000050 17.873018 154.996109
6.935847 0.952803 115.254684 663.965637 3222.998779
0.000000 0.010660 0.174797 0.000002 0.000000 0.000000
0.000000 0.000001 0.000001
0.472270 0.979293 0.000000
764.299377 0.000000
0.000000 0.000000 0.000000 0.000000
0.000000 5.220706
8 0.020000 0.400000 0.015500
0.483000 0.377000 0.726000 0.484000 1.370000 6.610000 0.770000 0.770000
274000.000000 96.599998 0.000070
1.073000 0.050000 0.116600
1.862715 1.162686 0.005770 0.000000
0.000000

0.000046 16.192448 140.862503
6.858628 0.960778 114.298645 658.171509 3222.927979
0.000000 0.010587 0.182346 0.000001 0.000000 0.000000
0.000000 0.000001 0.000001
0.535465 0.977479 0.000000
764.299377 0.000000
0.000000 0.000000 0.000000 0.000000
0.000000 5.174461
8 0.020000 0.420000 0.015500
0.483000 0.377000 0.726000 0.484000 1.370000 6.610000 0.770000 0.770000
274000.000000 96.599998 0.000070
1.073000 0.050000 0.116600
1.862641 1.162095 0.005756 0.000000
0.000000

0.000042 14.685282 128.135391
6.787222 0.968900 113.456337 652.879883 3222.916016
0.000000 0.010911 0.188652 0.000000 0.000000 0.000000
0.000000 0.000001 0.000001
0.597711 0.978792 0.000000
764.299377 0.000000
0.000000 0.000000 0.000000 0.000000
0.000000 5.143535
8 0.020000 0.440000 0.015500
0.483000 0.377000 0.726000 0.484000 1.370000 6.610000 0.770000 0.770000
274000.000000 96.599998 0.000070
1.073000 0.050000 0.116600
1.862569 1.162575 0.005766 0.000000
0.000000

0.000039 13.325629 116.677750
6.724787 0.977676 112.748749 648.412598 3222.880127
0.000000 0.011184 0.194430 0.000000 0.000000 0.000000
0.000000 0.000001 0.000001
0.658966 0.981913 0.000000
764.299377 0.000000
0.000000 0.000000 0.000000 0.000000
0.000000 5.118806
8 0.020000 0.460000 0.015500
0.483000 0.377000 0.726000 0.484000 1.370000 6.610000 0.770000 0.770000
274000.000000 96.599998 0.000070
1.073000 0.050000 0.116600
1.862748 1.159936 0.005771 0.000000
0.000000

0.000035 12.083217 106.244919
6.666893 0.986534 112.103210 644.332397 3222.856934
0.000000 0.011196 0.200451 0.000000 0.000000 0.000000
0.000000 0.000001 0.000001
0.719230 0.985488 0.000000
764.299377 0.000000
0.000000 0.000000 0.000000 0.000000
0.000000 5.098051
8 0.020000 0.480000 0.015500
0.483000 0.377000 0.726000 0.484000 1.370000 6.610000 0.770000 0.770000
274000.000000 96.599998 0.000070
1.073000 0.050000 0.116600
1.862870 1.159301 0.005789 0.000000
0.000000

0.000032 10.955144 96.821991
6.616440 0.995963 111.554199 640.931274 3222.884033
0.000000 0.011120 0.205768 0.000000 0.000000 0.000000
0.000000 0.000001 0.000001
0.778534 0.988626 0.000000
764.299377 0.000000
0.000000 0.000000 0.000000 0.000000
0.000000 5.079064
8 0.020000 0.500000 0.015500
0.483000 0.377000 0.726000 0.484000 1.370000 6.610000 0.770000 0.770000
274000.000000 96.599998 0.000070
1.073000 0.050000 0.116600
1.863196 1.158689 0.005805 0.000000
0.000000

0.000030 9.945674 88.347733
6.571898 1.005809 111.121269 638.020569 3222.894043
0.000000 0.011086 0.211247 0.000000 0.000000 0.000000
0.000000 0.000001 0.000001
0.836930 0.990871 0.000000
764.299377 0.000000
0.000000 0.000000 0.000000 0.000000
0.000000 5.060622
8 0.020000 0.520000 0.015500
0.483000 0.377000 0.726000 0.484000 1.370000 6.610000 0.770000 0.770000
274000.000000 96.599998 0.000070
1.073000 0.050000 0.116600
1.863620 1.158071 0.005815 0.000000
0.000000

0.000003 7.019635 67.710777
3.293025 0.512497 54.555668 320.626129 1667.354126
0.000000 0.011535 0.141297 0.000000 0.000000 0.000000
0.000000 0.000001 0.000000
0.897918 0.770000 0.000000
764.299377 0.000000
0.000000 0.000000 0.000000 0.000000
0.000000 4.625072
8 0.020000 0.540000 0.008000
0.483000 0.377000 0.726000 0.484000 1.370000 6.610000 0.770000 0.770000
274000.000000 96.599998 0.002410
1.073000 0.050000 0.116600
0.942808 0.759697 0.002958 0.000000
0.000000

0.000003 6.418740 61.884506
3.266818 0.517486 54.326809 318.853638 1667.153320
0.000000 0.008009 0.135905 0.000000 0.000000 0.000000
0.000000 0.000000 0.000000
0.962053 0.770000 0.000000
764.299377 0.000000
0.000000 0.000000 0.000000 0.000000
0.000000 4.291101
8 0.020000 0.560000 0.008000
0.483000 0.377000 0.726000 0.484000 1.370000 6.610000 0.770000 0.770000
274000.000000 96.599998 0.002410
1.073000 0.050000 0.116600
0.943894 0.649829 0.002529 0.000000
0.000000

0.000003 5.884906 56.712002
3.247339 0.523337 54.189392 317.729858 1666.925293
0.000000 0.006113 0.134481 0.000000 0.000000 0.000000
0.000000 0.000000 0.000000
1.025505 0.770000 0.000000
764.299377 0.000000
0.000000 0.000000 0.000000 0.000000
0.000000 4.129324
8 0.020000 0.580000 0.008000
0.483000 0.377000 0.726000 0.484000 1.370000 6.610000 0.770000 0.770000
274000.000000 96.599998 0.002410
1.073000 0.050000 0.116600
0.945258 0.629125 0.002448 0.000000
0.000000

0.000003 5.415186 52.087021
3.233239 0.529888 54.143482 317.105927 1666.676514
0.000000 0.008089 0.144973 0.000000 0.000000 0.000000
0.000000 0.000000 0.000000
1.088302 0.770000 0.000000
764.299377 0.000000
0.000000 0.000000 0.000000 0.000000
0.000000 4.057370
8 0.020000 0.600000 0.008000
0.483000 0.377000 0.726000 0.484000 1.370000 6.610000 0.770000 0.770000
274000.000000 96.599998 0.002410
1.073000 0.050000 0.116600
0.946813 0.625702 0.002434 0.000000
0.000000

0.000004 5.021144 47.966591
3.222041 0.536775 54.189766 316.700348 1666.467896
0.000000 0.080668 0.169068 0.000000 0.000000 0.000000
0.000000 0.000002 0.000002
1.150470 0.770000 0.000000
764.299377 0.000000
0.000000 0.000000 0.000000 0.000000
0.000000 4.200119
8 0.020000 0.620000 0.008000
0.483000 0.377000 0.726000 0.484000 1.370000 6.610000 0.770000 0.770000
274000.000000 96.599998 0.002410
1.073000 0.050000 0.116600
0.948405 0.621218 0.002417 0.000000
0.000000

0.000004 4.666958 44.253010
3.211171 0.543239 54.296700 316.709869 1666.235474
0.000000 0.041114 0.176592 0.000000 0.000000 0.000000
0.000000 0.000001 0.000001
1.208881 0.957177 0.000000
764.299377 0.000000
0.000000 0.000000 0.000000 0.000000
0.000000 4.218597
8 0.020000 0.640000 0.008000
0.483000 0.377000 0.726000 0.484000 1.370000 6.610000 0.770000 0.770000
274000.000000 96.599998 0.002410
1.073000 0.050000 0.116600
0.950129 0.616316 0.002981 0.000000
0.000000

0.000005 4.334147 40.856174
3.206309 0.550075 54.436737 316.980621 1665.977539
0.000000 0.112264 0.199059 0.000000 0.000000 0.000000
0.000000 0.000003 0.000002
1.263245 1.000000 0.000000
764.299377 0.000000
0.000000 0.000000 0.000000 0.000000
0.000000 4.184795
8 0.020000 0.660000 0.008000
0.483000 0.377000 0.726000 0.484000 1.370000 6.610000 0.770000 0.770000
274000.000000 96.599998 0.002410
1.073000 0.050000 0.116600
0.951876 0.613288 0.003099 0.000000
0.000000

0.000005 4.008131 37.735554
3.207900 0.557828 54.649643 317.714569 1665.708008
0.000000 0.078352 0.238805 0.000000 0.000000 0.000000
0.000000 0.000002 0.000001
1.316434 1.000000 0.000000
764.299377 0.000000
0.000000 0.000000 0.000000 0.000000
0.000000 4.330322
8 0.020000 0.680000 0.008000
0.483000 0.377000 0.726000 0.484000 1.370000 6.610000 0.770000 0.770000
274000.000000 96.599998 0.002410
1.073000 0.050000 0.116600
0.953799 0.618585 0.003126 0.000000
0.000000

0.000006 3.739414 35.028305
3.215345 0.566553 55.021477 318.961761 1665.358032
0.000000 0.059058 0.227639 0.000000 0.000000 0.000000
0.000000 0.000001 0.000001
1.369034 1.000000 0.000000
764.299377 0.000000
0.000000 0.000000 0.000000 0.000000
0.000000 4.165980
8 0.020000 0.700000 0.008000
0.483000 0.377000 0.726000 0.484000 1.370000 6.610000 0.770000 0.770000
274000.000000 96.599998 0.002410
1.073000 0.050000 0.116600
0.956053 0.614730 0.003106 0.000000
0.000000

0.000008 3.382949 31.259363
3.229024 0.576364 55.473541 320.861084 1664.965210
0.000000 0.275237 0.320205 0.000000 0.000000 0.000000
0.000000 0.000004 0.000003
1.421065 1.000000 0.000000
764.299377 0.000000
0.000000 0.000000 0.000000 0.000000
0.000000 3.962538
8 0.020000 0.720000 0.008000
0.483000 0.377000 0.726000 0.484000 1.370000 6.610000 0.770000 0.770000
274000.000000 96.599998 0.002410
1.073000 0.050000 0.116600
0.958962 0.615942 0.003112 0.000000
0.000000

0.000012 3.264101 28.522589
2.090844 0.377923 36.194126 207.890457 1032.742798
0.000000 0.113997 0.192169 0.000000 0.000000 0.000000
0.000000 0.000002 0.000001
1.472465 1.000000 0.000000
764.299377 0.000000
0.000000 0.000000 0.000000 0.000000
0.000000 3.393352
8 0.020000 0.740000 0.005000
0.486000 0.396000 0.726000 0.501000 1.360000 6.610000 0.785000 0.785000
272000.000000 96.599998 0.003000
1.073000 0.050000 0.116600
0.599347 0.400108 0.002047 0.000000
0.000000

0.000014 3.061441 26.612722
2.101123 0.384501 36.514568 209.251846 1032.374268
0.000000 0.067695 0.178974 0.000000 0.000000 0.000000
0.000000 0.000001 0.000001
1.523254 1.000000 0.000000
764.299377 0.000000
0.000000 0.000000 0.000000 0.000000
0.000000 3.071595
8 0.020000 0.760000 0.005000
0.486000 0.396000 0.726000 0.501000 1.360000 6.610000 0.785000 0.785000
272000.000000 96.599998 0.003000
1.073000 0.050000 0.116600
0.601208 0.383892 0.001964 0.000000
0.000000

0.000018 2.903151 24.961864
2.114361 0.391635 36.967945 210.825363 1032.035522
0.000000 0.302651 0.249419 0.000000 0.000000 0.000000
0.000000 0.000003 0.000002
1.573524 1.000000 0.000000
764.299377 0.000000
0.000000 0.000000 0.000000 0.000000
0.000000 2.991275
8 0.020000 0.780000 0.005000
0.486000 0.396000 0.726000 0.501000 1.360000 6.610000 0.785000 0.785000
272000.000000 96.599998 0.003000
1.073000 0.050000 0.116600
0.603201 0.377750 0.001932 0.000000
0.000000

0.000023 2.740447 23.311346
2.128361 0.398932 37.457699 212.454315 1031.635742
0.000000 0.515404 0.280631 0.000000 0.000000 0.000000
0.000000 0.000004 0.000003
1.623287 1.000000 0.000000
764.299377 0.000000
0.000000 0.000000 0.000000 0.000000
0.000000 2.957841
8 0.020000 0.800000 0.005000
0.486000 0.396000 0.726000 0.501000 1.360000 6.610000 0.785000 0.785000
272000.000000 96.599998 0.003000
1.073000 0.050000 0.116600
0.605336 0.373884 0.001912 0.000000
0.000000

0.000000 2.360724 20.325750
2.141124 0.406023 37.879154 214.021240 1031.229980
0.000000 0.376947 0.286588 0.000000 0.000000 0.000000
0.000000 0.000003 0.000002
1.672556 1.000000 0.000000
764.299377 0.000000
0.000000 0.000000 0.000000 0.000000
0.000000 2.855594
8 0.020000 0.820000 0.005000
0.486000 0.396000 0.726000 0.501000 1.360000 6.610000 0.785000 0.785000
272000.000000 96.599998 0.003000
1.073000 0.050000 0.116600
0.607616 0.368723 0.001886 0.000000
0.000000

0.000000 2.231440 19.190067
2.159095 0.414128 38.485439 216.003098 1030.908081
0.000000 0.204390 0.265338 0.000000 0.000000 0.000000
0.000000 0.000001 0.000001
1.721342 1.000000 0.000000
764.299377 0.000000
0.000000 0.000000 0.000000 0.000000
0.000000 2.893930
8 0.020000 0.840000 0.005000
0.486000 0.396000 0.726000 0.501000 1.360000 6.610000 0.785000 0.785000
272000.000000 96.599998 0.003000
1.073000 0.050000 0.116600
0.609599 0.365340 0.001869 0.000000
0.000000

0.000000 2.086301 17.989887
2.171639 0.421221 39.008575 217.431732 1030.607300
0.000000 0.139715 0.252989 0.000000 0.000000 0.000000
0.000000 0.000001 0.000001
1.769655 1.000000 0.000000
764.299377 0.000000
0.000000 0.000000 0.000000 0.000000
0.000000 3.249263
8 0.020000 0.860000 0.005000
0.486000 0.396000 0.726000 0.501000 1.360000 6.610000 0.785000 0.785000
272000.000000 96.599998 0.003000
1.073000 0.050000 0.116600
0.611285 0.365387 0.001869 0.000000
0.000000

0.000000 1.991684 17.063709
2.184508 0.428395 39.654587 218.774399 1030.374146
0.000000 0.100355 0.234462 0.000000 0.000000 0.000000
0.000000 0.000001 0.000000
1.817503 1.000000 0.000000
764.299377 0.000000
0.000000 0.000000 0.000000 0.000000
0.000000 2.444807
8 0.020000 0.880000 0.005000
0.486000 0.396000 0.726000 0.501000 1.360000 6.610000 0.785000 0.785000
272000.000000 96.599998 0.003000
1.073000 0.050000 0.116600
0.612790 0.360223 0.001842 0.000000
0.000000

0.000000 1.887877 16.183704
2.195940 0.435303 40.197060 220.052460 1030.171387
0.000000 0.062652 0.208653 0.000000 0.000000 0.000000
0.000000 0.000000 0.000000
1.864897 1.000000 0.000000
764.299377 0.000000
0.000000 0.000000 0.000000 0.000000
0.000000 2.265618
8 0.020000 0.900000 0.005000
0.486000 0.396000 0.726000 0.501000 1.360000 6.610000 0.785000 0.785000
272000.000000 96.599998 0.003000
1.073000 0.050000 0.116600
0.614145 0.358780 0.001835 0.000000
0.000000

0.000000 1.693506 14.721231
2.205720 0.441895 40.456718 221.424805 1029.922852
0.000000 0.035801 0.186275 0.000000 0.000000 0.000000
0.000000 0.000000 0.000000
1.911843 1.000000 0.000000
764.299377 0.000000
0.000000 0.000000 0.000000 0.000000
0.000000 2.228461
8 0.020000 0.920000 0.005000
0.486000 0.396000 0.726000 0.501000 1.360000 6.610000 0.785000 0.785000
272000.000000 96.599998 0.003000
1.073000 0.050000 0.116600
0.615544 0.359337 0.001838 0.000000
0.000000

0.000000 1.572835 10.645434
0.464274 0.093955 8.520111 46.624397 205.993530
0.000000 0.047191 0.063138 0.000000 0.000000 0.000000
0.000000 0.000000 0.000000
1.958348 1.000000 0.000000
764.299377 0.000000
0.000000 0.000000 0.000000 0.000000
0.000000 1.078484
8 0.020000 0.940000 0.001000
0.486000 0.396000 0.726000 0.501000 1.360000 6.610000 0.785000 0.785000
272000.000000 96.599998 0.003000
1.073000 0.050000 0.116600
0.123411 0.079322 0.000405 0.000000
0.000000

0.000000 1.468327 9.870857
0.465908 0.095255 8.567371 46.873814 205.934219
0.000000 0.019609 0.045726 0.000000 0.000000 0.000000
0.000000 0.000000 0.000000
2.004421 1.000000 0.000000
764.299377 0.000000
0.000000 0.000000 0.000000 0.000000
0.000000 1.011733
8 0.020000 0.960000 0.001000
0.486000 0.396000 0.726000 0.501000 1.360000 6.610000 0.785000 0.785000
272000.000000 96.599998 0.003000
1.073000 0.050000 0.116600
0.123749 0.072786 0.000372 0.000000
0.000000

0.000000 1.375925 9.205018
0.468756 0.096804 8.636743 47.245125 205.856064
0.000000 0.004470 0.031234 0.000000 0.000000 0.000000
0.000000 0.000000 0.000000
2.050065 1.000000 0.000000
764.299377 0.000000
0.000000 0.000000 0.000000 0.000000
0.000000 1.007063
8 0.020000 0.980000 0.001000
0.486000 0.396000 0.726000 0.501000 1.360000 6.610000 0.785000 0.785000
272000.000000 96.599998 0.003000
1.073000 0.050000 0.116600
0.124154 0.070824 0.000362 0.000000
0.000000

0.000000 1.296595 8.613030
0.473627 0.098780 8.743443 47.820820 205.749329
0.000000 0.000500 0.018662 0.000000 0.000000 0.000000
0.000000 0.000000 0.000000
2.095289 1.000000 0.000000
764.299377 0.000000
0.000000 0.000000 0.000000 0.000000
0.000000 0.985451
8 0.020000 1.000000 0.001000
0.486000 0.396000 0.726000 0.501000 1.360000 6.610000 0.785000 0.785000
272000.000000 96.599998 0.003000
1.073000 0.050000 0.116600
0.124755 0.070212 0.000359 0.000000
0.000000

0.000000 1.190493 7.965796
0.473717 0.099762 8.761628 47.914509 205.713196
0.000000 0.000036 0.011955 0.000000 0.000000 0.000000
0.000000 0.000000 0.000000
2.140095 1.000000 0.000000
764.299377 0.000000
0.000000 0.000000 0.000000 0.000000
0.000000 0.989348
8 0.020000 1.020000 0.001000
0.486000 0.396000 0.726000 0.501000 1.360000 6.610000 0.785000 0.785000
272000.000000 96.599998 0.003000
1.073000 0.050000 0.116600
0.124914 0.069614 0.000356 0.000000
0.000000

0.000000 1.088507 7.352741
0.472682 0.100497 8.759090 47.892918 205.697388
0.000000 0.000003 0.009637 0.000000 0.000000 0.000000
0.000000 0.000000 0.000000
2.184489 1.000000 0.000000
764.299377 0.000000
0.000000 0.000000 0.000000 0.000000
0.000000 0.987178
8 0.020000 1.040000 0.001000
0.486000 0.396000 0.726000 0.501000 1.360000 6.610000 0.785000 0.785000
272000.000000 96.599998 0.003000
1.073000 0.050000 0.116600
0.124985 0.069519 0.000355 0.000000
0.000000

0.000000 0.973352 6.720750
0.470308 0.100934 8.731382 47.734932 205.692108
0.000000 0.000000 0.009092 0.000000 0.000000 0.000000
0.000000 0.000000 0.000000
2.228477 1.000000 0.000000
764.299377 0.000000
0.000000 0.000000 0.000000 0.000000
0.000000 0.977672
8 0.020000 1.060000 0.001000
0.486000 0.396000 0.726000 0.501000 1.360000 6.610000 0.785000 0.785000
272000.000000 96.599998 0.003000
1.073000 0.050000 0.116600
0.125004 0.069447 0.000355 0.000000
0.000000

0.000000 0.886480 6.209926
0.468828 0.101548 8.719194 47.666073 205.689880
0.000000 0.000000 0.009070 0.000000 0.000000 0.000000
0.000000 0.000000 0.000000
2.272061 1.000000 0.000000
764.299377 0.000000
0.000000 0.000000 0.000000 0.000000
0.000000 0.963557
8 0.020000 1.080000 0.001000
0.486000 0.396000 0.726000 0.501000 1.360000 6.610000 0.785000 0.785000
272000.000000 96.599998 0.003000
1.073000 0.050000 0.116600
0.125025 0.069692 0.000356 0.000000
0.000000

0.000000 0.807721 5.747024
0.467420 0.102164 8.708719 47.602467 205.688889
0.000000 0.000000 0.009178 0.000000 0.000000 0.000000
0.000000 0.000000 0.000000
2.315245 1.000000 0.000000
764.299377 0.000000
0.000000 0.000000 0.000000 0.000000
0.000000 0.971638
8 0.020000 1.100000 0.001000
0.486000 0.396000 0.726000 0.501000 1.360000 6.610000 0.785000 0.785000
272000.000000 96.599998 0.003000
1.073000 0.050000 0.116600
0.125043 0.069444 0.000355 0.000000
0.000000

0.000000 0.736213 5.327849
0.466102 0.102787 8.700253 47.546009 205.689224
0.000000 0.000000 0.009244 0.000000 0.000000 0.000000
0.000000 0.000000 0.000000
2.358035 1.000000 0.000000
764.299377 0.000000
0.000000 0.000000 0.000000 0.000000
0.000000 0.983606
8 0.020000 1.120000 0.001000
0.486000 0.396000 0.726000 0.501000 1.360000 6.610000 0.785000 0.785000
272000.000000 96.599998 0.003000
1.073000 0.050000 0.116600
0.125056 0.069369 0.000354 0.000000
0.000000

0.000000 0.671243 4.948352
0.464865 0.103416 8.692071 47.497524 205.688583
0.000000 0.000000 0.009365 0.000000 0.000000 0.000000
0.000000 0.000000 0.000000
2.400432 1.000000 0.000000
764.299377 0.000000
0.000000 0.000000 0.000000 0.000000
0.000000 0.963733
8 0.020000 1.140000 0.001000
0.486000 0.396000 0.726000 0.501000 1.360000 6.610000 0.785000 0.785000
272000.000000 96.599998 0.003000
1.073000 0.050000 0.116600
0.125074 0.069556 0.000355 0.000000
0.000000

0.000000 0.602277 4.569223
0.463321 0.103964 8.678318 47.416370 205.686310
0.000000 0.000000 0.009458 0.000000 0.000000 0.000000
0.000000 0.000000 0.000000
2.442441 1.000000 0.000000
764.299377 0.000000
0.000000 0.000000 0.000000 0.000000
0.000000 0.970486
8 0.020000 1.160000 0.001000
0.486000 0.396000 0.726000 0.501000 1.360000 6.610000 0.785000 0.785000
272000.000000 96.599998 0.003000
1.073000 0.050000 0.116600
0.125092 0.069506 0.000355 0.000000
0.000000

0.000000 0.549721 4.261890
0.462287 0.104614 8.674184 47.385311 205.686432
0.000000 0.000000 0.009568 0.000000 0.000000 0.000000
0.000000 0.000000 0.000000
2.484065 1.000000 0.000000
764.299377 0.000000
0.000000 0.000000 0.000000 0.000000
0.000000 0.972470
8 0.020000 1.180000 0.001000
0.486000 0.396000 0.726000 0.501000 1.360000 6.610000 0.785000 0.785000
272000.000000 96.599998 0.003000
1.073000 0.050000 0.116600
0.125113 0.069352 0.000354 0.000000
0.000000

0.000000 0.502286 3.984559
0.461309 0.105266 8.670616 47.359226 205.685455
0.000000 0.000000 0.009746 0.000000 0.000000 0.000000
0.000000 0.000000 0.000000
2.525307 1.000000 0.000000
764.299377 0.000000
0.000000 0.000000 0.000000 0.000000
0.000000 0.960916
8 0.020000 1.200000 0.001000
0.486000 0.396000 0.726000 0.501000 1.360000 6.610000 0.785000 0.785000
272000.000000 96.599998 0.003000
1.073000 0.050000 0.116600
0.125126 0.069235 0.000354 0.000000
0.000000

0.000000 0.459202 3.733569
0.460404 0.105925 8.668322 47.339355 205.684586
0.000000 0.000000 0.010581 0.000000 0.000000 0.000000
0.000000 0.000000 0.000000
2.566170 1.000000 0.000000
764.299377 0.000000
0.000000 0.000000 0.000000 0.000000
0.000000 0.957716
8 0.020000 1.220000 0.001000
0.486000 0.396000 0.726000 0.501000 1.360000 6.610000 0.785000 0.785000
272000.000000 96.599998 0.003000
1.073000 0.050000 0.116600
0.125146 0.069207 0.000353 0.000000
0.000000

0.000000 0.413728 3.482662
0.459265 0.106518 8.661474 47.294666 205.681763
0.000000 0.000006 0.022763 0.000000 0.000000 0.000000
0.000000 0.000000 0.000000
2.606656 1.000000 0.000000
764.299377 0.000000
0.000000 0.000000 0.000000 0.000000
0.000000 0.952997
8 0.020000 1.240000 0.001000
0.486000 0.396000 0.726000 0.501000 1.360000 6.610000 0.785000 0.785000
272000.000000 96.599998 0.003000
1.073000 0.050000 0.116600
0.125161 0.069212 0.000353 0.000000
0.000000

0.000000 0.378990 3.279988
0.458483 0.107184 8.661087 47.285351 205.680756
0.000000 0.000022 0.026663 0.000000 0.000000 0.000000
0.000000 0.000000 0.000000
2.646769 1.000000 0.000000
764.299377 0.000000
0.000000 0.000000 0.000000 0.000000
0.000000 0.948639
8 0.020000 1.260000 0.001000
0.486000 0.396000 0.726000 0.501000 1.360000 6.610000 0.785000 0.785000
272000.000000 96.599998 0.003000
1.073000 0.050000 0.116600
0.125179 0.069128 0.000353 0.000000
0.000000

0.000000 0.347183 3.095743
0.457701 0.107840 8.660531 47.275211 205.682465
0.000000 0.000040 0.028154 0.000000 0.000000 0.000000
0.000000 0.000000 0.000000
2.686510 1.000000 0.000000
764.299377 0.000000
0.000000 0.000000 0.000000 0.000000
0.000000 0.943757
8 0.020000 1.280000 0.001000
0.486000 0.396000 0.726000 0.501000 1.360000 6.610000 0.785000 0.785000
272000.000000 96.599998 0.003000
1.073000 0.050000 0.116600
0.125192 0.071120 0.000363 0.000000
0.000000

0.000000 0.318656 2.930634
0.456995 0.108504 8.661215 47.271881 205.680527
0.000000 0.000056 0.029498 0.000000 0.000000 0.000000
0.000000 0.000000 0.000000
2.725883 1.000000 0.000000
764.299377 0.000000
0.000000 0.000000 0.000000 0.000000
0.000000 0.943968
8 0.020000 1.300000 0.001000
0.486000 0.396000 0.726000 0.501000 1.360000 6.610000 0.785000 0.785000
272000.000000 96.599998 0.003000
1.073000 0.050000 0.116600
0.125208 0.069305 0.000354 0.000000
0.000000

0.000000 0.292685 2.780931
0.456305 0.109162 8.661998 47.269291 205.681168
0.000000 0.000070 0.030611 0.000000 0.000000 0.000000
0.000000 0.000000 0.000000
2.764889 1.000000 0.000000
764.299377 0.000000
0.000000 0.000000 0.000000 0.000000
0.000000 0.938372
8 0.020000 1.320000 0.001000
0.486000 0.396000 0.726000 0.501000 1.360000 6.610000 0.785000 0.785000
272000.000000 96.599998 0.003000
1.073000 0.050000 0.116600
0.125225 0.069540 0.000355 0.000000
0.000000

0.000000 0.265530 2.631702
0.455491 0.109782 8.660295 47.253128 205.679199
0.000000 0.000081 0.031569 0.000000 0.000000 0.000000
0.000000 0.000000 0.000000
2.803532 1.000000 0.000000
764.299377 0.000000
0.000000 0.000000 0.000000 0.000000
0.000000 0.960467
8 0.020000 1.340000 0.001000
0.486000 0.396000 0.726000 0.501000 1.360000 6.610000 0.785000 0.785000
272000.000000 96.599998 0.003000
1.073000 0.050000 0.116600
0.125240 0.069373 0.000354 0.000000
0.000000

0.000000 0.244438 2.510166
0.454839 0.110430 8.661448 47.252735 205.680069
0.000000 0.000090 0.032432 0.000000 0.000000 0.000000
0.000000 0.000000 0.000000
2.841813 1.000000 0.000000
764.299377 0.000000
0.000000 0.000000 0.000000 0.000000
0.000000 0.946687
8 0.020000 1.360000 0.001000
0.486000 0.396000 0.726000 0.501000 1.360000 6.610000 0.785000 0.785000
272000.000000 96.599998 0.003000
1.073000 0.050000 0.116600
0.125255 0.069266 0.000354 0.000000
0.000000

0.000000 0.225412 2.400774
0.454229 0.111080 8.663252 47.255871 205.681793
0.000000 0.000098 0.033201 0.000000 0.000000 0.000000
0.000000 0.000000 0.000000
2.879735 1.000000 0.000000
764.299377 0.000000
0.000000 0.000000 0.000000 0.000000
0.000000 0.945649
8 0.020000 1.380000 0.001000
0.486000 0.396000 0.726000 0.501000 1.360000 6.610000 0.785000 0.785000
272000.000000 96.599998 0.003000
1.073000 0.050000 0.116600
0.125269 0.069241 0.000354 0.000000
0.000000

0.000000 0.208201 2.302110
0.453646 0.111727 8.665407 47.260956 205.684174
0.000000 0.000105 0.033901 0.000000 0.000000 0.000000
0.000000 0.000000 0.000000
2.917299 1.000000 0.000000
764.299377 0.000000
0.000000 0.000000 0.000000 0.000000
0.000000 0.939154
8 0.020000 1.400000 0.001000
0.486000 0.396000 0.726000 0.501000 1.360000 6.610000 0.785000 0.785000
272000.000000 96.599998 0.003000
1.073000 0.050000 0.116600
0.125282 0.069212 0.000353 0.000000
0.000000

0.000000 0.192634 2.213047
0.453083 0.112371 8.667752 47.267338 205.684982
0.000000 0.000111 0.034531 0.000000 0.000000 0.000000
0.000000 0.000000 0.000000
2.954508 1.000000 0.000000
764.299377 0.000000
0.000000 0.000000 0.000000 0.000000
0.000000 0.928621
8 0.020000 1.420000 0.001000
0.486000 0.396000 0.726000 0.501000 1.360000 6.610000 0.785000 0.785000
272000.000000 96.599998 0.003000
1.073000 0.050000 0.116600
0.125298 0.069150 0.000353 0.000000
0.000000

0.000000 0.176384 2.124083
0.452429 0.112982 8.668254 47.263443 205.684601
0.000000 0.000116 0.035118 0.000000 0.000000 0.000000
0.000000 0.000000 0.000000
2.991363 1.000000 0.000000
764.299377 0.000000
0.000000 0.000000 0.000000 0.000000
0.000000 0.937207
8 0.020000 1.440000 0.001000
0.486000 0.396000 0.726000 0.501000 1.360000 6.610000 0.785000 0.785000
272000.000000 96.599998 0.003000
1.073000 0.050000 0.116600
0.125309 0.069249 0.000354 0.000000
0.000000

0.000000 0.163871 2.052593
0.451921 0.113621 8.671334 47.273899 205.685211
0.000000 0.000120 0.035591 0.000000 0.000000 0.000000
0.000000 0.000000 0.000000
3.027866 1.000000 0.000000
764.299377 0.000000
0.000000 0.000000 0.000000 0.000000
0.000000 0.937837
8 0.020000 1.460000 0.001000
0.486000 0.396000 0.726000 0.501000 1.360000 6.610000 0.785000 0.785000
272000.000000 96.599998 0.003000
1.073000 0.050000 0.116600
0.125324 0.069222 0.000354 0.000000
0.000000

0.000000 0.152506 1.988077
0.451429 0.114256 8.674574 47.285324 205.685898
0.000000 0.000122 0.035997 0.000000 0.000000 0.000000
0.000000 0.000000 0.000000
3.064020 1.000000 0.000000
764.299377 0.000000
0.000000 0.000000 0.000000 0.000000
0.000000 0.928023
8 0.020000 1.480000 0.001000
0.486000 0.396000 0.726000 0.501000 1.360000 6.610000 0.785000 0.785000
272000.000000 96.599998 0.003000
1.073000 0.050000 0.116600
0.125337 0.069716 0.000356 0.000000
0.000000

0.000000 0.142230 1.929627
0.450930 0.114880 8.677541 47.295238 205.686981
0.000000 0.000124 0.036325 0.000000 0.000000 0.000000
0.000000 0.000000 0.000000
3.099825 1.000000 0.000000
764.299377 0.000000
0.000000 0.000000 0.000000 0.000000
0.000000 0.929929
8 0.020000 1.500000 0.001000
0.486000 0.396000 0.726000 0.501000 1.360000 6.610000 0.785000 0.785000
272000.000000 96.599998 0.003000
1.073000 0.050000 0.116600
0.125351 0.069305 0.000354 0.000000
0.000000

0.000000 0.055750 1.558787
0.450011 0.115390 8.672924 47.263824 205.687164
0.000000 0.001378 0.089533 0.000000 0.000000 0.000000
0.000000 0.000000 0.000000
3.135283 1.000000 0.000000
764.299377 0.000000
0.000000 0.000000 0.000000 0.000000
0.000000 0.922570
8 0.020000 1.520000 0.001000
0.486000 0.396000 0.726000 0.501000 1.360000 6.610000 0.785000 0.785000
272000.000000 96.599998 0.003000
1.073000 0.050000 0.116600
0.125364 0.069172 0.000353 0.000000
0.000000

0.000000 0.054586 1.541427
0.449578 0.116013 8.676783 47.278706 205.689240
0.000000 0.003293 0.096053 0.000000 0.000000 0.000000
0.000000 0.000000 0.000000
3.170397 1.000000 0.000000
764.299377 0.000000
0.000000 0.000000 0.000000 0.000000
0.000000 0.919961
8 0.020000 1.540000 0.001000
0.486000 0.396000 0.726000 0.501000 1.360000 6.610000 0.785000 0.785000
272000.000000 96.599998 0.003000
1.073000 0.050000 0.116600
0.125377 0.069214 0.000353 0.000000
0.000000

0.000000 0.052497 1.521629
0.449112 0.116619 8.679869 47.289516 205.689804
0.000000 0.005680 0.102631 0.000000 0.000000 0.000000
0.000000 0.000000 0.000000
3.205166 1.000000 0.000000
764.299377 0.000000
0.000000 0.000000 0.000000 0.000000
0.000000 0.938563
8 0.020000 1.560000 0.001000
0.486000 0.396000 0.726000 0.501000 1.360000 6.610000 0.785000 0.785000
272000.000000 96.599998 0.003000
1.073000 0.050000 0.116600
0.125388 0.069155 0.000353 0.000000
0.000000

0.000000 0.051645 1.507970
0.448679 0.117225 8.683473 47.303089 205.691833
0.000000 0.007884 0.107871 0.000000 0.000000 0.000000
0.000000 0.000000 0.000000
3.239594 1.000000 0.000000
764.299377 0.000000
0.000000 0.000000 0.000000 0.000000
0.000000 0.920617
8 0.020000 1.580000 0.001000
0.486000 0.396000 0.726000 0.501000 1.360000 6.610000 0.785000 0.785000
272000.000000 96.599998 0.003000
1.073000 0.050000 0.116600
0.125402 0.069155 0.000353 0.000000
0.000000

0.000000 0.050939 1.496447
0.448293 0.117835 8.687817 47.320827 205.691849
0.000000 0.009566 0.111637 0.000000 0.000000 0.000000
0.000000 0.000000 0.000000
3.273682 1.000000 0.000000
764.299377 0.000000
0.000000 0.000000 0.000000 0.000000
0.000000 0.918144
8 0.020000 1.600000 0.001000
0.486000 0.396000 0.726000 0.501000 1.360000 6.610000 0.785000 0.785000
272000.000000 96.599998 0.003000
1.073000 0.050000 0.116600
0.125412 0.069170 0.000353 0.000000
0.000000

0.000000 0.050322 1.486013
0.447893 0.118434 8.691786 47.336422 205.693420
0.000000 0.010722 0.114257 0.000000 0.000000 0.000000
0.000000 0.000000 0.000000
3.307431 1.000000 0.000000
764.299377 0.000000
0.000000 0.000000 0.000000 0.000000
0.000000 0.929714
8 0.020000 1.620000 0.001000
0.486000 0.396000 0.726000 0.501000 1.360000 6.610000 0.785000 0.785000
272000.000000 96.599998 0.003000
1.073000 0.050000 0.116600
0.125426 0.069724 0.000356 0.000000
0.000000

0.000000 0.049770 1.476909
0.447511 0.119028 8.695937 47.353207 205.694794
0.000000 0.011483 0.116257 0.000000 0.000000 0.000000
0.000000 0.000000 0.000000
3.340842 1.000000 0.000000
764.299377 0.000000
0.000000 0.000000 0.000000 0.000000
0.000000 0.914709
8 0.020000 1.640000 0.001000
0.486000 0.396000 0.726000 0.501000 1.360000 6.610000 0.785000 0.785000
272000.000000 96.599998 0.003000
1.073000 0.050000 0.116600
0.125436 0.069176 0.000353 0.000000
0.000000

0.000000 0.049315 1.469038
0.447136 0.119617 8.700112 47.370197 205.695831
0.000000 0.011980 0.117910 0.000000 0.000000 0.000000
0.000000 0.000000 0.000000
3.373918 1.000000 0.000000
764.299377 0.000000
0.000000 0.000000 0.000000 0.000000
0.000000 0.909230
8 0.020000 1.660000 0.001000
0.486000 0.396000 0.726000 0.501000 1.360000 6.610000 0.785000 0.785000
272000.000000 96.599998 0.003000
1.073000 0.050000 0.116600
0.125448 0.069181 0.000353 0.000000
0.000000

0.000000 0.048318 1.459444
0.446734 0.120189 8.703634 47.383530 205.698181
0.000000 0.012314 0.119421 0.000000 0.000000 0.000000
0.000000 0.000000 0.000000
3.406659 1.000000 0.000000
764.299377 0.000000
0.000000 0.000000 0.000000 0.000000
0.000000 0.906536
8 0.020000 1.680000 0.001000
0.486000 0.396000 0.726000 0.501000 1.360000 6.610000 0.785000 0.785000
272000.000000 96.599998 0.003000
1.073000 0.050000 0.116600
0.125462 0.069134 0.000353 0.000000
0.000000

0.000000 0.047983 1.454731
0.446445 0.120784 8.709211 47.408173 205.698883
0.000000 0.012558 0.120937 0.000000 0.000000 0.000000
0.000000 0.000000 0.000000
3.439067 1.000000 0.000000
764.299377 0.000000
0.000000 0.000000 0.000000 0.000000
0.000000 0.928410
8 0.020000 1.700000 0.001000
0.486000 0.396000 0.726000 0.501000 1.360000 6.610000 0.785000 0.785000
272000.000000 96.599998 0.003000
1.073000 0.050000 0.116600
0.125479 0.069157 0.000353 0.000000
0.000000

0.000000 0.047758 1.450027
0.446111 0.121359 8.713771 47.427361 205.699478
0.000000 0.012757 0.122436 0.000000 0.000000 0.000000
0.000000 0.000000 0.000000
3.471143 1.000000 0.000000
764.299377 0.000000
0.000000 0.000000 0.000000 0.000000
0.000000 0.909617
8 0.020000 1.720000 0.001000
0.486000 0.396000 0.726000 0.501000 1.360000 6.610000 0.785000 0.785000
272000.000000 96.599998 0.003000
1.073000 0.050000 0.116600
0.125492 0.069126 0.000353 0.000000
0.000000

0.000000 0.047551 1.445912
0.445770 0.121924 8.718076 47.445114 205.700333
0.000000 0.012929 0.123871 0.000000 0.000000 0.000000
0.000000 0.000000 0.000000
3.502888 1.000000 0.000000
764.299377 0.000000
0.000000 0.000000 0.000000 0.000000
0.000000 0.919915
8 0.020000 1.740000 0.001000
0.486000 0.396000 0.726000 0.501000 1.360000 6.610000 0.785000 0.785000
272000.000000 96.599998 0.003000
1.073000 0.050000 0.116600
0.125503 0.069154 0.000353 0.000000
0.000000

0.000000 0.047417 1.442806
0.445460 0.122490 8.722822 47.465473 205.701126
0.000000 0.013082 0.125269 0.000000 0.000000 0.000000
0.000000 0.000000 0.000000
3.534306 1.000000 0.000000
764.299377 0.000000
0.000000 0.000000 0.000000 0.000000
0.000000 0.917863
8 0.020000 1.760000 0.001000
0.486000 0.396000 0.726000 0.501000 1.360000 6.610000 0.785000 0.785000
272000.000000 96.599998 0.003000
1.073000 0.050000 0.116600
0.125519 0.069100 0.000353 0.000000
0.000000

0.000000 0.047302 1.440212
0.445145 0.123046 8.727368 47.484699 205.701660
0.000000 0.013214 0.126599 0.000000 0.000000 0.000000
0.000000 0.000000 0.000000
3.565396 1.000000 0.000000
764.299377 0.000000
0.000000 0.000000 0.000000 0.000000
0.000000 0.906901
8 0.020000 1.780000 0.001000
0.486000 0.396000 0.726000 0.501000 1.360000 6.610000 0.785000 0.785000
272000.000000 96.599998 0.003000
1.073000 0.050000 0.116600
0.125535 0.069120 0.000353 0.000000
0.000000

0.000000 0.047218 1.438064
0.444833 0.123595 8.731850 47.503616 205.703674
0.000000 0.013327 0.127902 0.000000 0.000000 0.000000
0.000000 0.000000 0.000000
3.596162 1.000000 0.000000
764.299377 0.000000
0.000000 0.000000 0.000000 0.000000
0.000000 0.900622
8 0.020000 1.800000 0.001000
0.486000 0.396000 0.726000 0.501000 1.360000 6.610000 0.785000 0.785000
272000.000000 96.599998 0.003000
1.073000 0.050000 0.116600
0.125547 0.069074 0.000353 0.000000
0.000000

0.000000 0.044221 1.391078
0.444501 0.124130 8.735856 47.520023 205.704788
0.000000 0.013450 0.129403 0.000000 0.000000 0.000000
0.000000 0.000000 0.000000
3.626603 1.000000 0.000000
764.299377 0.000000
0.000000 0.000000 0.000000 0.000000
0.000000 0.918850
8 0.020000 1.820000 0.001000
0.486000 0.396000 0.726000 0.501000 1.360000 6.610000 0.785000 0.785000
272000.000000 96.599998 0.003000
1.073000 0.050000 0.116600
0.125557 0.069102 0.000353 0.000000
0.000000

0.000000 0.044503 1.394117
0.444201 0.124667 8.740321 47.538811 205.705399
0.000000 0.013561 0.130776 0.000000 0.000000 0.000000
0.000000 0.000000 0.000000
3.656723 1.000000 0.000000
764.299377 0.000000
0.000000 0.000000 0.000000 0.000000
0.000000 0.901118
8 0.020000 1.840000 0.001000
0.486000 0.396000 0.726000 0.501000 1.360000 6.610000 0.785000 0.785000
272000.000000 96.599998 0.003000
1.073000 0.050000 0.116600
0.125573 0.069044 0.000353 0.000000
0.000000

0.000000 0.044764 1.397081
0.443902 0.125196 8.744664 47.557129 205.705627
0.000000 0.013672 0.132175 0.000000 0.000000 0.000000
0.000000 0.000000 0.000000
3.686522 1.000000 0.000000
764.299377 0.000000
0.000000 0.000000 0.000000 0.000000
0.000000 0.905941
8 0.020000 1.860000 0.001000
0.486000 0.396000 0.726000 0.501000 1.360000 6.610000 0.785000 0.785000
272000.000000 96.599998 0.003000
1.073000 0.050000 0.116600
0.125583 0.069025 0.000353 0.000000
0.000000

0.000000 0.045036 1.400023
0.443606 0.125718 8.748942 47.575085 205.705536
0.000000 0.013785 0.133622 0.000000 0.000000 0.000000
0.000000 0.000000 0.000000
3.716003 1.000000 0.000000
764.299377 0.000000
0.000000 0.000000 0.000000 0.000000
0.000000 0.900822
8 0.020000 1.880000 0.001000
0.486000 0.396000 0.726000 0.501000 1.360000 6.610000 0.785000 0.785000
272000.000000 96.599998 0.003000
1.073000 0.050000 0.116600
0.125597 0.069035 0.000353 0.000000
0.000000

0.000000 0.045275 1.402633
0.443297 0.126228 8.752810 47.590900 205.706604
0.000000 0.013900 0.135145 0.000000 0.000000 0.000000
0.000000 0.000000 0.000000
3.745167 1.000000 0.000000
764.299377 0.000000
0.000000 0.000000 0.000000 0.000000
0.000000 0.906372
8 0.020000 1.900000 0.001000
0.486000 0.396000 0.726000 0.501000 1.360000 6.610000 0.785000 0.785000
272000.000000 96.599998 0.003000
1.073000 0.050000 0.116600
0.125608 0.069041 0.000353 0.000000
0.000000

0.000000 0.045540 1.405537
0.443012 0.126738 8.757043 47.608780 205.707153
0.000000 0.014006 0.136651 0.000000 0.000000 0.000000
0.000000 0.000000 0.000000
3.774017 1.000000 0.000000
764.299377 0.000000
0.000000 0.000000 0.000000 0.000000
0.000000 0.900810
8 0.020000 1.920000 0.001000
0.486000 0.396000 0.726000 0.501000 1.360000 6.610000 0.785000 0.785000
272000.000000 96.599998 0.003000
1.073000 0.050000 0.116600
0.125618 0.069027 0.000353 0.000000
0.000000

0.000000 0.045796 1.408731
0.442750 0.127246 8.761612 47.628487 205.707581
0.000000 0.014094 0.138085 0.000000 0.000000 0.000000
0.000000 0.000000 0.000000
3.802555 1.000000 0.000000
764.299377 0.000000
0.000000 0.000000 0.000000 0.000000
0.000000 0.899595
8 0.020000 1.940000 0.001000
0.486000 0.396000 0.726000 0.501000 1.360000 6.610000 0.785000 0.785000
272000.000000 96.599998 0.003000
1.073000 0.050000 0.116600
0.125634 0.068991 0.000352 0.000000
0.000000

0.000000 0.046066 1.412662
0.442538 0.127761 8.767061 47.652954 205.707260
0.000000 0.014171 0.139569 0.000000 0.000000 0.000000
0.000000 0.000000 0.000000
3.830782 1.000000 0.000000
764.299377 0.000000
0.000000 0.000000 0.000000 0.000000
0.000000 0.898410
8 0.020000 1.960000 0.001000
0.486000 0.396000 0.726000 0.501000 1.360000 6.610000 0.785000 0.785000
272000.000000 96.599998 0.003000
1.073000 0.050000 0.116600
0.125647 0.068979 0.000352 0.000000
0.000000

0.000000 0.046327 1.422018
0.442673 0.128370 8.779247 47.714108 205.704269
0.000000 0.014233 0.141080 0.000000 0.000000 0.000000
0.000000 0.000000 0.000000
3.858701 1.000000 0.000000
764.299377 0.000000
0.000000 0.000000 0.000000 0.000000
0.000000 0.897642
8 0.020000 1.980000 0.001000
0.486000 0.396000 0.726000 0.501000 1.360000 6.610000 0.785000 0.785000
272000.000000 96.599998 0.003000
1.073000 0.050000 0.116600
0.125689 0.068922 0.000352 0.000000
0.000000

0.000000 0.046599 1.436710
0.443144 0.129070 8.798018 47.810986 205.699585
0.000000 0.087774 0.205607 0.000000 0.000000 0.000000
0.000000 0.000000 0.000000
3.886315 1.000000 0.000000
764.299377 0.000000
0.000000 0.000000 0.000000 0.000000
0.000000 0.899760
8 0.020000 2.000000 0.001000
0.486000 0.396000 0.726000 0.501000 1.360000 6.610000 0.785000 0.785000
272000.000000 96.599998 0.003000
1.073000 0.050000 0.116600
0.125753 0.068958 0.000352 0.000000
0.000000
1.000000
2.000000
0.000000 0.000000
0.000000
0
-0.660000
0 0
0.000000
1
0.000000
1.000000
1.000000
1.000000
0.000000 0.000000 0.000000
0.000000 0.000000
0.000000 0.000000 0.000000 0.000000 0.000000 0.000000 0.000000
0.000000 0.000000 0.000000 0.000000 0.000000 0.000000 0.000000
606
2.000000
1
C:\DNDC\sites\Ottawa\CEFSoilc.spf
-1.000000 -1.000000
0.000000
33
33
10.000000
105
0.000000
0.000000
257
0.000000
419369.187500
1
