7
Clay_loam
0.314000 0.490000 0.006410 0.726000 0.398000 1.000000 0.000000 0.000000
1.350000 6.610000 1 0.031000 0.500000 0.050000 0.010000 0.240000 0.750000
0.000000 0.020000 2.000000 270000.000000 96.599998 100
0.233300 1.944000 3.025300 0.000000 1
10.000000 10.000000 10.000000 5.000000 25.000000 100.000000
0.000000 0.000000 0.000000 0.000000 0.000000 0.000000
500.000000 0.000000 0.000000

0.007412 22.561260 420.323151
17.791983 1.977951 181.399841 1750.840210 5407.843750
0.000000 4.559674 0.625074 1.010348 0.000000 0.000000
0.000161 0.000358 0.000137
0.861385 0.690034 0.000000
764.299377 0.000000
0.000000 0.000000 0.000000 0.000000
0.000000 9.032022
7 0.020000 0.020000 0.031000
0.490000 0.314000 0.726000 0.398000 1.350000 6.610000 0.726000 0.726000
270000.000000 96.599998 0.006410
1.073000 0.050000 0.116600
24.379387 3.375168 0.012321 0.000000
0.000000

0.007661 23.313366 421.136597
17.774740 1.975850 183.666489 1750.608521 5406.937988
0.000000 1.523129 0.725737 0.505174 0.000000 0.000000
0.000024 0.000076 0.000001
0.857295 0.717105 0.000000
764.299377 0.000000
0.000000 0.000000 0.000000 0.000000
0.000000 3.266055
7 0.020000 0.040000 0.031000
0.490000 0.314000 0.726000 0.398000 1.350000 6.610000 0.726000 0.726000
270000.000000 96.599998 0.006410
1.073000 0.050000 0.116600
24.391249 3.338250 0.012680 0.000000
0.000000

0.007935 24.336048 422.261597
17.744905 1.972283 186.349930 1750.306152 5405.885742
0.000000 0.726092 0.870471 0.252587 0.000000 0.000000
0.000016 0.000044 0.000000
0.853965 0.725540 0.000000
764.299377 0.000000
0.000000 0.000000 0.000000 0.000000
0.000000 1.657554
7 0.020000 0.060000 0.031000
0.490000 0.314000 0.726000 0.398000 1.350000 6.610000 0.726000 0.726000
270000.000000 96.599998 0.006410
1.073000 0.050000 0.116600
24.405127 3.320974 0.012729 0.000000
0.000000

0.008313 25.883741 424.266815
17.736341 1.971151 190.024536 1749.769043 5404.460938
0.000000 0.442215 0.798963 0.126294 0.000000 0.000000
0.000004 0.000001 0.000000
0.851301 0.931975 0.000000
764.299377 0.000000
0.000000 0.000000 0.000000 0.000000
0.000000 1.032185
7 0.020000 0.080000 0.031000
0.490000 0.314000 0.726000 0.398000 1.350000 6.610000 0.726000 0.726000
270000.000000 96.599998 0.006410
1.073000 0.050000 0.116600
24.423883 3.281794 0.016042 0.000000
0.000000

0.008585 27.040619 425.925598
17.732485 1.970610 192.691345 1749.349731 5403.442871
0.000000 0.353051 0.756441 0.063147 0.000000 0.000000
0.000000 0.000023 0.000000
0.849219 1.000000 0.000000
764.299377 0.000000
0.000000 0.000000 0.000000 0.000000
0.000000 0.804197
7 0.020000 0.100000 0.025000
0.490000 0.314000 0.726000 0.398000 1.350000 6.610000 0.726000 0.726000
270000.000000 96.599998 0.006410
1.073000 0.050000 0.116600
24.437288 3.228696 0.016908 0.000000
0.000000

0.008923 28.493683 432.896484
17.751543 1.972718 195.763672 1748.364136 5402.238281
0.000000 0.289148 0.615544 0.031573 0.000000 0.000000
0.000000 0.000011 0.000000
0.847760 1.000000 0.000000
764.299377 0.000000
0.000000 0.000000 0.000000 0.000000
0.000000 0.672512
7 0.020000 0.120000 0.025000
0.490000 0.314000 0.726000 0.398000 1.350000 6.610000 0.726000 0.726000
270000.000000 96.599998 0.006410
1.073000 0.050000 0.116600
24.452797 3.194118 0.016720 0.000000
0.000000

0.009168 29.598856 433.825500
17.768913 1.974640 198.109192 1747.977051 5401.347168
0.000000 0.241164 0.575063 0.015787 0.000000 0.000000
0.000003 0.000001 0.000000
0.846961 1.000000 0.000000
764.299377 0.000000
0.000000 0.000000 0.000000 0.000000
0.000000 0.568184
7 0.020000 0.140000 0.025000
0.490000 0.314000 0.726000 0.398000 1.350000 6.610000 0.726000 0.726000
270000.000000 96.599998 0.006410
1.073000 0.050000 0.116600
24.464296 3.167042 0.016571 0.000000
0.000000

0.009327 32.901836 434.415558
17.763996 1.974088 199.575272 1746.831665 5400.744629
0.000000 0.203991 0.538457 0.007893 0.000000 0.000000
0.000000 0.000001 0.000000
0.846861 1.000000 0.000000
764.299377 0.000000
0.000000 0.000000 0.000000 0.000000
0.000000 0.484901
7 0.020000 0.160000 0.025000
0.490000 0.314000 0.726000 0.398000 1.350000 6.610000 0.726000 0.726000
270000.000000 96.599998 0.006410
1.073000 0.050000 0.116600
24.471905 3.140341 0.016424 0.000000
0.000000

0.009479 33.701508 434.973022
17.775873 1.975402 201.207581 1746.573975 5400.142090
0.000000 0.174854 0.539316 0.003947 0.000000 0.000000
0.000000 0.000001 0.000000
0.847496 1.000000 0.000000
764.299377 0.000000
0.000000 0.000000 0.000000 0.000000
0.000000 0.417382
7 0.020000 0.180000 0.020000
0.490000 0.314000 0.726000 0.398000 1.350000 6.610000 0.726000 0.726000
270000.000000 96.599998 0.006410
1.073000 0.050000 0.116600
24.479763 3.119286 0.016307 0.000000
0.000000

0.009499 33.921566 435.043060
17.778572 1.975698 201.651428 1746.529541 5399.984375
0.000000 0.821970 0.795037 0.001973 0.000000 0.000000
0.000000 0.000000 0.000000
0.848899 1.000000 0.000000
764.299377 0.000000
0.000000 0.000000 0.000000 0.000000
0.000000 2.337415
7 0.020000 0.200000 0.020000
0.490000 0.314000 0.726000 0.398000 1.350000 6.610000 0.726000 0.726000
270000.000000 96.599998 0.006410
1.073000 0.050000 0.116600
24.481859 3.523029 0.018891 0.000000
0.000000

0.012845 52.956375 445.618073
17.971903 1.997007 234.564713 1740.014038 5387.651367
0.000000 6.948708 0.949963 0.000987 0.000000 0.000000
0.000000 0.000000 0.000000
0.851106 1.000000 0.000000
764.299377 0.000000
0.000000 0.000000 0.000000 0.000000
0.000000 45.739079
7 0.020000 0.220000 0.020000
0.490000 0.314000 0.726000 0.398000 1.350000 6.610000 0.726000 0.726000
270000.000000 96.599998 0.006410
1.073000 0.050000 0.116600
24.629696 3.564906 0.019310 0.000000
0.000000

0.000000 27.600122 114.182076
9.592897 1.065945 152.445389 901.884399 4088.666748
0.000000 6.258635 0.686750 0.000493 0.000000 0.000000
0.000000 0.000000 0.000000
0.854145 1.000000 0.000000
764.299377 0.000000
0.000000 0.000000 0.000000 0.000000
0.000000 37.883224
7 0.020000 0.240000 0.020000
0.490000 0.314000 0.726000 0.398000 1.350000 6.610000 0.726000 0.726000
270000.000000 96.599998 0.006410
1.073000 0.050000 0.116600
2.424336 1.866634 0.009794 0.000000
0.000000

0.000000 25.403616 105.489174
9.583861 1.064991 152.144791 900.621338 4088.512207
0.000000 5.155865 0.607586 0.000247 0.000000 0.000000
0.000000 0.000000 0.000000
0.858046 0.726000 0.000000
764.299377 0.000000
0.000000 0.000000 0.000000 0.000000
0.000000 23.268003
7 0.020000 0.260000 0.020000
0.490000 0.314000 0.726000 0.398000 1.350000 6.610000 0.726000 0.726000
270000.000000 96.599998 0.006410
1.073000 0.050000 0.116600
2.426763 1.491321 0.005676 0.000000
0.000000

0.000000 27.216290 102.007393
8.900338 0.988990 144.205795 833.985657 3676.007568
0.000000 15.447521 0.859300 0.000123 0.000000 0.000000
0.000000 0.000000 0.000000
0.862841 1.000000 0.000000
764.299377 0.000000
0.000000 0.000000 0.000000 0.000000
0.000000 37.603214
7 0.020000 0.280000 0.018000
0.490000 0.314000 0.726000 0.398000 1.350000 6.610000 0.726000 0.726000
270000.000000 96.599998 0.000070
1.073000 0.050000 0.116600
2.203750 2.056925 0.010791 0.000000
0.000000

0.000000 26.078035 96.004089
8.948469 0.994336 145.714828 837.827637 3674.744141
0.000000 12.886388 0.741738 0.000062 0.000000 0.000000
0.000000 0.000000 0.000000
0.868546 1.000000 0.000000
764.299377 0.000000
0.000000 0.000000 0.000000 0.000000
0.000000 9.835281
7 0.020000 0.300000 0.018000
0.490000 0.314000 0.726000 0.398000 1.350000 6.610000 0.726000 0.726000
270000.000000 96.599998 0.000070
1.073000 0.050000 0.116600
2.209854 1.387894 0.007250 0.000000
0.000000

0.000000 23.478140 88.362694
8.903784 0.989371 145.034592 833.642578 3674.877930
0.000000 12.003009 0.669884 0.000031 0.000000 0.000000
0.000000 0.000000 0.000000
0.875174 0.997512 0.000000
764.299377 0.000000
0.000000 0.000000 0.000000 0.000000
0.000000 4.215169
7 0.020000 0.320000 0.018000
0.490000 0.314000 0.726000 0.398000 1.350000 6.610000 0.726000 0.726000
270000.000000 96.599998 0.000070
1.073000 0.050000 0.116600
2.209188 1.288046 0.006708 0.000000
0.000000

0.000000 22.137056 80.954956
7.981350 0.886871 131.349213 745.956665 3209.379395
0.000000 11.988717 0.621980 0.000015 0.000000 0.000000
0.000002 0.000000 0.000000
0.882782 0.995898 0.000000
764.299377 0.000000
0.000000 0.000000 0.000000 0.000000
0.000000 3.018362
8 0.020000 0.340000 0.015500
0.483000 0.377000 0.726000 0.484000 1.370000 6.610000 0.770000 0.770000
274000.000000 96.599998 0.000070
1.073000 0.050000 0.116600
1.942811 1.124736 0.005675 0.000000
0.000000

0.000000 19.980696 74.690865
7.947950 0.883159 130.770447 742.906860 3209.487061
0.000000 11.865379 0.610640 0.000008 0.000000 0.000000
0.000001 0.000000 0.000000
0.891394 0.996101 0.000000
764.299377 0.000000
0.000000 0.000000 0.000000 0.000000
0.000000 2.948326
8 0.020000 0.360000 0.015500
0.483000 0.377000 0.726000 0.484000 1.370000 6.610000 0.770000 0.770000
274000.000000 96.599998 0.000070
1.073000 0.050000 0.116600
1.942425 1.096989 0.005535 0.000000
0.000000

0.000000 17.973059 68.962936
7.915407 0.879542 130.143295 739.996155 3209.668945
0.000000 10.901339 0.599683 0.000004 0.000000 0.000000
0.000001 0.000000 0.000000
0.900992 0.996190 0.000000
764.299377 0.000000
0.000000 0.000000 0.000000 0.000000
0.000000 3.281162
8 0.020000 0.380000 0.015500
0.483000 0.377000 0.726000 0.484000 1.370000 6.610000 0.770000 0.770000
274000.000000 96.599998 0.000070
1.073000 0.050000 0.116600
1.941901 1.089995 0.005500 0.000000
0.000000

0.000000 16.125725 63.764919
7.884647 0.876124 129.596909 737.196106 3209.780029
0.000000 9.084818 0.583134 0.000002 0.000000 0.000000
0.000001 0.000000 0.000000
0.911582 0.996127 0.000000
764.299377 0.000000
0.000000 0.000000 0.000000 0.000000
0.000000 3.747857
8 0.020000 0.400000 0.015500
0.483000 0.377000 0.726000 0.484000 1.370000 6.610000 0.770000 0.770000
274000.000000 96.599998 0.000070
1.073000 0.050000 0.116600
1.941343 1.089619 0.005498 0.000000
0.000000

0.000000 14.595074 59.230141
7.862541 0.873668 129.247818 735.143188 3209.883057
0.000000 6.918980 0.568554 0.000001 0.000000 0.000000
0.000000 0.000000 0.000000
0.923173 0.995891 0.000000
764.299377 0.000000
0.000000 0.000000 0.000000 0.000000
0.000000 4.219192
8 0.020000 0.420000 0.015500
0.483000 0.377000 0.726000 0.484000 1.370000 6.610000 0.770000 0.770000
274000.000000 96.599998 0.000070
1.073000 0.050000 0.116600
1.941261 1.089397 0.005495 0.000000
0.000000

0.000000 13.231942 55.127602
7.842147 0.871402 128.921661 733.249573 3209.997559
0.000000 4.969161 0.553585 0.000000 0.000000 0.000000
0.000000 0.000000 0.000000
0.935767 0.995250 0.000000
764.299377 0.000000
0.000000 0.000000 0.000000 0.000000
0.000000 4.594946
8 0.020000 0.440000 0.015500
0.483000 0.377000 0.726000 0.484000 1.370000 6.610000 0.770000 0.770000
274000.000000 96.599998 0.000070
1.073000 0.050000 0.116600
1.941161 1.090247 0.005496 0.000000
0.000000

0.000000 11.991076 51.441154
7.825574 0.869561 128.672409 731.692566 3210.052002
0.000000 3.490548 0.544868 0.000000 0.000000 0.000000
0.000000 0.000000 0.000000
0.949371 0.993771 0.000000
764.299377 0.000000
0.000000 0.000000 0.000000 0.000000
0.000000 4.874068
8 0.020000 0.460000 0.015500
0.483000 0.377000 0.726000 0.484000 1.370000 6.610000 0.770000 0.770000
274000.000000 96.599998 0.000070
1.073000 0.050000 0.116600
1.941182 1.087404 0.005474 0.000000
0.000000

0.000000 10.869924 48.118244
7.811499 0.867999 128.475998 730.348572 3210.101807
0.000000 2.493198 0.539712 0.000000 0.000000 0.000000
0.000000 0.000000 0.000000
0.963989 0.990864 0.000000
764.299377 0.000000
0.000000 0.000000 0.000000 0.000000
0.000000 5.059712
8 0.020000 0.480000 0.015500
0.483000 0.377000 0.726000 0.484000 1.370000 6.610000 0.770000 0.770000
274000.000000 96.599998 0.000070
1.073000 0.050000 0.116600
1.941261 1.087043 0.005456 0.000000
0.000000

0.000000 9.863368 45.138542
7.800663 0.866798 128.311707 729.320496 3210.165771
0.000000 1.789198 0.534900 0.000000 0.000000 0.000000
0.000000 0.000000 0.000000
0.979629 0.985995 0.000000
764.299377 0.000000
0.000000 0.000000 0.000000 0.000000
0.000000 5.185351
8 0.020000 0.500000 0.015500
0.483000 0.377000 0.726000 0.484000 1.370000 6.610000 0.770000 0.770000
274000.000000 96.599998 0.000070
1.073000 0.050000 0.116600
1.941458 1.086671 0.005427 0.000000
0.000000

0.000000 8.954137 42.459679
7.792193 0.865860 128.213333 728.481323 3210.187988
0.000000 1.878242 0.559673 0.000000 0.000000 0.000000
0.000000 0.000000 0.000000
0.996293 0.979093 0.000000
764.299377 0.000000
0.000000 0.000000 0.000000 0.000000
0.000000 5.230328
8 0.020000 0.520000 0.015500
0.483000 0.377000 0.726000 0.484000 1.370000 6.610000 0.770000 0.770000
274000.000000 96.599998 0.000070
1.073000 0.050000 0.116600
1.941696 1.086385 0.005387 0.000000
0.000000

0.000000 6.753911 29.568634
3.945837 0.438486 63.772350 369.731110 1659.293457
0.000000 1.673708 0.348815 0.000000 0.000000 0.000000
0.000000 0.000000 0.000000
1.014891 0.770000 0.000000
764.299377 0.000000
0.000000 0.000000 0.000000 0.000000
0.000000 4.828559
8 0.020000 0.540000 0.008000
0.483000 0.377000 0.726000 0.484000 1.370000 6.610000 0.770000 0.770000
274000.000000 96.599998 0.002410
1.073000 0.050000 0.116600
0.993747 0.648538 0.002524 0.000000
0.000000

0.000000 6.185393 27.577242
3.942727 0.438140 63.799156 369.388763 1659.206909
0.000000 1.184266 0.346766 0.000000 0.000000 0.000000
0.000000 0.000000 0.000000
1.035412 0.770000 0.000000
764.299377 0.000000
0.000000 0.000000 0.000000 0.000000
0.000000 4.541454
8 0.020000 0.560000 0.008000
0.483000 0.377000 0.726000 0.484000 1.370000 6.610000 0.770000 0.770000
274000.000000 96.599998 0.002410
1.073000 0.050000 0.116600
0.994274 0.589564 0.002293 0.000000
0.000000

0.000000 5.679537 25.795307
3.941487 0.438002 63.872345 369.202515 1659.112915
0.000000 1.636776 0.359858 0.000000 0.000000 0.000000
0.000000 0.000000 0.000000
1.056761 0.770000 0.000000
764.299377 0.000000
0.000000 0.000000 0.000000 0.000000
0.000000 4.416672
8 0.020000 0.580000 0.008000
0.483000 0.377000 0.726000 0.484000 1.370000 6.610000 0.770000 0.770000
274000.000000 96.599998 0.002410
1.073000 0.050000 0.116600
0.994858 0.577838 0.002248 0.000000
0.000000

0.000000 5.239704 24.224905
3.942380 0.438090 64.053612 369.228973 1658.965942
0.000000 1.975179 0.369470 0.000000 0.000000 0.000000
0.000000 0.000000 0.000000
1.078805 0.938894 0.000000
764.299377 0.000000
0.000000 0.000000 0.000000 0.000000
0.000000 4.438676
8 0.020000 0.600000 0.008000
0.483000 0.377000 0.726000 0.484000 1.370000 6.610000 0.770000 0.770000
274000.000000 96.599998 0.002410
1.073000 0.050000 0.116600
0.995569 0.574298 0.002723 0.000000
0.000000

0.000000 4.829768 22.799706
3.942968 0.438132 64.230637 369.308167 1658.832275
0.000000 1.449118 0.380339 0.000000 0.000000 0.000000
0.000000 0.000000 0.000000
1.100227 1.000000 0.000000
764.299377 0.000000
0.000000 0.000000 0.000000 0.000000
0.000000 4.399290
8 0.020000 0.620000 0.008000
0.483000 0.377000 0.726000 0.484000 1.370000 6.610000 0.770000 0.770000
274000.000000 96.599998 0.002410
1.073000 0.050000 0.116600
0.996246 0.572293 0.002891 0.000000
0.000000

0.000000 4.446468 21.513546
3.946094 0.438480 64.389412 369.500336 1658.720703
0.000000 2.280167 0.397774 0.000000 0.000000 0.000000
0.000000 0.000000 0.000000
1.121302 1.000000 0.000000
764.299377 0.000000
0.000000 0.000000 0.000000 0.000000
0.000000 4.343041
8 0.020000 0.640000 0.008000
0.483000 0.377000 0.726000 0.484000 1.370000 6.610000 0.770000 0.770000
274000.000000 96.599998 0.002410
1.073000 0.050000 0.116600
0.996929 0.569354 0.002876 0.000000
0.000000

0.000000 4.093411 20.360172
3.950277 0.438944 64.561905 369.794281 1658.583008
0.000000 2.986578 0.443696 0.000000 0.000000 0.000000
0.000000 0.000000 0.000000
1.143150 1.000000 0.000000
764.299377 0.000000
0.000000 0.000000 0.000000 0.000000
0.000000 4.290829
8 0.020000 0.660000 0.008000
0.483000 0.377000 0.726000 0.484000 1.370000 6.610000 0.770000 0.770000
274000.000000 96.599998 0.002410
1.073000 0.050000 0.116600
0.997628 0.567990 0.002869 0.000000
0.000000

0.000000 3.781979 19.367847
3.958328 0.439839 64.836578 370.410492 1658.417725
0.000000 4.054097 0.480166 0.000000 0.000000 0.000000
0.000000 0.000000 0.000000
1.165738 1.000000 0.000000
764.299377 0.000000
0.000000 0.000000 0.000000 0.000000
0.000000 4.356196
8 0.020000 0.680000 0.008000
0.483000 0.377000 0.726000 0.484000 1.370000 6.610000 0.770000 0.770000
274000.000000 96.599998 0.002410
1.073000 0.050000 0.116600
0.998527 0.572854 0.002894 0.000000
0.000000

0.000000 3.506204 18.510088
3.968640 0.440985 65.174126 371.211823 1658.184448
0.000000 2.902654 0.473889 0.000000 0.000000 0.000000
0.000000 0.000000 0.000000
1.189031 1.000000 0.000000
764.299377 0.000000
0.000000 0.000000 0.000000 0.000000
0.000000 4.582975
8 0.020000 0.700000 0.008000
0.483000 0.377000 0.726000 0.484000 1.370000 6.610000 0.770000 0.770000
274000.000000 96.599998 0.002410
1.073000 0.050000 0.116600
0.999540 0.569152 0.002875 0.000000
0.000000

0.000000 3.263731 17.774710
3.981081 0.442367 65.576408 372.181885 1657.944458
0.000000 2.230884 0.473314 0.000000 0.000000 0.000000
0.000000 0.000000 0.000000
1.212991 1.000000 0.000000
764.299377 0.000000
0.000000 0.000000 0.000000 0.000000
0.000000 4.035797
8 0.020000 0.720000 0.008000
0.483000 0.377000 0.726000 0.484000 1.370000 6.610000 0.770000 0.770000
274000.000000 96.599998 0.002410
1.073000 0.050000 0.116600
1.000643 0.568176 0.002870 0.000000
0.000000

0.000000 3.107022 14.161736
2.515441 0.279509 41.634418 234.946945 1028.289185
0.000000 2.014037 0.344536 0.000000 0.000000 0.000000
0.000000 0.000000 0.000000
1.237544 1.000000 0.000000
764.299377 0.000000
0.000000 0.000000 0.000000 0.000000
0.000000 3.385770
8 0.020000 0.740000 0.005000
0.486000 0.396000 0.726000 0.501000 1.360000 6.610000 0.785000 0.785000
272000.000000 96.599998 0.003000
1.073000 0.050000 0.116600
0.622905 0.365967 0.001872 0.000000
0.000000

0.000000 2.885586 13.543962
2.524857 0.280555 41.831348 235.789185 1028.044800
0.000000 1.983505 0.350681 0.000000 0.000000 0.000000
0.000000 0.000000 0.000000
1.262647 1.000000 0.000000
764.299377 0.000000
0.000000 0.000000 0.000000 0.000000
0.000000 3.190874
8 0.020000 0.760000 0.005000
0.486000 0.396000 0.726000 0.501000 1.360000 6.610000 0.785000 0.785000
272000.000000 96.599998 0.003000
1.073000 0.050000 0.116600
0.623746 0.355506 0.001818 0.000000
0.000000

0.000000 2.671686 12.993199
2.534673 0.281646 42.042141 236.661407 1027.857910
0.000000 2.097103 0.358432 0.000000 0.000000 0.000000
0.000000 0.000000 0.000000
1.288299 1.000000 0.000000
764.299377 0.000000
0.000000 0.000000 0.000000 0.000000
0.000000 3.125036
8 0.020000 0.780000 0.005000
0.486000 0.396000 0.726000 0.501000 1.360000 6.610000 0.785000 0.785000
272000.000000 96.599998 0.003000
1.073000 0.050000 0.116600
0.624580 0.355017 0.001816 0.000000
0.000000

0.000000 2.190793 12.272353
2.547876 0.283113 42.323929 237.838043 1027.574585
0.000000 2.059883 0.365383 0.000000 0.000000 0.000000
0.000000 0.000000 0.000000
1.314460 1.000000 0.000000
764.299377 0.000000
0.000000 0.000000 0.000000 0.000000
0.000000 3.078350
8 0.020000 0.800000 0.005000
0.486000 0.396000 0.726000 0.501000 1.360000 6.610000 0.785000 0.785000
272000.000000 96.599998 0.003000
1.073000 0.050000 0.116600
0.625689 0.351693 0.001799 0.000000
0.000000

0.000000 2.107197 12.032866
2.566350 0.285166 42.702667 239.492355 1027.249512
0.000000 1.683092 0.366811 0.000000 0.000000 0.000000
0.000000 0.000000 0.000000
1.341091 1.000000 0.000000
764.299377 0.000000
0.000000 0.000000 0.000000 0.000000
0.000000 3.159035
8 0.020000 0.820000 0.005000
0.486000 0.396000 0.726000 0.501000 1.360000 6.610000 0.785000 0.785000
272000.000000 96.599998 0.003000
1.073000 0.050000 0.116600
0.627010 0.346741 0.001773 0.000000
0.000000

0.000000 2.021116 11.826565
2.583621 0.287085 43.148186 240.947250 1026.955322
0.000000 1.151946 0.356663 0.000000 0.000000 0.000000
0.000000 0.000000 0.000000
1.368153 1.000000 0.000000
764.299377 0.000000
0.000000 0.000000 0.000000 0.000000
0.000000 3.030091
8 0.020000 0.840000 0.005000
0.486000 0.396000 0.726000 0.501000 1.360000 6.610000 0.785000 0.785000
272000.000000 96.599998 0.003000
1.073000 0.050000 0.116600
0.628231 0.345974 0.001769 0.000000
0.000000

0.000000 1.661976 11.316427
2.595341 0.288388 43.449417 241.939667 1026.718994
0.000000 0.720127 0.341949 0.000000 0.000000 0.000000
0.000000 0.000000 0.000000
1.395607 1.000000 0.000000
764.299377 0.000000
0.000000 0.000000 0.000000 0.000000
0.000000 2.959576
8 0.020000 0.860000 0.005000
0.486000 0.396000 0.726000 0.501000 1.360000 6.610000 0.785000 0.785000
272000.000000 96.599998 0.003000
1.073000 0.050000 0.116600
0.629156 0.346009 0.001770 0.000000
0.000000

0.000000 1.560678 11.060986
2.603821 0.289330 43.694408 242.628708 1026.576416
0.000000 0.449950 0.323279 0.000000 0.000000 0.000000
0.000000 0.000000 0.000000
1.423416 1.000000 0.000000
764.299377 0.000000
0.000000 0.000000 0.000000 0.000000
0.000000 2.888434
8 0.020000 0.880000 0.005000
0.486000 0.396000 0.726000 0.501000 1.360000 6.610000 0.785000 0.785000
272000.000000 96.599998 0.003000
1.073000 0.050000 0.116600
0.629779 0.342798 0.001753 0.000000
0.000000

0.000000 1.464580 10.833598
2.611884 0.290226 43.915390 243.295792 1026.442261
0.000000 0.313937 0.309204 0.000000 0.000000 0.000000
0.000000 0.000000 0.000000
1.451543 1.000000 0.000000
764.299377 0.000000
0.000000 0.000000 0.000000 0.000000
0.000000 2.806080
8 0.020000 0.900000 0.005000
0.486000 0.396000 0.726000 0.501000 1.360000 6.610000 0.785000 0.785000
272000.000000 96.599998 0.003000
1.073000 0.050000 0.116600
0.630369 0.342334 0.001751 0.000000
0.000000

0.000000 1.218374 10.510425
2.622751 0.291433 44.190411 244.218857 1026.212036
0.000000 0.246146 0.301074 0.000000 0.000000 0.000000
0.000000 0.000000 0.000000
1.479952 1.000000 0.000000
764.299377 0.000000
0.000000 0.000000 0.000000 0.000000
0.000000 2.762723
8 0.020000 0.920000 0.005000
0.486000 0.396000 0.726000 0.501000 1.360000 6.610000 0.785000 0.785000
272000.000000 96.599998 0.003000
1.073000 0.050000 0.116600
0.631169 0.343601 0.001757 0.000000
0.000000

0.000000 1.169014 4.596175
0.536340 0.059597 9.050057 49.912338 205.204025
0.000000 0.297139 0.122373 0.000000 0.000000 0.000000
0.000000 0.000000 0.000000
1.508607 1.000000 0.000000
764.299377 0.000000
0.000000 0.000000 0.000000 0.000000
0.000000 1.536006
8 0.020000 0.940000 0.001000
0.486000 0.396000 0.726000 0.501000 1.360000 6.610000 0.785000 0.785000
272000.000000 96.599998 0.003000
1.073000 0.050000 0.116600
0.126418 0.074773 0.000382 0.000000
0.000000

0.000000 1.132671 4.399243
0.538447 0.059831 9.104375 50.090637 205.155502
0.000000 0.241921 0.127921 0.000000 0.000000 0.000000
0.000000 0.000000 0.000000
1.537476 1.000000 0.000000
764.299377 0.000000
0.000000 0.000000 0.000000 0.000000
0.000000 1.424272
8 0.020000 0.960000 0.001000
0.486000 0.396000 0.726000 0.501000 1.360000 6.610000 0.785000 0.785000
272000.000000 96.599998 0.003000
1.073000 0.050000 0.116600
0.126617 0.069782 0.000356 0.000000
0.000000

0.000000 1.116355 4.242164
0.541151 0.060131 9.176964 50.315918 205.092316
0.000000 0.178806 0.163892 0.000000 0.000000 0.000000
0.000000 0.000000 0.000000
1.566526 1.000000 0.000000
764.299377 0.000000
0.000000 0.000000 0.000000 0.000000
0.000000 1.228744
8 0.020000 0.980000 0.001000
0.486000 0.396000 0.726000 0.501000 1.360000 6.610000 0.785000 0.785000
272000.000000 96.599998 0.003000
1.073000 0.050000 0.116600
0.126850 0.068070 0.000348 0.000000
0.000000

0.000000 1.016803 4.029562
0.545469 0.060611 9.309605 50.659550 205.007950
0.000000 0.121439 0.147997 0.000000 0.000000 0.000000
0.000000 0.000000 0.000000
1.595726 1.000000 0.000000
764.299377 0.000000
0.000000 0.000000 0.000000 0.000000
0.000000 1.114307
8 0.020000 1.000000 0.001000
0.486000 0.396000 0.726000 0.501000 1.360000 6.610000 0.785000 0.785000
272000.000000 96.599998 0.003000
1.073000 0.050000 0.116600
0.127215 0.067620 0.000345 0.000000
0.000000

0.000000 0.965555 3.876391
0.547075 0.060790 9.338303 50.808342 204.975830
0.000000 0.083779 0.143286 0.000000 0.000000 0.000000
0.000000 0.000000 0.000000
1.625048 1.000000 0.000000
764.299377 0.000000
0.000000 0.000000 0.000000 0.000000
0.000000 1.049191
8 0.020000 1.020000 0.001000
0.486000 0.396000 0.726000 0.501000 1.360000 6.610000 0.785000 0.785000
272000.000000 96.599998 0.003000
1.073000 0.050000 0.116600
0.127349 0.067224 0.000343 0.000000
0.000000

0.000000 0.916866 3.720822
0.547578 0.060846 9.348856 50.853966 204.956451
0.000000 0.059389 0.128784 0.000000 0.000000 0.000000
0.000000 0.000000 0.000000
1.654464 1.000000 0.000000
764.299377 0.000000
0.000000 0.000000 0.000000 0.000000
0.000000 1.022335
8 0.020000 1.040000 0.001000
0.486000 0.396000 0.726000 0.501000 1.360000 6.610000 0.785000 0.785000
272000.000000 96.599998 0.003000
1.073000 0.050000 0.116600
0.127413 0.067123 0.000343 0.000000
0.000000

0.000000 0.762849 3.462080
0.546851 0.060765 9.337737 50.787319 204.953674
0.000000 0.042274 0.116962 0.000000 0.000000 0.000000
0.000000 0.000000 0.000000
1.683947 1.000000 0.000000
764.299377 0.000000
0.000000 0.000000 0.000000 0.000000
0.000000 0.998211
8 0.020000 1.060000 0.001000
0.486000 0.396000 0.726000 0.501000 1.360000 6.610000 0.785000 0.785000
272000.000000 96.599998 0.003000
1.073000 0.050000 0.116600
0.127421 0.067060 0.000342 0.000000
0.000000

0.000000 0.707913 3.320454
0.546655 0.060743 9.336502 50.767815 204.952179
0.000000 0.029118 0.108242 0.000000 0.000000 0.000000
0.000000 0.000000 0.000000
1.713473 1.000000 0.000000
764.299377 0.000000
0.000000 0.000000 0.000000 0.000000
0.000000 1.012729
8 0.020000 1.080000 0.001000
0.486000 0.396000 0.726000 0.501000 1.360000 6.610000 0.785000 0.785000
272000.000000 96.599998 0.003000
1.073000 0.050000 0.116600
0.127432 0.067301 0.000344 0.000000
0.000000

0.000000 0.657774 3.191862
0.546466 0.060722 9.334172 50.750252 204.951874
0.000000 0.019069 0.099830 0.000000 0.000000 0.000000
0.000000 0.000000 0.000000
1.743019 1.000000 0.000000
764.299377 0.000000
0.000000 0.000000 0.000000 0.000000
0.000000 0.986097
8 0.020000 1.100000 0.001000
0.486000 0.396000 0.726000 0.501000 1.360000 6.610000 0.785000 0.785000
272000.000000 96.599998 0.003000
1.073000 0.050000 0.116600
0.127440 0.067014 0.000342 0.000000
0.000000

0.000000 0.612303 3.075546
0.546301 0.060704 9.333377 50.733604 204.951859
0.000000 0.012406 0.094808 0.000000 0.000000 0.000000
0.000000 0.000000 0.000000
1.772565 1.000000 0.000000
764.299377 0.000000
0.000000 0.000000 0.000000 0.000000
0.000000 0.981093
8 0.020000 1.120000 0.001000
0.486000 0.396000 0.726000 0.501000 1.360000 6.610000 0.785000 0.785000
272000.000000 96.599998 0.003000
1.073000 0.050000 0.116600
0.127445 0.066992 0.000342 0.000000
0.000000

0.000000 0.571092 2.970616
0.546171 0.060689 9.332661 50.720665 204.951187
0.000000 0.008553 0.093297 0.000000 0.000000 0.000000
0.000000 0.000000 0.000000
1.802090 1.000000 0.000000
764.299377 0.000000
0.000000 0.000000 0.000000 0.000000
0.000000 0.980361
8 0.020000 1.140000 0.001000
0.486000 0.396000 0.726000 0.501000 1.360000 6.610000 0.785000 0.785000
272000.000000 96.599998 0.003000
1.073000 0.050000 0.116600
0.127455 0.067199 0.000343 0.000000
0.000000

0.000000 0.486536 2.821444
0.545792 0.060647 9.327751 50.685108 204.949753
0.000000 0.006779 0.096706 0.000000 0.000000 0.000000
0.000000 0.000000 0.000000
1.831577 1.000000 0.000000
764.299377 0.000000
0.000000 0.000000 0.000000 0.000000
0.000000 0.973309
8 0.020000 1.160000 0.001000
0.486000 0.396000 0.726000 0.501000 1.360000 6.610000 0.785000 0.785000
272000.000000 96.599998 0.003000
1.073000 0.050000 0.116600
0.127463 0.067169 0.000343 0.000000
0.000000

0.000000 0.457053 2.741332
0.545756 0.060643 9.327887 50.681427 204.948807
0.000000 0.006156 0.100703 0.000000 0.000000 0.000000
0.000000 0.000000 0.000000
1.861008 1.000000 0.000000
764.299377 0.000000
0.000000 0.000000 0.000000 0.000000
0.000000 1.016687
8 0.020000 1.180000 0.001000
0.486000 0.396000 0.726000 0.501000 1.360000 6.610000 0.785000 0.785000
272000.000000 96.599998 0.003000
1.073000 0.050000 0.116600
0.127472 0.066978 0.000342 0.000000
0.000000

0.000000 0.430134 2.668310
0.545693 0.060636 9.328700 50.674175 204.949112
0.000000 0.006256 0.105829 0.000000 0.000000 0.000000
0.000000 0.000000 0.000000
1.890369 1.000000 0.000000
764.299377 0.000000
0.000000 0.000000 0.000000 0.000000
0.000000 0.969833
8 0.020000 1.200000 0.001000
0.486000 0.396000 0.726000 0.501000 1.360000 6.610000 0.785000 0.785000
272000.000000 96.599998 0.003000
1.073000 0.050000 0.116600
0.127479 0.066908 0.000342 0.000000
0.000000

0.000000 0.405931 2.602962
0.545680 0.060635 9.329244 50.672535 204.947876
0.000000 0.006833 0.111977 0.000000 0.000000 0.000000
0.000000 0.000000 0.000000
1.919645 1.000000 0.000000
764.299377 0.000000
0.000000 0.000000 0.000000 0.000000
0.000000 0.969704
8 0.020000 1.220000 0.001000
0.486000 0.396000 0.726000 0.501000 1.360000 6.610000 0.785000 0.785000
272000.000000 96.599998 0.003000
1.073000 0.050000 0.116600
0.127487 0.066898 0.000342 0.000000
0.000000

0.000000 0.354973 2.508355
0.545481 0.060613 9.327739 50.652935 204.945999
0.000000 0.007692 0.117985 0.000000 0.000000 0.000000
0.000000 0.000000 0.000000
1.948824 1.000000 0.000000
764.299377 0.000000
0.000000 0.000000 0.000000 0.000000
0.000000 0.963129
8 0.020000 1.240000 0.001000
0.486000 0.396000 0.726000 0.501000 1.360000 6.610000 0.785000 0.785000
272000.000000 96.599998 0.003000
1.073000 0.050000 0.116600
0.127495 0.066871 0.000341 0.000000
0.000000

0.000000 0.337820 2.458472
0.545504 0.060615 9.329279 50.654129 204.945206
0.000000 0.008660 0.122938 0.000000 0.000000 0.000000
0.000000 0.000000 0.000000
1.977896 1.000000 0.000000
764.299377 0.000000
0.000000 0.000000 0.000000 0.000000
0.000000 0.994851
8 0.020000 1.260000 0.001000
0.486000 0.396000 0.726000 0.501000 1.360000 6.610000 0.785000 0.785000
272000.000000 96.599998 0.003000
1.073000 0.050000 0.116600
0.127503 0.066841 0.000341 0.000000
0.000000

0.000000 0.322114 2.413438
0.545534 0.060619 9.330600 50.656422 204.944595
0.000000 0.009688 0.127734 0.000000 0.000000 0.000000
0.000000 0.000000 0.000000
2.006849 1.000000 0.000000
764.299377 0.000000
0.000000 0.000000 0.000000 0.000000
0.000000 0.978673
8 0.020000 1.280000 0.001000
0.486000 0.396000 0.726000 0.501000 1.360000 6.610000 0.785000 0.785000
272000.000000 96.599998 0.003000
1.073000 0.050000 0.116600
0.127511 0.068810 0.000351 0.000000
0.000000

0.000000 0.308088 2.373016
0.545576 0.060623 9.332957 50.658844 204.943390
0.000000 0.010679 0.131908 0.000000 0.000000 0.000000
0.000000 0.000000 0.000000
2.035675 1.000000 0.000000
764.299377 0.000000
0.000000 0.000000 0.000000 0.000000
0.000000 0.962115
8 0.020000 1.300000 0.001000
0.486000 0.396000 0.726000 0.501000 1.360000 6.610000 0.785000 0.785000
272000.000000 96.599998 0.003000
1.073000 0.050000 0.116600
0.127516 0.067023 0.000342 0.000000
0.000000

0.000000 0.295261 2.336576
0.545628 0.060629 9.334653 50.663063 204.942978
0.000000 0.011589 0.135708 0.000000 0.000000 0.000000
0.000000 0.000000 0.000000
2.064366 1.000000 0.000000
764.299377 0.000000
0.000000 0.000000 0.000000 0.000000
0.000000 0.977233
8 0.020000 1.320000 0.001000
0.486000 0.396000 0.726000 0.501000 1.360000 6.610000 0.785000 0.785000
272000.000000 96.599998 0.003000
1.073000 0.050000 0.116600
0.127524 0.067279 0.000344 0.000000
0.000000

0.000000 0.267446 2.282691
0.545568 0.060622 9.335393 50.656048 204.941116
0.000000 0.012516 0.140211 0.000000 0.000000 0.000000
0.000000 0.000000 0.000000
2.092914 1.000000 0.000000
764.299377 0.000000
0.000000 0.000000 0.000000 0.000000
0.000000 0.975009
8 0.020000 1.340000 0.001000
0.486000 0.396000 0.726000 0.501000 1.360000 6.610000 0.785000 0.785000
272000.000000 96.599998 0.003000
1.073000 0.050000 0.116600
0.127533 0.067087 0.000343 0.000000
0.000000

0.000000 0.258394 2.254774
0.545617 0.060628 9.336832 50.660191 204.941269
0.000000 0.013349 0.143559 0.000000 0.000000 0.000000
0.000000 0.000000 0.000000
2.121315 1.000000 0.000000
764.299377 0.000000
0.000000 0.000000 0.000000 0.000000
0.000000 0.955708
8 0.020000 1.360000 0.001000
0.486000 0.396000 0.726000 0.501000 1.360000 6.610000 0.785000 0.785000
272000.000000 96.599998 0.003000
1.073000 0.050000 0.116600
0.127539 0.067003 0.000342 0.000000
0.000000

0.000000 0.250397 2.230172
0.545693 0.060636 9.339830 50.665646 204.940811
0.000000 0.014140 0.147007 0.000000 0.000000 0.000000
0.000000 0.000000 0.000000
2.149563 1.000000 0.000000
764.299377 0.000000
0.000000 0.000000 0.000000 0.000000
0.000000 0.951799
8 0.020000 1.380000 0.001000
0.486000 0.396000 0.726000 0.501000 1.360000 6.610000 0.785000 0.785000
272000.000000 96.599998 0.003000
1.073000 0.050000 0.116600
0.127547 0.066985 0.000342 0.000000
0.000000

0.000000 0.243116 2.207999
0.545765 0.060644 9.342105 50.671417 204.941116
0.000000 0.014781 0.149545 0.000000 0.000000 0.000000
0.000000 0.000000 0.000000
2.177654 1.000000 0.000000
764.299377 0.000000
0.000000 0.000000 0.000000 0.000000
0.000000 0.948318
8 0.020000 1.400000 0.001000
0.486000 0.396000 0.726000 0.501000 1.360000 6.610000 0.785000 0.785000
272000.000000 96.599998 0.003000
1.073000 0.050000 0.116600
0.127554 0.066950 0.000342 0.000000
0.000000

0.000000 0.236497 2.188038
0.545842 0.060653 9.344083 50.677933 204.941086
0.000000 0.015329 0.152275 0.000000 0.000000 0.000000
0.000000 0.000000 0.000000
2.205583 1.000000 0.000000
764.299377 0.000000
0.000000 0.000000 0.000000 0.000000
0.000000 0.950612
8 0.020000 1.420000 0.001000
0.486000 0.396000 0.726000 0.501000 1.360000 6.610000 0.785000 0.785000
272000.000000 96.599998 0.003000
1.073000 0.050000 0.116600
0.127560 0.066934 0.000342 0.000000
0.000000

0.000000 0.221555 2.157905
0.545849 0.060654 9.345775 50.677170 204.939987
0.000000 0.015795 0.154794 0.000000 0.000000 0.000000
0.000000 0.000000 0.000000
2.233348 1.000000 0.000000
764.299377 0.000000
0.000000 0.000000 0.000000 0.000000
0.000000 0.945849
8 0.020000 1.440000 0.001000
0.486000 0.396000 0.726000 0.501000 1.360000 6.610000 0.785000 0.785000
272000.000000 96.599998 0.003000
1.073000 0.050000 0.116600
0.127567 0.066977 0.000342 0.000000
0.000000

0.000000 0.217028 2.143028
0.545935 0.060663 9.347891 50.684551 204.939758
0.000000 0.016264 0.157638 0.000000 0.000000 0.000000
0.000000 0.000000 0.000000
2.260947 1.000000 0.000000
764.299377 0.000000
0.000000 0.000000 0.000000 0.000000
0.000000 0.999367
8 0.020000 1.460000 0.001000
0.486000 0.396000 0.726000 0.501000 1.360000 6.610000 0.785000 0.785000
272000.000000 96.599998 0.003000
1.073000 0.050000 0.116600
0.127573 0.066967 0.000342 0.000000
0.000000

0.000000 0.213017 2.130058
0.546035 0.060674 9.351259 50.692257 204.938965
0.000000 0.016679 0.159883 0.000000 0.000000 0.000000
0.000000 0.000000 0.000000
2.288378 1.000000 0.000000
764.299377 0.000000
0.000000 0.000000 0.000000 0.000000
0.000000 0.958667
8 0.020000 1.480000 0.001000
0.486000 0.396000 0.726000 0.501000 1.360000 6.610000 0.785000 0.785000
272000.000000 96.599998 0.003000
1.073000 0.050000 0.116600
0.127581 0.067494 0.000345 0.000000
0.000000

0.000000 0.209227 2.117566
0.546091 0.060680 9.352657 50.696995 204.940430
0.000000 0.017113 0.162543 0.000000 0.000000 0.000000
0.000000 0.000000 0.000000
2.315638 1.000000 0.000000
764.299377 0.000000
0.000000 0.000000 0.000000 0.000000
0.000000 0.954376
8 0.020000 1.500000 0.001000
0.486000 0.396000 0.726000 0.501000 1.360000 6.610000 0.785000 0.785000
272000.000000 96.599998 0.003000
1.073000 0.050000 0.116600
0.127585 0.067062 0.000342 0.000000
0.000000

0.000000 0.183510 2.007204
0.546156 0.060688 9.355502 50.701927 204.939514
0.000000 0.018210 0.170653 0.000000 0.000000 0.000000
0.000000 0.000000 0.000000
2.342727 1.000000 0.000000
764.299377 0.000000
0.000000 0.000000 0.000000 0.000000
0.000000 0.942327
8 0.020000 1.520000 0.001000
0.486000 0.396000 0.726000 0.501000 1.360000 6.610000 0.785000 0.785000
272000.000000 96.599998 0.003000
1.073000 0.050000 0.116600
0.127590 0.066986 0.000342 0.000000
0.000000

0.000000 0.182630 2.006915
0.546223 0.060695 9.357096 50.707653 204.940887
0.000000 0.019038 0.172549 0.000000 0.000000 0.000000
0.000000 0.000000 0.000000
2.369646 1.000000 0.000000
764.299377 0.000000
0.000000 0.000000 0.000000 0.000000
0.000000 0.939487
8 0.020000 1.540000 0.001000
0.486000 0.396000 0.726000 0.501000 1.360000 6.610000 0.785000 0.785000
272000.000000 96.599998 0.003000
1.073000 0.050000 0.116600
0.127595 0.066993 0.000342 0.000000
0.000000

0.000000 0.177376 2.000319
0.546258 0.060699 9.359317 50.709259 204.940994
0.000000 0.019709 0.174821 0.000000 0.000000 0.000000
0.000000 0.000000 0.000000
2.396392 1.000000 0.000000
764.299377 0.000000
0.000000 0.000000 0.000000 0.000000
0.000000 0.935902
8 0.020000 1.560000 0.001000
0.486000 0.396000 0.726000 0.501000 1.360000 6.610000 0.785000 0.785000
272000.000000 96.599998 0.003000
1.073000 0.050000 0.116600
0.127601 0.066955 0.000342 0.000000
0.000000

0.000000 0.177117 2.000920
0.546329 0.060707 9.360951 50.715393 204.942078
0.000000 0.020120 0.176339 0.000000 0.000000 0.000000
0.000000 0.000000 0.000000
2.422968 1.000000 0.000000
764.299377 0.000000
0.000000 0.000000 0.000000 0.000000
0.000000 0.933185
8 0.020000 1.580000 0.001000
0.486000 0.396000 0.726000 0.501000 1.360000 6.610000 0.785000 0.785000
272000.000000 96.599998 0.003000
1.073000 0.050000 0.116600
0.127605 0.066967 0.000342 0.000000
0.000000

0.000000 0.177051 2.002352
0.546438 0.060719 9.364389 50.723900 204.940689
0.000000 0.020330 0.177688 0.000000 0.000000 0.000000
0.000000 0.000000 0.000000
2.449372 1.000000 0.000000
764.299377 0.000000
0.000000 0.000000 0.000000 0.000000
0.000000 0.978297
8 0.020000 1.600000 0.001000
0.486000 0.396000 0.726000 0.501000 1.360000 6.610000 0.785000 0.785000
272000.000000 96.599998 0.003000
1.073000 0.050000 0.116600
0.127612 0.067000 0.000342 0.000000
0.000000

0.000000 0.176887 2.003083
0.546507 0.060727 9.365970 50.729858 204.941376
0.000000 0.020438 0.178978 0.000000 0.000000 0.000000
0.000000 0.000000 0.000000
2.475605 1.000000 0.000000
764.299377 0.000000
0.000000 0.000000 0.000000 0.000000
0.000000 0.946197
8 0.020000 1.620000 0.001000
0.486000 0.396000 0.726000 0.501000 1.360000 6.610000 0.785000 0.785000
272000.000000 96.599998 0.003000
1.073000 0.050000 0.116600
0.127616 0.067521 0.000345 0.000000
0.000000

0.000000 0.176915 2.004662
0.546619 0.060739 9.369445 50.738693 204.940750
0.000000 0.020515 0.180298 0.000000 0.000000 0.000000
0.000000 0.000000 0.000000
2.501669 1.000000 0.000000
764.299377 0.000000
0.000000 0.000000 0.000000 0.000000
0.000000 0.941601
8 0.020000 1.640000 0.001000
0.486000 0.396000 0.726000 0.501000 1.360000 6.610000 0.785000 0.785000
272000.000000 96.599998 0.003000
1.073000 0.050000 0.116600
0.127624 0.067005 0.000342 0.000000
0.000000

0.000000 0.176846 2.005807
0.546704 0.060749 9.371119 50.746292 204.940872
0.000000 0.020574 0.181636 0.000000 0.000000 0.000000
0.000000 0.000000 0.000000
2.527564 1.000000 0.000000
764.299377 0.000000
0.000000 0.000000 0.000000 0.000000
0.000000 0.940692
8 0.020000 1.660000 0.001000
0.486000 0.396000 0.726000 0.501000 1.360000 6.610000 0.785000 0.785000
272000.000000 96.599998 0.003000
1.073000 0.050000 0.116600
0.127627 0.067030 0.000342 0.000000
0.000000

0.000000 0.174463 2.003432
0.546774 0.060756 9.373837 50.751274 204.941269
0.000000 0.020597 0.182949 0.000000 0.000000 0.000000
0.000000 0.000000 0.000000
2.553292 1.000000 0.000000
764.299377 0.000000
0.000000 0.000000 0.000000 0.000000
0.000000 0.929249
8 0.020000 1.680000 0.001000
0.486000 0.396000 0.726000 0.501000 1.360000 6.610000 0.785000 0.785000
272000.000000 96.599998 0.003000
1.073000 0.050000 0.116600
0.127634 0.066996 0.000342 0.000000
0.000000

0.000000 0.174673 2.007221
0.546979 0.060779 9.377724 50.769901 204.939682
0.000000 0.020566 0.184121 0.000000 0.000000 0.000000
0.000000 0.000000 0.000000
2.578853 1.000000 0.000000
764.299377 0.000000
0.000000 0.000000 0.000000 0.000000
0.000000 0.945089
8 0.020000 1.700000 0.001000
0.486000 0.396000 0.726000 0.501000 1.360000 6.610000 0.785000 0.785000
272000.000000 96.599998 0.003000
1.073000 0.050000 0.116600
0.127647 0.066983 0.000342 0.000000
0.000000

0.000000 0.174979 2.009365
0.547097 0.060792 9.381275 50.779240 204.939178
0.000000 0.020479 0.185126 0.000000 0.000000 0.000000
0.000000 0.000000 0.000000
2.604249 1.000000 0.000000
764.299377 0.000000
0.000000 0.000000 0.000000 0.000000
0.000000 0.935432
8 0.020000 1.720000 0.001000
0.486000 0.396000 0.726000 0.501000 1.360000 6.610000 0.785000 0.785000
272000.000000 96.599998 0.003000
1.073000 0.050000 0.116600
0.127653 0.066986 0.000342 0.000000
0.000000

0.000000 0.175262 2.011581
0.547216 0.060806 9.383654 50.789864 204.939194
0.000000 0.020347 0.186100 0.000000 0.000000 0.000000
0.000000 0.000000 0.000000
2.629482 1.000000 0.000000
764.299377 0.000000
0.000000 0.000000 0.000000 0.000000
0.000000 0.934045
8 0.020000 1.740000 0.001000
0.486000 0.396000 0.726000 0.501000 1.360000 6.610000 0.785000 0.785000
272000.000000 96.599998 0.003000
1.073000 0.050000 0.116600
0.127661 0.066988 0.000342 0.000000
0.000000

0.000000 0.175565 2.013955
0.547343 0.060820 9.386831 50.800571 204.938217
0.000000 0.020191 0.187095 0.000000 0.000000 0.000000
0.000000 0.000000 0.000000
2.654553 1.000000 0.000000
764.299377 0.000000
0.000000 0.000000 0.000000 0.000000
0.000000 0.923270
8 0.020000 1.760000 0.001000
0.486000 0.396000 0.726000 0.501000 1.360000 6.610000 0.785000 0.785000
272000.000000 96.599998 0.003000
1.073000 0.050000 0.116600
0.127668 0.066968 0.000342 0.000000
0.000000

0.000000 0.175918 2.016586
0.547481 0.060835 9.390508 50.812073 204.936722
0.000000 0.019999 0.187782 0.000000 0.000000 0.000000
0.000000 0.000000 0.000000
2.679463 1.000000 0.000000
764.299377 0.000000
0.000000 0.000000 0.000000 0.000000
0.000000 0.938689
8 0.020000 1.780000 0.001000
0.486000 0.396000 0.726000 0.501000 1.360000 6.610000 0.785000 0.785000
272000.000000 96.599998 0.003000
1.073000 0.050000 0.116600
0.127679 0.066973 0.000342 0.000000
0.000000

0.000000 0.176217 2.018989
0.547609 0.060849 9.393352 50.823208 204.937012
0.000000 0.019803 0.188568 0.000000 0.000000 0.000000
0.000000 0.000000 0.000000
2.704213 1.000000 0.000000
764.299377 0.000000
0.000000 0.000000 0.000000 0.000000
0.000000 0.929272
8 0.020000 1.800000 0.001000
0.486000 0.396000 0.726000 0.501000 1.360000 6.610000 0.785000 0.785000
272000.000000 96.599998 0.003000
1.073000 0.050000 0.116600
0.127684 0.066948 0.000342 0.000000
0.000000

0.000000 0.176023 2.020569
0.547728 0.060863 9.396228 50.833435 204.937088
0.000000 0.019750 0.190763 0.000000 0.000000 0.000000
0.000000 0.000000 0.000000
2.728806 1.000000 0.000000
764.299377 0.000000
0.000000 0.000000 0.000000 0.000000
0.000000 0.927804
8 0.020000 1.820000 0.001000
0.486000 0.396000 0.726000 0.501000 1.360000 6.610000 0.785000 0.785000
272000.000000 96.599998 0.003000
1.073000 0.050000 0.116600
0.127690 0.066957 0.000342 0.000000
0.000000

0.000000 0.176384 2.022653
0.547836 0.060875 9.398859 50.842590 204.937057
0.000000 0.019693 0.192288 0.000000 0.000000 0.000000
0.000000 0.000000 0.000000
2.753242 1.000000 0.000000
764.299377 0.000000
0.000000 0.000000 0.000000 0.000000
0.000000 0.926228
8 0.020000 1.840000 0.001000
0.486000 0.396000 0.726000 0.501000 1.360000 6.610000 0.785000 0.785000
272000.000000 96.599998 0.003000
1.073000 0.050000 0.116600
0.127698 0.066942 0.000342 0.000000
0.000000

0.000000 0.176744 2.024853
0.547951 0.060887 9.401473 50.852539 204.936188
0.000000 0.019607 0.193656 0.000000 0.000000 0.000000
0.000000 0.000000 0.000000
2.777523 1.000000 0.000000
764.299377 0.000000
0.000000 0.000000 0.000000 0.000000
0.000000 0.924749
8 0.020000 1.860000 0.001000
0.486000 0.396000 0.726000 0.501000 1.360000 6.610000 0.785000 0.785000
272000.000000 96.599998 0.003000
1.073000 0.050000 0.116600
0.127703 0.066924 0.000342 0.000000
0.000000

0.000000 0.177076 2.026827
0.548051 0.060898 9.403634 50.861313 204.935684
0.000000 0.019523 0.195302 0.000000 0.000000 0.000000
0.000000 0.000000 0.000000
2.801651 1.000000 0.000000
764.299377 0.000000
0.000000 0.000000 0.000000 0.000000
0.000000 0.914093
8 0.020000 1.880000 0.001000
0.486000 0.396000 0.726000 0.501000 1.360000 6.610000 0.785000 0.785000
272000.000000 96.599998 0.003000
1.073000 0.050000 0.116600
0.127710 0.066941 0.000342 0.000000
0.000000

0.000000 0.177383 2.028657
0.548144 0.060909 9.405381 50.869808 204.935287
0.000000 0.019420 0.196901 0.000000 0.000000 0.000000
0.000000 0.000000 0.000000
2.825628 1.000000 0.000000
764.299377 0.000000
0.000000 0.000000 0.000000 0.000000
0.000000 0.911604
8 0.020000 1.900000 0.001000
0.486000 0.396000 0.726000 0.501000 1.360000 6.610000 0.785000 0.785000
272000.000000 96.599998 0.003000
1.073000 0.050000 0.116600
0.127716 0.066917 0.000342 0.000000
0.000000

0.000000 0.177726 2.030723
0.548251 0.060921 9.407844 50.879051 204.934586
0.000000 0.019292 0.198395 0.000000 0.000000 0.000000
0.000000 0.000000 0.000000
2.849454 1.000000 0.000000
764.299377 0.000000
0.000000 0.000000 0.000000 0.000000
0.000000 0.947592
8 0.020000 1.920000 0.001000
0.486000 0.396000 0.726000 0.501000 1.360000 6.610000 0.785000 0.785000
272000.000000 96.599998 0.003000
1.073000 0.050000 0.116600
0.127721 0.066936 0.000342 0.000000
0.000000

0.000000 0.178077 2.033324
0.548384 0.060935 9.410697 50.890717 204.933594
0.000000 0.019161 0.199915 0.000000 0.000000 0.000000
0.000000 0.000000 0.000000
2.873132 1.000000 0.000000
764.299377 0.000000
0.000000 0.000000 0.000000 0.000000
0.000000 0.911351
8 0.020000 1.940000 0.001000
0.486000 0.396000 0.726000 0.501000 1.360000 6.610000 0.785000 0.785000
272000.000000 96.599998 0.003000
1.073000 0.050000 0.116600
0.127731 0.066907 0.000342 0.000000
0.000000

0.000000 0.178431 2.036853
0.548566 0.060956 9.414556 50.906815 204.932724
0.000000 0.019107 0.202010 0.000000 0.000000 0.000000
0.000000 0.000000 0.000000
2.896661 1.000000 0.000000
764.299377 0.000000
0.000000 0.000000 0.000000 0.000000
0.000000 0.927603
8 0.020000 1.960000 0.001000
0.486000 0.396000 0.726000 0.501000 1.360000 6.610000 0.785000 0.785000
272000.000000 96.599998 0.003000
1.073000 0.050000 0.116600
0.127739 0.066907 0.000342 0.000000
0.000000

0.000000 0.178784 2.048318
0.549167 0.061023 9.425631 50.961803 204.928284
0.000000 0.019193 0.204548 0.000000 0.000000 0.000000
0.000000 0.000000 0.000000
2.920044 1.000000 0.000000
764.299377 0.000000
0.000000 0.000000 0.000000 0.000000
0.000000 0.908755
8 0.020000 1.980000 0.001000
0.486000 0.396000 0.726000 0.501000 1.360000 6.610000 0.785000 0.785000
272000.000000 96.599998 0.003000
1.073000 0.050000 0.116600
0.127775 0.066854 0.000341 0.000000
0.000000

0.000000 0.179140 2.067301
0.550169 0.061134 9.443859 51.053585 204.921036
0.000000 0.084717 0.273303 0.000000 0.000000 0.000000
0.000000 0.000000 0.000000
2.943282 1.000000 0.000000
764.299377 0.000000
0.000000 0.000000 0.000000 0.000000
0.000000 0.925515
8 0.020000 2.000000 0.001000
0.486000 0.396000 0.726000 0.501000 1.360000 6.610000 0.785000 0.785000
272000.000000 96.599998 0.003000
1.073000 0.050000 0.116600
0.127833 0.066865 0.000341 0.000000
0.000000
1.000000
2.000000
0.000000 0.000000
0.000000
0
-0.620000
0 0
0.000000
1
0.000000
1.000000
1.000000
1.000000
0.000000 0.000000 0.000000
0.000000 0.000000
0.000000 0.000000 0.000000 0.000000 0.000000 0.000000 0.000000
0.000000 0.000000 0.000000 0.000000 0.000000 0.000000 0.000000
238
2.000000
1
C:\DNDC\sites\Ottawa\CEFSoilc.spf
-1.000000 -1.000000
0.000000
31
31
10.000000
107
0.000000
0.000000
259
0.000000
197217.531250
1
