7
Clay_loam
0.314000 0.490000 0.006410 0.726000 0.398000 1.000000 0.000000 0.000000
1.350000 6.610000 1 0.031000 0.500000 0.050000 0.010000 0.240000 0.750000
0.000000 0.020000 2.000000 270000.000000 96.599998 100
0.233300 1.944000 3.025300 0.000000 1
10.000000 10.000000 10.000000 5.000000 25.000000 100.000000
0.000000 0.020335 0.004601 0.000000 0.000000 0.000000
500.000000 0.000000 0.000000

0.000000 34.028275 661.296814
10.423641 1.346961 108.891312 1177.872192 5736.016602
0.000000 5.789119 0.813834 1.010348 0.000000 0.000000
0.000373 0.024991 0.001450
-1.328349 0.143863 56.956951
764.299377 0.000000
1.326605 0.000000 0.000000 0.000000
0.000000 5.387913
7 0.020000 0.020000 0.031000
0.490000 0.314000 0.726000 0.398000 1.350000 6.610000 0.726000 0.726000
270000.000000 96.599998 0.006410
1.073000 0.050000 0.116600
18.259407 8.088189 0.006253 0.000000
0.000000

0.000000 34.378933 661.759277
10.480976 1.351875 109.227753 1177.656982 5735.863281
0.000000 3.497307 1.143931 0.505174 0.000000 0.000000
0.000036 0.024980 0.001376
-1.296753 0.145495 78.475670
764.299377 0.000000
1.257463 0.000000 0.000000 0.000000
0.000000 2.811540
7 0.020000 0.040000 0.031000
0.490000 0.314000 0.726000 0.398000 1.350000 6.610000 0.726000 0.726000
270000.000000 96.599998 0.006410
1.073000 0.050000 0.116600
18.261734 8.084473 0.006326 0.000000
0.000000

0.000000 34.486084 661.903198
10.520963 1.354445 109.334229 1177.593140 5735.813477
0.000000 3.859165 1.182782 0.252587 0.000000 0.000000
0.000004 0.000613 0.000056
-1.274021 0.146755 83.617973
764.299377 0.000000
1.210808 0.000000 0.000000 0.000000
0.000000 2.336383
7 0.020000 0.060000 0.031000
0.490000 0.314000 0.726000 0.398000 1.350000 6.610000 0.726000 0.726000
270000.000000 96.599998 0.006410
1.073000 0.050000 0.116600
18.262463 8.094294 0.006392 0.000000
0.000000

0.000000 34.334679 661.738708
10.560906 1.356675 109.205864 1177.682861 5735.871094
0.000000 3.007360 1.076220 0.126294 0.000000 0.000000
0.000002 0.000000 0.000000
-1.249655 0.148163 83.480049
764.299377 0.000000
1.164952 0.000000 0.000000 0.000000
0.000000 1.751960
7 0.020000 0.080000 0.031000
0.490000 0.314000 0.726000 0.398000 1.350000 6.610000 0.726000 0.726000
270000.000000 96.599998 0.006410
1.073000 0.050000 0.116600
18.261574 8.092566 0.006455 0.000000
0.000000

0.000000 34.179543 661.568726
10.601653 1.358604 109.073242 1177.774292 5735.933594
0.000000 2.327458 1.079754 0.063147 0.000000 0.000000
0.000001 0.000000 0.000000
-1.223092 0.149746 83.324883
764.299377 0.000000
1.119354 0.000000 0.000000 0.000000
0.000000 1.323090
7 0.020000 0.100000 0.025000
0.490000 0.314000 0.726000 0.398000 1.350000 6.610000 0.726000 0.726000
270000.000000 96.599998 0.006410
1.073000 0.050000 0.116600
18.260654 8.091679 0.006527 0.000000
0.000000

0.000000 35.567574 663.048828
10.599958 1.355247 110.567017 1177.096313 5735.279785
0.000000 2.240048 0.882373 0.031573 0.000000 0.000000
0.000001 0.000000 0.000000
-1.194356 0.151520 83.151054
764.299377 0.000000
1.071711 0.000000 0.000000 0.000000
0.000000 1.650335
7 0.020000 0.120000 0.025000
0.490000 0.314000 0.726000 0.398000 1.350000 6.610000 0.726000 0.726000
270000.000000 96.599998 0.006410
1.073000 0.050000 0.116600
18.270741 8.080798 0.006595 0.000000
0.000000

0.000000 16.771757 575.851379
11.016033 1.404273 174.195755 1159.173950 5717.894043
0.000000 2.092587 0.684657 0.015787 0.000000 0.000000
0.000001 0.000000 0.000000
-1.163481 0.153500 82.957024
764.299377 0.000000
1.062919 0.000000 0.000000 0.000000
0.000000 1.619213
7 0.020000 0.140000 0.025000
0.490000 0.314000 0.726000 0.398000 1.350000 6.610000 0.726000 0.726000
270000.000000 96.599998 0.006410
1.073000 0.050000 0.116600
18.625528 7.600104 0.006272 0.000000
0.000000

0.000000 29.436283 570.346375
11.014544 1.399497 174.351196 1153.612915 5717.795898
0.000000 1.798537 0.582210 0.007893 0.000000 0.000000
0.000001 0.000000 0.000000
-1.130514 0.155704 82.741005
764.299377 0.000000
1.012356 0.000000 0.000000 0.000000
0.000000 1.420405
7 0.020000 0.160000 0.025000
0.490000 0.314000 0.726000 0.398000 1.350000 6.610000 0.726000 0.726000
270000.000000 96.599998 0.006410
1.073000 0.050000 0.116600
18.629633 7.556300 0.006328 0.000000
0.000000

0.000000 28.800104 564.103088
11.061177 1.400432 175.068039 1153.100586 5717.722656
0.000000 1.422590 0.519479 0.003947 0.000000 0.000000
0.000001 0.000000 0.000000
-1.095511 0.158153 82.500999
764.299377 0.000000
0.966520 0.000000 0.000000 0.000000
0.000000 1.171617
7 0.020000 0.180000 0.020000
0.490000 0.314000 0.726000 0.398000 1.350000 6.610000 0.726000 0.726000
270000.000000 96.599998 0.006410
1.073000 0.050000 0.116600
18.632908 7.479211 0.006362 0.000000
0.000000

0.000000 28.257511 556.298889
11.115449 1.401930 175.895065 1153.365601 5717.629883
0.000000 3.245553 0.614382 0.001973 0.000000 0.000000
0.000001 0.000000 0.000000
-1.058544 0.160871 82.234619
764.299377 0.000000
0.921455 0.000000 0.000000 0.000000
0.000000 3.229686
7 0.020000 0.200000 0.020000
0.490000 0.314000 0.726000 0.398000 1.350000 6.610000 0.726000 0.726000
270000.000000 96.599998 0.006410
1.073000 0.050000 0.116600
18.636135 8.087285 0.007022 0.000000
0.000000

0.000000 31.346310 551.336548
11.239636 1.411806 186.425949 1152.191162 5714.439941
0.000000 2.053982 0.728171 0.000987 0.000000 0.000000
0.000001 0.000000 0.000000
-1.019688 0.163887 81.939110
764.299377 0.000000
0.881933 0.000000 0.000000 0.000000
0.000000 12.346171
7 0.020000 0.220000 0.020000
0.490000 0.314000 0.726000 0.398000 1.350000 6.610000 0.726000 0.726000
270000.000000 96.599998 0.006410
1.073000 0.050000 0.116600
18.678873 8.064056 0.007136 0.000000
0.000000

0.000001 25.328712 343.886810
7.877373 0.985170 133.696411 800.664307 4109.440918
0.000000 0.704968 0.605956 0.000493 0.000000 0.000000
0.000001 0.000000 0.000000
-0.978772 0.167260 78.380241
764.299377 0.000000
0.583301 0.000000 0.000000 0.000000
0.000000 10.896745
7 0.020000 0.240000 0.020000
0.490000 0.314000 0.726000 0.398000 1.350000 6.610000 0.726000 0.726000
270000.000000 96.599998 0.006410
1.073000 0.050000 0.116600
2.261395 5.302997 0.004724 0.000000
0.000000

0.000001 23.162624 312.054749
7.789227 0.969629 131.908112 788.241455 4108.701660
0.000000 0.738585 0.624994 0.000247 0.000000 0.000000
0.000001 0.000000 0.000000
-0.936048 0.171003 81.241699
764.299377 0.000000
0.542736 0.000000 0.000000 0.000000
0.000000 6.717269
7 0.020000 0.260000 0.020000
0.490000 0.314000 0.726000 0.398000 1.350000 6.610000 0.726000 0.726000
270000.000000 96.599998 0.006410
1.073000 0.050000 0.116600
2.264042 2.842752 0.002557 0.000000
0.000000

0.000005 25.127237 310.256378
7.492103 0.928133 128.528305 752.865845 3694.959473
0.000000 11.033510 1.120839 0.000123 0.000000 0.000000
0.000001 0.000000 0.000000
-0.892120 0.175134 80.836868
764.299377 0.000000
0.489869 0.000000 0.000000 0.000000
0.000000 11.999266
7 0.020000 0.280000 0.018000
0.490000 0.314000 0.726000 0.398000 1.350000 6.610000 0.726000 0.726000
270000.000000 96.599998 0.000070
1.073000 0.050000 0.116600
2.079684 3.572176 0.003304 0.000000
0.000000

0.000008 24.207409 289.316101
7.538146 0.929107 129.497589 753.725037 3693.022949
0.000000 13.906533 1.055477 0.000062 0.000000 0.000000
0.000000 0.000000 0.000000
-0.846720 0.179735 80.725800
764.299377 0.000000
0.460896 0.000000 0.000000 0.000000
0.000000 4.493948
7 0.020000 0.300000 0.018000
0.490000 0.314000 0.726000 0.398000 1.350000 6.610000 0.726000 0.726000
270000.000000 96.599998 0.000070
1.073000 0.050000 0.116600
2.091953 1.785792 0.001680 0.000000
0.000000

0.000008 21.935905 262.083160
7.452642 0.913706 127.472496 742.202515 3692.492188
0.000000 11.778346 0.928234 0.000031 0.000000 0.000000
0.000000 0.000000 0.000000
-0.799898 0.184882 79.664803
764.299377 0.000000
0.424352 0.000000 0.000000 0.000000
0.000000 3.182285
7 0.020000 0.320000 0.018000
0.490000 0.314000 0.726000 0.398000 1.350000 6.610000 0.726000 0.726000
270000.000000 96.599998 0.000070
1.073000 0.050000 0.116600
2.091249 1.454612 0.001405 0.000000
0.000000

0.000012 21.188753 244.115250
6.882639 0.839120 118.738831 681.123474 3225.092041
0.000000 8.754910 0.736574 0.000015 0.000000 0.000000
0.000000 0.000000 0.000000
-0.751385 0.190709 77.782883
764.299377 0.000000
0.363031 0.000000 0.000000 0.000000
0.000000 3.189451
8 0.020000 0.340000 0.015500
0.483000 0.377000 0.726000 0.484000 1.370000 6.610000 0.770000 0.770000
274000.000000 96.599998 0.000070
1.073000 0.050000 0.116600
1.852379 1.253822 0.001212 0.000000
0.000000

0.000011 19.207129 221.269226
6.899253 0.908016 117.180931 671.864014 3224.815186
0.000000 6.469277 0.699014 0.000008 0.000000 0.000000
0.000000 0.000000 0.000000
-0.701350 0.197336 77.150551
764.299377 0.000000
0.167774 0.000000 0.000000 0.000000
0.000000 3.482272
8 0.020000 0.360000 0.015500
0.483000 0.377000 0.726000 0.484000 1.370000 6.610000 0.770000 0.770000
274000.000000 96.599998 0.000070
1.073000 0.050000 0.116600
1.851945 1.195084 0.001195 0.000000
0.000000

0.000010 17.398027 200.478912
6.908899 0.964418 115.725815 663.291016 3224.656738
0.000000 4.910739 0.676119 0.000004 0.000000 0.000000
0.000000 0.000109 0.000002
-0.650218 0.204871 76.413818
764.299377 0.000000
0.000000 0.000000 0.000000 0.000000
0.000000 3.861380
8 0.020000 0.380000 0.015500
0.483000 0.377000 0.726000 0.484000 1.370000 6.610000 0.770000 0.770000
274000.000000 96.599998 0.000070
1.073000 0.050000 0.116600
1.851360 1.180851 0.001226 0.000000
0.000000

0.000009 15.741716 181.711731
6.840969 0.938076 114.348450 655.373596 3224.494873
0.000000 3.624783 0.642872 0.000002 0.000000 0.000000
0.000000 0.000091 0.000002
-0.598074 0.213512 75.511124
764.299377 0.000000
0.000000 0.000000 0.000000 0.000000
0.000000 4.287510
8 0.020000 0.400000 0.015500
0.483000 0.377000 0.726000 0.484000 1.370000 6.610000 0.770000 0.770000
274000.000000 96.599998 0.000070
1.073000 0.050000 0.116600
1.850710 1.178446 0.001275 0.000000
0.000000

0.000008 14.263296 164.967636
6.787597 0.913945 113.235191 648.847778 3224.371826
0.000000 2.401397 0.590297 0.000001 0.000000 0.000000
0.000000 0.000073 0.000001
-0.544978 0.223525 74.360916
764.299377 0.000000
0.000000 0.000000 0.000000 0.000000
0.000000 4.696602
8 0.020000 0.420000 0.015500
0.483000 0.377000 0.726000 0.484000 1.370000 6.610000 0.770000 0.770000
274000.000000 96.599998 0.000070
1.073000 0.050000 0.116600
1.850649 1.177669 0.001334 0.000000
0.000000

0.000007 12.937382 149.892838
6.740574 0.890830 112.212700 642.956543 3224.314697
0.000000 1.373473 0.562311 0.000000 0.000000 0.000000
0.000000 0.000053 0.000001
-0.490953 0.235286 72.850624
764.299377 0.000000
0.000000 0.000000 0.000000 0.000000
0.000000 5.012462
8 0.020000 0.440000 0.015500
0.483000 0.377000 0.726000 0.484000 1.370000 6.610000 0.770000 0.770000
274000.000000 96.599998 0.000070
1.073000 0.050000 0.116600
1.850609 1.178016 0.001405 0.000000
0.000000

0.000007 11.739429 136.305237
6.702679 0.869036 111.356232 637.930847 3224.247070
0.000000 0.685583 0.504891 0.000000 0.000000 0.000000
0.000000 0.000033 0.000001
-0.435976 0.249338 70.880165
764.299377 0.000000
0.000000 0.000000 0.000000 0.000000
0.000000 5.189779
8 0.020000 0.460000 0.015500
0.483000 0.377000 0.726000 0.484000 1.370000 6.610000 0.770000 0.770000
274000.000000 96.599998 0.000070
1.073000 0.050000 0.116600
1.850816 1.175333 0.001486 0.000000
0.000000

0.000006 10.641085 123.930199
6.669179 0.847884 110.576500 633.324341 3224.206299
0.000000 0.449607 0.489660 0.000000 0.000000 0.000000
0.000000 0.000022 0.000000
-0.379965 0.266500 68.421555
764.299377 0.000000
0.000000 0.000000 0.000000 0.000000
0.000000 5.233924
8 0.020000 0.480000 0.015500
0.483000 0.377000 0.726000 0.484000 1.370000 6.610000 0.770000 0.770000
274000.000000 96.599998 0.000070
1.073000 0.050000 0.116600
1.850949 1.174542 0.001587 0.000000
0.000000

0.000006 9.652601 112.774185
6.643411 0.827753 109.922058 629.456299 3224.215820
0.000000 0.367518 0.480236 0.000000 0.000000 0.000000
0.000000 0.000017 0.000000
-0.322768 0.288062 65.522125
764.299377 0.000000
0.000000 0.000000 0.000000 0.000000
0.000000 5.250162
8 0.020000 0.500000 0.015500
0.483000 0.377000 0.726000 0.484000 1.370000 6.610000 0.770000 0.770000
274000.000000 96.599998 0.000070
1.073000 0.050000 0.116600
1.851311 1.173779 0.001714 0.000000
0.000000

0.000005 8.762762 102.717033
6.623549 0.808369 109.378990 626.133850 3224.216553
0.000000 0.262123 0.451775 0.000000 0.000000 0.000000
0.000000 0.000012 0.000000
-0.264043 0.316185 62.181850
764.299377 0.000000
0.000000 0.000000 0.000000 0.000000
0.000000 5.262167
8 0.020000 0.520000 0.015500
0.483000 0.377000 0.726000 0.484000 1.370000 6.610000 0.770000 0.770000
274000.000000 96.599998 0.000070
1.073000 0.050000 0.116600
1.851763 1.172971 0.001881 0.000000
0.000000

0.000000 6.146635 80.046059
3.329661 0.397426 53.843971 314.968842 1668.197632
0.000000 0.153545 0.253989 0.000000 0.000000 0.000000
0.000000 0.000007 0.000000
-0.196997 0.357200 39.876526
764.299377 0.000000
0.000000 0.000000 0.000000 0.000000
0.000000 4.774418
8 0.020000 0.540000 0.008000
0.483000 0.377000 0.726000 0.484000 1.370000 6.610000 0.770000 0.770000
274000.000000 96.599998 0.002410
1.073000 0.050000 0.116600
0.935331 0.777166 0.001405 0.000000
0.000000

0.000000 5.633122 73.094398
3.316823 0.386359 53.542675 312.915955 1667.971069
0.000000 0.567517 0.192528 0.000000 0.000000 0.000000
0.000000 0.000016 0.000000
-0.118653 0.424338 33.390949
764.299377 0.000000
0.000000 0.000000 0.000000 0.000000
0.000000 4.435308
8 0.020000 0.560000 0.008000
0.483000 0.377000 0.726000 0.484000 1.370000 6.610000 0.770000 0.770000
274000.000000 96.599998 0.002410
1.073000 0.050000 0.116600
0.936525 0.660059 0.001417 0.000000
0.000000

0.000000 5.174211 66.888542
3.311528 0.375769 53.359669 311.537689 1667.726318
0.000000 1.730751 0.177341 0.000000 0.000000 0.000000
0.000000 0.000025 0.000001
-0.026330 0.550527 24.924664
764.299377 0.000000
0.000000 0.000000 0.000000 0.000000
0.000000 4.289598
8 0.020000 0.580000 0.008000
0.483000 0.377000 0.726000 0.484000 1.370000 6.610000 0.770000 0.770000
274000.000000 96.599998 0.002410
1.073000 0.050000 0.116600
0.938003 0.637404 0.001776 0.000000
0.000000

0.000000 4.762232 61.297535
3.309826 0.370252 53.288418 310.652740 1667.460938
0.000000 0.090801 0.174150 0.000000 0.000000 0.000000
0.000000 0.000002 0.000001
-0.015319 0.918360 7.886386
764.299377 0.000000
0.000000 0.000000 0.000000 0.000000
0.000000 4.257388
8 0.020000 0.600000 0.008000
0.483000 0.377000 0.726000 0.484000 1.370000 6.610000 0.770000 0.770000
274000.000000 96.599998 0.002410
1.073000 0.050000 0.116600
0.939650 0.632414 0.002936 0.000000
0.000000

0.000001 4.409489 56.305241
3.299871 0.374976 53.276333 310.089813 1667.237549
0.000000 0.040475 0.158900 0.000000 0.000000 0.000000
0.000000 0.000001 0.000001
0.022576 1.000000 0.000000
764.299377 0.000000
0.000000 0.000000 0.000000 0.000000
0.000000 4.196306
8 0.020000 0.620000 0.008000
0.483000 0.377000 0.726000 0.484000 1.370000 6.610000 0.770000 0.770000
274000.000000 96.599998 0.002410
1.073000 0.050000 0.116600
0.941356 0.627752 0.003172 0.000000
0.000000

0.000001 4.100422 51.836613
3.292356 0.382271 53.321136 310.046051 1666.980713
0.000000 0.166731 0.215472 0.000000 0.000000 0.000000
0.000000 0.000002 0.000002
0.077483 1.000000 0.000000
764.299377 0.000000
0.000000 0.000000 0.000000 0.000000
0.000000 4.168238
8 0.020000 0.640000 0.008000
0.483000 0.377000 0.726000 0.484000 1.370000 6.610000 0.770000 0.770000
274000.000000 96.599998 0.002410
1.073000 0.050000 0.116600
0.943252 0.623005 0.003148 0.000000
0.000000

0.000001 3.803967 47.719654
3.287384 0.389830 53.413471 310.230896 1666.714966
0.000000 0.221973 0.235081 0.000000 0.000000 0.000000
0.000000 0.000002 0.000002
0.132284 1.000000 0.000000
764.299377 0.000000
0.000000 0.000000 0.000000 0.000000
0.000000 4.149871
8 0.020000 0.660000 0.008000
0.483000 0.377000 0.726000 0.484000 1.370000 6.610000 0.770000 0.770000
274000.000000 96.599998 0.002410
1.073000 0.050000 0.116600
0.945127 0.619948 0.003132 0.000000
0.000000

0.000001 3.526008 43.967869
3.287636 0.397992 53.634880 310.861633 1666.426758
0.000000 0.166073 0.283582 0.000000 0.000000 0.000000
0.000000 0.000002 0.000001
0.186938 1.000000 0.000000
764.299377 0.000000
0.000000 0.000000 0.000000 0.000000
0.000000 4.139941
8 0.020000 0.680000 0.008000
0.483000 0.377000 0.726000 0.484000 1.370000 6.610000 0.770000 0.770000
274000.000000 96.599998 0.002410
1.073000 0.050000 0.116600
0.947201 0.626850 0.003167 0.000000
0.000000

0.000001 3.285278 40.655975
3.294088 0.406914 53.933079 312.101868 1666.083252
0.000000 0.052098 0.237526 0.000000 0.000000 0.000000
0.000000 0.000001 0.000000
0.241406 1.000000 0.000000
764.299377 0.000000
0.000000 0.000000 0.000000 0.000000
0.000000 4.481622
8 0.020000 0.700000 0.008000
0.483000 0.377000 0.726000 0.484000 1.370000 6.610000 0.770000 0.770000
274000.000000 96.599998 0.002410
1.073000 0.050000 0.116600
0.949592 0.621455 0.003140 0.000000
0.000000

0.000001 3.013855 36.557381
3.306967 0.416664 54.413303 313.882629 1665.691528
0.000000 0.165446 0.356887 0.000000 0.000000 0.000000
0.000000 0.000001 0.000001
0.295657 1.000000 0.000000
764.299377 0.000000
0.000000 0.000000 0.000000 0.000000
0.000000 4.173643
8 0.020000 0.720000 0.008000
0.483000 0.377000 0.726000 0.484000 1.370000 6.610000 0.770000 0.770000
274000.000000 96.599998 0.002410
1.073000 0.050000 0.116600
0.952692 0.622859 0.003147 0.000000
0.000000

0.000002 2.926746 33.549976
2.150474 0.276231 35.730503 204.230438 1033.267456
0.000000 0.560876 0.328137 0.000000 0.000000 0.000000
0.000000 0.000003 0.000002
0.349580 1.000000 0.000000
764.299377 0.000000
0.000000 0.000000 0.000000 0.000000
0.000000 3.565135
8 0.020000 0.740000 0.005000
0.486000 0.396000 0.726000 0.501000 1.360000 6.610000 0.785000 0.785000
272000.000000 96.599998 0.003000
1.073000 0.050000 0.116600
0.595767 0.405289 0.002073 0.000000
0.000000

0.000003 2.760945 31.213188
2.160696 0.282835 36.117050 205.520950 1032.881470
0.000000 0.999578 0.359631 0.000000 0.000000 0.000000
0.000000 0.000004 0.000003
0.403153 1.000000 0.000000
764.299377 0.000000
0.000000 0.000000 0.000000 0.000000
0.000000 3.291074
8 0.020000 0.760000 0.005000
0.486000 0.396000 0.726000 0.501000 1.360000 6.610000 0.785000 0.785000
272000.000000 96.599998 0.003000
1.073000 0.050000 0.116600
0.597770 0.387580 0.001983 0.000000
0.000000

0.000004 2.617221 29.133636
2.173903 0.289870 36.547729 207.103897 1032.540161
0.000000 1.689041 0.387636 0.000000 0.000000 0.000000
0.000000 0.000004 0.000003
0.456436 1.000000 0.000000
764.299377 0.000000
0.000000 0.000000 0.000000 0.000000
0.000000 3.192539
8 0.020000 0.780000 0.005000
0.486000 0.396000 0.726000 0.501000 1.360000 6.610000 0.785000 0.785000
272000.000000 96.599998 0.003000
1.073000 0.050000 0.116600
0.599877 0.381207 0.001950 0.000000
0.000000

0.000005 2.474977 27.110512
2.187989 0.297070 36.999737 208.768738 1032.141602
0.000000 2.072131 0.400771 0.000000 0.000000 0.000000
0.000000 0.000004 0.000003
0.509411 1.000000 0.000000
764.299377 0.000000
0.000000 0.000000 0.000000 0.000000
0.000000 3.293763
8 0.020000 0.800000 0.005000
0.486000 0.396000 0.726000 0.501000 1.360000 6.610000 0.785000 0.785000
272000.000000 96.599998 0.003000
1.073000 0.050000 0.116600
0.602126 0.377213 0.001930 0.000000
0.000000

0.000000 2.195644 23.951471
2.200312 0.304075 37.436604 210.262863 1031.735229
0.000000 2.072304 0.408621 0.000000 0.000000 0.000000
0.000000 0.000004 0.000003
0.562064 1.000000 0.000000
764.299377 0.000000
0.000000 0.000000 0.000000 0.000000
0.000000 3.027623
8 0.020000 0.820000 0.005000
0.486000 0.396000 0.726000 0.501000 1.360000 6.610000 0.785000 0.785000
272000.000000 96.599998 0.003000
1.073000 0.050000 0.116600
0.604531 0.371967 0.001903 0.000000
0.000000

0.000000 2.081696 22.484278
2.219087 0.312023 37.977730 212.373627 1031.422241
0.000000 1.694473 0.410959 0.000000 0.000000 0.000000
0.000000 0.000003 0.000002
0.614383 1.000000 0.000000
764.299377 0.000000
0.000000 0.000000 0.000000 0.000000
0.000000 2.907732
8 0.020000 0.840000 0.005000
0.486000 0.396000 0.726000 0.501000 1.360000 6.610000 0.785000 0.785000
272000.000000 96.599998 0.003000
1.073000 0.050000 0.116600
0.606645 0.368280 0.001884 0.000000
0.000000

0.000000 1.952744 20.980276
2.232047 0.319204 38.359856 213.992828 1031.128784
0.000000 1.500380 0.416659 0.000000 0.000000 0.000000
0.000000 0.000002 0.000002
0.666358 1.000000 0.000000
764.299377 0.000000
0.000000 0.000000 0.000000 0.000000
0.000000 2.865985
8 0.020000 0.860000 0.005000
0.486000 0.396000 0.726000 0.501000 1.360000 6.610000 0.785000 0.785000
272000.000000 96.599998 0.003000
1.073000 0.050000 0.116600
0.608439 0.368422 0.001884 0.000000
0.000000

0.000000 1.881370 19.822821
2.246837 0.326685 38.842468 215.719604 1030.884521
0.000000 1.032529 0.408194 0.000000 0.000000 0.000000
0.000000 0.000002 0.000002
0.717979 1.000000 0.000000
764.299377 0.000000
0.000000 0.000000 0.000000 0.000000
0.000000 2.883666
8 0.020000 0.880000 0.005000
0.486000 0.396000 0.726000 0.501000 1.360000 6.610000 0.785000 0.785000
272000.000000 96.599998 0.003000
1.073000 0.050000 0.116600
0.610153 0.362959 0.001856 0.000000
0.000000

0.000000 1.834770 18.822388
2.262100 0.334277 39.526054 217.301498 1030.659302
0.000000 0.484971 0.366835 0.000000 0.000000 0.000000
0.000000 0.000001 0.000001
0.769242 1.000000 0.000000
764.299377 0.000000
0.000000 0.000000 0.000000 0.000000
0.000000 2.502707
8 0.020000 0.900000 0.005000
0.486000 0.396000 0.726000 0.501000 1.360000 6.610000 0.785000 0.785000
272000.000000 96.599998 0.003000
1.073000 0.050000 0.116600
0.611861 0.361192 0.001847 0.000000
0.000000

0.000000 1.468625 15.403319
2.273107 0.341273 39.953224 218.678009 1030.401733
0.000000 0.244028 0.332921 0.000000 0.000000 0.000000
0.000000 0.000001 0.000000
0.820141 1.000000 0.000000
764.299377 0.000000
0.000000 0.000000 0.000000 0.000000
0.000000 2.289431
8 0.020000 0.920000 0.005000
0.486000 0.396000 0.726000 0.501000 1.360000 6.610000 0.785000 0.785000
272000.000000 96.599998 0.003000
1.073000 0.050000 0.116600
0.613433 0.361451 0.001849 0.000000
0.000000

0.000000 1.372710 11.488541
0.481508 0.073409 8.482871 46.352737 206.101257
0.000000 0.374566 0.149744 0.000000 0.000000 0.000000
0.000000 0.000001 0.000001
0.870671 1.000000 0.000000
764.299377 0.000000
0.000000 0.000000 0.000000 0.000000
0.000000 1.453463
8 0.020000 0.940000 0.001000
0.486000 0.396000 0.726000 0.501000 1.360000 6.610000 0.785000 0.785000
272000.000000 96.599998 0.003000
1.073000 0.050000 0.116600
0.123004 0.080230 0.000410 0.000000
0.000000

0.000000 1.290231 10.647342
0.482885 0.074745 8.534394 46.574738 206.039810
0.000000 0.389643 0.150130 0.000000 0.000000 0.000000
0.000000 0.000001 0.000001
0.920829 1.000000 0.000000
764.299377 0.000000
0.000000 0.000000 0.000000 0.000000
0.000000 1.083650
8 0.020000 0.960000 0.001000
0.486000 0.396000 0.726000 0.501000 1.360000 6.610000 0.785000 0.785000
272000.000000 96.599998 0.003000
1.073000 0.050000 0.116600
0.123358 0.073236 0.000374 0.000000
0.000000

0.000000 1.215405 9.914032
0.485564 0.076284 8.601178 46.929905 205.959869
0.000000 0.321809 0.143895 0.000000 0.000000 0.000000
0.000000 0.000000 0.000000
0.970614 1.000000 0.000000
764.299377 0.000000
0.000000 0.000000 0.000000 0.000000
0.000000 1.003564
8 0.020000 0.980000 0.001000
0.486000 0.396000 0.726000 0.501000 1.360000 6.610000 0.785000 0.785000
272000.000000 96.599998 0.003000
1.073000 0.050000 0.116600
0.123777 0.071199 0.000364 0.000000
0.000000

0.000000 1.141227 9.238830
0.490235 0.078145 8.702916 47.478806 205.856400
0.000000 0.216186 0.124929 0.000000 0.000000 0.000000
0.000000 0.000000 0.000000
1.020023 1.000000 0.000000
764.299377 0.000000
0.000000 0.000000 0.000000 0.000000
0.000000 0.998320
8 0.020000 1.000000 0.001000
0.486000 0.396000 0.726000 0.501000 1.360000 6.610000 0.785000 0.785000
272000.000000 96.599998 0.003000
1.073000 0.050000 0.116600
0.124378 0.070587 0.000360 0.000000
0.000000

0.000000 1.047441 8.523763
0.489966 0.079220 8.717792 47.548523 205.820435
0.000000 0.123883 0.103510 0.000000 0.000000 0.000000
0.000000 0.000000 0.000000
1.069055 1.000000 0.000000
764.299377 0.000000
0.000000 0.000000 0.000000 0.000000
0.000000 0.997075
8 0.020000 1.020000 0.001000
0.486000 0.396000 0.726000 0.501000 1.360000 6.610000 0.785000 0.785000
272000.000000 96.599998 0.003000
1.073000 0.050000 0.116600
0.124539 0.069988 0.000357 0.000000
0.000000

0.000000 0.957659 7.850556
0.488555 0.080098 8.711777 47.506477 205.804733
0.000000 0.063154 0.089086 0.000000 0.000000 0.000000
0.000000 0.000000 0.000000
1.117708 1.000000 0.000000
764.299377 0.000000
0.000000 0.000000 0.000000 0.000000
0.000000 0.984839
8 0.020000 1.040000 0.001000
0.486000 0.396000 0.726000 0.501000 1.360000 6.610000 0.785000 0.785000
272000.000000 96.599998 0.003000
1.073000 0.050000 0.116600
0.124612 0.069884 0.000357 0.000000
0.000000

0.000000 0.858402 7.168961
0.485761 0.080731 8.680769 47.328568 205.798462
0.000000 0.028620 0.075407 0.000000 0.000000 0.000000
0.000000 0.000000 0.000000
1.165981 1.000000 0.000000
764.299377 0.000000
0.000000 0.000000 0.000000 0.000000
0.000000 0.977529
8 0.020000 1.060000 0.001000
0.486000 0.396000 0.726000 0.501000 1.360000 6.610000 0.785000 0.785000
272000.000000 96.599998 0.003000
1.073000 0.050000 0.116600
0.124633 0.069811 0.000357 0.000000
0.000000

0.000000 0.782004 6.609022
0.483938 0.081506 8.666518 47.242985 205.795990
0.000000 0.011058 0.061312 0.000000 0.000000 0.000000
0.000000 0.000000 0.000000
1.213873 1.000000 0.000000
764.299377 0.000000
0.000000 0.000000 0.000000 0.000000
0.000000 0.996757
8 0.020000 1.080000 0.001000
0.486000 0.396000 0.726000 0.501000 1.360000 6.610000 0.785000 0.785000
272000.000000 96.599998 0.003000
1.073000 0.050000 0.116600
0.124654 0.070072 0.000358 0.000000
0.000000

0.000000 0.712581 6.101394
0.482206 0.082279 8.653228 47.165016 205.795074
0.000000 0.003585 0.048475 0.000000 0.000000 0.000000
0.000000 0.000000 0.000000
1.261384 1.000000 0.000000
764.299377 0.000000
0.000000 0.000000 0.000000 0.000000
0.000000 0.980481
8 0.020000 1.100000 0.001000
0.486000 0.396000 0.726000 0.501000 1.360000 6.610000 0.785000 0.785000
272000.000000 96.599998 0.003000
1.073000 0.050000 0.116600
0.124674 0.069811 0.000357 0.000000
0.000000

0.000000 0.649695 5.642080
0.480593 0.083056 8.642383 47.096375 205.795334
0.000000 0.001043 0.038955 0.000000 0.000000 0.000000
0.000000 0.000000 0.000000
1.308511 1.000000 0.000000
764.299377 0.000000
0.000000 0.000000 0.000000 0.000000
0.000000 0.981190
8 0.020000 1.120000 0.001000
0.486000 0.396000 0.726000 0.501000 1.360000 6.610000 0.785000 0.785000
272000.000000 96.599998 0.003000
1.073000 0.050000 0.116600
0.124689 0.069734 0.000356 0.000000
0.000000

0.000000 0.592473 5.226073
0.479080 0.083834 8.632858 47.036076 205.794189
0.000000 0.000320 0.033437 0.000000 0.000000 0.000000
0.000000 0.000000 0.000000
1.355254 1.000000 0.000000
764.299377 0.000000
0.000000 0.000000 0.000000 0.000000
0.000000 0.964267
8 0.020000 1.140000 0.001000
0.486000 0.396000 0.726000 0.501000 1.360000 6.610000 0.785000 0.785000
272000.000000 96.599998 0.003000
1.073000 0.050000 0.116600
0.124709 0.069913 0.000357 0.000000
0.000000

0.000000 0.532478 4.815706
0.477250 0.084539 8.616706 46.943985 205.791763
0.000000 0.000118 0.030804 0.000000 0.000000 0.000000
0.000000 0.000000 0.000000
1.401613 1.000000 0.000000
764.299377 0.000000
0.000000 0.000000 0.000000 0.000000
0.000000 0.980531
8 0.020000 1.160000 0.001000
0.486000 0.396000 0.726000 0.501000 1.360000 6.610000 0.785000 0.785000
272000.000000 96.599998 0.003000
1.073000 0.050000 0.116600
0.124727 0.069875 0.000357 0.000000
0.000000

0.000000 0.486135 4.478407
0.475983 0.085329 8.611467 46.904297 205.791519
0.000000 0.000057 0.029791 0.000000 0.000000 0.000000
0.000000 0.000000 0.000000
1.447587 1.000000 0.000000
764.299377 0.000000
0.000000 0.000000 0.000000 0.000000
0.000000 0.970769
8 0.020000 1.180000 0.001000
0.486000 0.396000 0.726000 0.501000 1.360000 6.610000 0.785000 0.785000
272000.000000 96.599998 0.003000
1.073000 0.050000 0.116600
0.124750 0.069713 0.000356 0.000000
0.000000

0.000000 0.444030 4.173273
0.474780 0.086114 8.605980 46.870663 205.791199
0.000000 0.000036 0.029487 0.000000 0.000000 0.000000
0.000000 0.000000 0.000000
1.493173 1.000000 0.000000
764.299377 0.000000
0.000000 0.000000 0.000000 0.000000
0.000000 0.965632
8 0.020000 1.200000 0.001000
0.486000 0.396000 0.726000 0.501000 1.360000 6.610000 0.785000 0.785000
272000.000000 96.599998 0.003000
1.073000 0.050000 0.116600
0.124765 0.069596 0.000355 0.000000
0.000000

0.000000 0.405945 3.897530
0.473671 0.086903 8.602945 46.843994 205.790085
0.000000 0.000029 0.029451 0.000000 0.000000 0.000000
0.000000 0.000000 0.000000
1.538371 1.000000 0.000000
764.299377 0.000000
0.000000 0.000000 0.000000 0.000000
0.000000 0.953710
8 0.020000 1.220000 0.001000
0.486000 0.396000 0.726000 0.501000 1.360000 6.610000 0.785000 0.785000
272000.000000 96.599998 0.003000
1.073000 0.050000 0.116600
0.124787 0.069558 0.000355 0.000000
0.000000

0.000000 0.366159 3.625235
0.472319 0.087632 8.594244 46.792946 205.787155
0.000000 0.000027 0.029651 0.000000 0.000000 0.000000
0.000000 0.000000 0.000000
1.583180 1.000000 0.000000
764.299377 0.000000
0.000000 0.000000 0.000000 0.000000
0.000000 0.949366
8 0.020000 1.240000 0.001000
0.486000 0.396000 0.726000 0.501000 1.360000 6.610000 0.785000 0.785000
272000.000000 96.599998 0.003000
1.073000 0.050000 0.116600
0.124802 0.069561 0.000355 0.000000
0.000000

0.000000 0.335341 3.402072
0.471360 0.088420 8.593356 46.778519 205.785889
0.000000 0.000026 0.029925 0.000000 0.000000 0.000000
0.000000 0.000000 0.000000
1.627599 1.000000 0.000000
764.299377 0.000000
0.000000 0.000000 0.000000 0.000000
0.000000 0.971899
8 0.020000 1.260000 0.001000
0.486000 0.396000 0.726000 0.501000 1.360000 6.610000 0.785000 0.785000
272000.000000 96.599998 0.003000
1.073000 0.050000 0.116600
0.124822 0.069494 0.000355 0.000000
0.000000

0.000000 0.307019 3.198986
0.470406 0.089194 8.591491 46.763996 205.788010
0.000000 0.000025 0.030064 0.000000 0.000000 0.000000
0.000000 0.000000 0.000000
1.671626 1.000000 0.000000
764.299377 0.000000
0.000000 0.000000 0.000000 0.000000
0.000000 0.944155
8 0.020000 1.280000 0.001000
0.486000 0.396000 0.726000 0.501000 1.360000 6.610000 0.785000 0.785000
272000.000000 96.599998 0.003000
1.073000 0.050000 0.116600
0.124837 0.071467 0.000365 0.000000
0.000000

0.000000 0.281674 3.017010
0.469545 0.089974 8.591922 46.756813 205.786148
0.000000 0.000025 0.030189 0.000000 0.000000 0.000000
0.000000 0.000000 0.000000
1.715260 1.000000 0.000000
764.299377 0.000000
0.000000 0.000000 0.000000 0.000000
0.000000 0.941164
8 0.020000 1.300000 0.001000
0.486000 0.396000 0.726000 0.501000 1.360000 6.610000 0.785000 0.785000
272000.000000 96.599998 0.003000
1.073000 0.050000 0.116600
0.124855 0.069652 0.000356 0.000000
0.000000

0.000000 0.258538 2.851891
0.468705 0.090744 8.592067 46.750969 205.786804
0.000000 0.000024 0.030276 0.000000 0.000000 0.000000
0.000000 0.000000 0.000000
1.758501 1.000000 0.000000
764.299377 0.000000
0.000000 0.000000 0.000000 0.000000
0.000000 0.963670
8 0.020000 1.320000 0.001000
0.486000 0.396000 0.726000 0.501000 1.360000 6.610000 0.785000 0.785000
272000.000000 96.599998 0.003000
1.073000 0.050000 0.116600
0.124872 0.069902 0.000357 0.000000
0.000000

0.000000 0.234634 2.689368
0.467737 0.091476 8.589094 46.731754 205.784897
0.000000 0.000023 0.030428 0.000000 0.000000 0.000000
0.000000 0.000000 0.000000
1.801346 1.000000 0.000000
764.299377 0.000000
0.000000 0.000000 0.000000 0.000000
0.000000 0.943986
8 0.020000 1.340000 0.001000
0.486000 0.396000 0.726000 0.501000 1.360000 6.610000 0.785000 0.785000
272000.000000 96.599998 0.003000
1.073000 0.050000 0.116600
0.124889 0.069716 0.000356 0.000000
0.000000

0.000000 0.215799 2.555124
0.466952 0.092231 8.589725 46.729053 205.785538
0.000000 0.000023 0.030534 0.000000 0.000000 0.000000
0.000000 0.000000 0.000000
1.843796 1.000000 0.000000
764.299377 0.000000
0.000000 0.000000 0.000000 0.000000
0.000000 0.937340
8 0.020000 1.360000 0.001000
0.486000 0.396000 0.726000 0.501000 1.360000 6.610000 0.785000 0.785000
272000.000000 96.599998 0.003000
1.073000 0.050000 0.116600
0.124904 0.069609 0.000355 0.000000
0.000000

0.000000 0.198803 2.434243
0.466218 0.092983 8.591246 46.730198 205.787262
0.000000 0.000022 0.030636 0.000000 0.000000 0.000000
0.000000 0.000000 0.000000
1.885848 1.000000 0.000000
764.299377 0.000000
0.000000 0.000000 0.000000 0.000000
0.000000 0.934217
8 0.020000 1.380000 0.001000
0.486000 0.396000 0.726000 0.501000 1.360000 6.610000 0.785000 0.785000
272000.000000 96.599998 0.003000
1.073000 0.050000 0.116600
0.124920 0.069582 0.000355 0.000000
0.000000

0.000000 0.183283 2.324709
0.465504 0.093728 8.591226 46.733967 205.790543
0.000000 0.000022 0.031018 0.000000 0.000000 0.000000
0.000000 0.000000 0.000000
1.927503 1.000000 0.000000
764.299377 0.000000
0.000000 0.000000 0.000000 0.000000
0.000000 0.966858
8 0.020000 1.400000 0.001000
0.486000 0.396000 0.726000 0.501000 1.360000 6.610000 0.785000 0.785000
272000.000000 96.599998 0.003000
1.073000 0.050000 0.116600
0.124933 0.069575 0.000355 0.000000
0.000000

0.000000 0.169364 2.226225
0.464830 0.094468 8.593449 46.739048 205.791382
0.000000 0.000022 0.030978 0.000000 0.000000 0.000000
0.000000 0.000000 0.000000
1.968760 1.000000 0.000000
764.299377 0.000000
0.000000 0.000000 0.000000 0.000000
0.000000 0.938035
8 0.020000 1.420000 0.001000
0.486000 0.396000 0.726000 0.501000 1.360000 6.610000 0.785000 0.785000
272000.000000 96.599998 0.003000
1.073000 0.050000 0.116600
0.124950 0.069496 0.000355 0.000000
0.000000

0.000000 0.154984 2.129042
0.464060 0.095177 8.592892 46.734112 205.791046
0.000000 0.000021 0.031107 0.000000 0.000000 0.000000
0.000000 0.000000 0.000000
2.009617 1.000000 0.000000
764.299377 0.000000
0.000000 0.000000 0.000000 0.000000
0.000000 0.939424
8 0.020000 1.440000 0.001000
0.486000 0.396000 0.726000 0.501000 1.360000 6.610000 0.785000 0.785000
272000.000000 96.599998 0.003000
1.073000 0.050000 0.116600
0.124962 0.069594 0.000355 0.000000
0.000000

0.000000 0.143681 2.049470
0.463441 0.095905 8.594452 46.743912 205.792053
0.000000 0.000021 0.031209 0.000000 0.000000 0.000000
0.000000 0.000000 0.000000
2.050076 1.000000 0.000000
764.299377 0.000000
0.000000 0.000000 0.000000 0.000000
0.000000 0.938779
8 0.020000 1.460000 0.001000
0.486000 0.396000 0.726000 0.501000 1.360000 6.610000 0.785000 0.785000
272000.000000 96.599998 0.003000
1.073000 0.050000 0.116600
0.124978 0.069566 0.000355 0.000000
0.000000

0.000000 0.133463 1.977812
0.462852 0.096628 8.597134 46.754864 205.792816
0.000000 0.000020 0.031229 0.000000 0.000000 0.000000
0.000000 0.000000 0.000000
2.090134 1.000000 0.000000
764.299377 0.000000
0.000000 0.000000 0.000000 0.000000
0.000000 0.934614
8 0.020000 1.480000 0.001000
0.486000 0.396000 0.726000 0.501000 1.360000 6.610000 0.785000 0.785000
272000.000000 96.599998 0.003000
1.073000 0.050000 0.116600
0.124991 0.070059 0.000358 0.000000
0.000000

0.000000 0.124200 1.912840
0.462255 0.097337 8.599190 46.764420 205.794693
0.000000 0.000051 0.040178 0.000000 0.000000 0.000000
0.000000 0.000000 0.000000
2.129793 1.000000 0.000000
764.299377 0.000000
0.000000 0.000000 0.000000 0.000000
0.000000 0.925373
8 0.020000 1.500000 0.001000
0.486000 0.396000 0.726000 0.501000 1.360000 6.610000 0.785000 0.785000
272000.000000 96.599998 0.003000
1.073000 0.050000 0.116600
0.125006 0.069642 0.000356 0.000000
0.000000

0.000000 0.044508 1.466755
0.461111 0.097922 8.591591 46.720680 205.795013
0.000000 0.000739 0.080283 0.000000 0.000000 0.000000
0.000000 0.000000 0.000000
2.169052 1.000000 0.000000
764.299377 0.000000
0.000000 0.000000 0.000000 0.000000
0.000000 0.937958
8 0.020000 1.520000 0.001000
0.486000 0.396000 0.726000 0.501000 1.360000 6.610000 0.785000 0.785000
272000.000000 96.599998 0.003000
1.073000 0.050000 0.116600
0.125020 0.069519 0.000355 0.000000
0.000000

0.000000 0.043601 1.450613
0.460601 0.098627 8.594814 46.736820 205.797607
0.000000 0.001929 0.087353 0.000000 0.000000 0.000000
0.000000 0.000000 0.000000
2.207911 1.000000 0.000000
764.299377 0.000000
0.000000 0.000000 0.000000 0.000000
0.000000 0.928349
8 0.020000 1.540000 0.001000
0.486000 0.396000 0.726000 0.501000 1.360000 6.610000 0.785000 0.785000
272000.000000 96.599998 0.003000
1.073000 0.050000 0.116600
0.125034 0.069555 0.000355 0.000000
0.000000

0.000000 0.041966 1.432295
0.460066 0.099316 8.598125 46.748806 205.798431
0.000000 0.003503 0.094452 0.000000 0.000000 0.000000
0.000000 0.000000 0.000000
2.246372 1.000000 0.000000
764.299377 0.000000
0.000000 0.000000 0.000000 0.000000
0.000000 0.932621
8 0.020000 1.560000 0.001000
0.486000 0.396000 0.726000 0.501000 1.360000 6.610000 0.785000 0.785000
272000.000000 96.599998 0.003000
1.073000 0.050000 0.116600
0.125046 0.069494 0.000355 0.000000
0.000000

0.000000 0.041319 1.419747
0.459569 0.100003 8.601968 46.763744 205.800446
0.000000 0.005004 0.100113 0.000000 0.000000 0.000000
0.000000 0.000000 0.000000
2.284433 1.000000 0.000000
764.299377 0.000000
0.000000 0.000000 0.000000 0.000000
0.000000 0.925867
8 0.020000 1.580000 0.001000
0.486000 0.396000 0.726000 0.501000 1.360000 6.610000 0.785000 0.785000
272000.000000 96.599998 0.003000
1.073000 0.050000 0.116600
0.125061 0.069494 0.000355 0.000000
0.000000

0.000000 0.040786 1.409201
0.459121 0.100691 8.606565 46.782761 205.800491
0.000000 0.006179 0.104284 0.000000 0.000000 0.000000
0.000000 0.000000 0.000000
2.322096 1.000000 0.000000
764.299377 0.000000
0.000000 0.000000 0.000000 0.000000
0.000000 0.923827
8 0.020000 1.600000 0.001000
0.486000 0.396000 0.726000 0.501000 1.360000 6.610000 0.785000 0.785000
272000.000000 96.599998 0.003000
1.073000 0.050000 0.116600
0.125073 0.069507 0.000355 0.000000
0.000000

0.000000 0.040324 1.399673
0.458662 0.101366 8.610774 46.799789 205.802139
0.000000 0.007026 0.107380 0.000000 0.000000 0.000000
0.000000 0.000000 0.000000
2.359363 1.000000 0.000000
764.299377 0.000000
0.000000 0.000000 0.000000 0.000000
0.000000 0.926076
8 0.020000 1.620000 0.001000
0.486000 0.396000 0.726000 0.501000 1.360000 6.610000 0.785000 0.785000
272000.000000 96.599998 0.003000
1.073000 0.050000 0.116600
0.125087 0.070061 0.000358 0.000000
0.000000

0.000000 0.039912 1.391392
0.458221 0.102035 8.615178 46.817970 205.803833
0.000000 0.007627 0.109727 0.000000 0.000000 0.000000
0.000000 0.000000 0.000000
2.396234 1.000000 0.000000
764.299377 0.000000
0.000000 0.000000 0.000000 0.000000
0.000000 0.920236
8 0.020000 1.640000 0.001000
0.486000 0.396000 0.726000 0.501000 1.360000 6.610000 0.785000 0.785000
272000.000000 96.599998 0.003000
1.073000 0.050000 0.116600
0.125099 0.069511 0.000355 0.000000
0.000000

0.000000 0.039578 1.384264
0.457792 0.102697 8.619632 46.836418 205.805267
0.000000 0.008067 0.111696 0.000000 0.000000 0.000000
0.000000 0.000000 0.000000
2.432710 1.000000 0.000000
764.299377 0.000000
0.000000 0.000000 0.000000 0.000000
0.000000 0.917307
8 0.020000 1.660000 0.001000
0.486000 0.396000 0.726000 0.501000 1.360000 6.610000 0.785000 0.785000
272000.000000 96.599998 0.003000
1.073000 0.050000 0.116600
0.125113 0.069514 0.000355 0.000000
0.000000

0.000000 0.038808 1.375508
0.457332 0.103342 8.623385 46.851044 205.807785
0.000000 0.008397 0.113413 0.000000 0.000000 0.000000
0.000000 0.000000 0.000000
2.468795 1.000000 0.000000
764.299377 0.000000
0.000000 0.000000 0.000000 0.000000
0.000000 0.915217
8 0.020000 1.680000 0.001000
0.486000 0.396000 0.726000 0.501000 1.360000 6.610000 0.785000 0.785000
272000.000000 96.599998 0.003000
1.073000 0.050000 0.116600
0.125127 0.069467 0.000355 0.000000
0.000000

0.000000 0.038568 1.371345
0.456992 0.104005 8.629207 46.877014 205.808533
0.000000 0.008644 0.114913 0.000000 0.000000 0.000000
0.000000 0.000000 0.000000
2.504487 1.000000 0.000000
764.299377 0.000000
0.000000 0.000000 0.000000 0.000000
0.000000 0.920770
8 0.020000 1.700000 0.001000
0.486000 0.396000 0.726000 0.501000 1.360000 6.610000 0.785000 0.785000
272000.000000 96.599998 0.003000
1.073000 0.050000 0.116600
0.125146 0.069488 0.000355 0.000000
0.000000

0.000000 0.038416 1.367188
0.456606 0.104649 8.634019 46.897636 205.808838
0.000000 0.008842 0.116351 0.000000 0.000000 0.000000
0.000000 0.000000 0.000000
2.539790 1.000000 0.000000
764.299377 0.000000
0.000000 0.000000 0.000000 0.000000
0.000000 0.913807
8 0.020000 1.720000 0.001000
0.486000 0.396000 0.726000 0.501000 1.360000 6.610000 0.785000 0.785000
272000.000000 96.599998 0.003000
1.073000 0.050000 0.116600
0.125159 0.069457 0.000355 0.000000
0.000000

0.000000 0.038278 1.363583
0.456214 0.105282 8.638603 46.916859 205.810104
0.000000 0.009005 0.117778 0.000000 0.000000 0.000000
0.000000 0.000000 0.000000
2.574705 1.000000 0.000000
764.299377 0.000000
0.000000 0.000000 0.000000 0.000000
0.000000 0.915803
8 0.020000 1.740000 0.001000
0.486000 0.396000 0.726000 0.501000 1.360000 6.610000 0.785000 0.785000
272000.000000 96.599998 0.003000
1.073000 0.050000 0.116600
0.125172 0.069483 0.000355 0.000000
0.000000

0.000000 0.038198 1.360925
0.455855 0.105914 8.643611 46.938641 205.810806
0.000000 0.009146 0.119306 0.000000 0.000000 0.000000
0.000000 0.000000 0.000000
2.609233 1.000000 0.000000
764.299377 0.000000
0.000000 0.000000 0.000000 0.000000
0.000000 0.914015
8 0.020000 1.760000 0.001000
0.486000 0.396000 0.726000 0.501000 1.360000 6.610000 0.785000 0.785000
272000.000000 96.599998 0.003000
1.073000 0.050000 0.116600
0.125189 0.069429 0.000355 0.000000
0.000000

0.000000 0.038133 1.358746
0.455491 0.106535 8.648416 46.959270 205.811768
0.000000 0.009247 0.120673 0.000000 0.000000 0.000000
0.000000 0.000000 0.000000
2.643378 1.000000 0.000000
764.299377 0.000000
0.000000 0.000000 0.000000 0.000000
0.000000 0.909472
8 0.020000 1.780000 0.001000
0.486000 0.396000 0.726000 0.501000 1.360000 6.610000 0.785000 0.785000
272000.000000 96.599998 0.003000
1.073000 0.050000 0.116600
0.125206 0.069447 0.000355 0.000000
0.000000

0.000000 0.038093 1.356986
0.455131 0.107149 8.653158 46.979599 205.814011
0.000000 0.009328 0.122088 0.000000 0.000000 0.000000
0.000000 0.000000 0.000000
2.677141 1.000000 0.000000
764.299377 0.000000
0.000000 0.000000 0.000000 0.000000
0.000000 0.906372
8 0.020000 1.800000 0.001000
0.486000 0.396000 0.726000 0.501000 1.360000 6.610000 0.785000 0.785000
272000.000000 96.599998 0.003000
1.073000 0.050000 0.116600
0.125219 0.069401 0.000354 0.000000
0.000000

0.000000 0.035700 1.312902
0.454743 0.107748 8.657241 46.996464 205.815018
0.000000 0.009397 0.123519 0.000000 0.000000 0.000000
0.000000 0.000000 0.000000
2.710524 1.000000 0.000000
764.299377 0.000000
0.000000 0.000000 0.000000 0.000000
0.000000 0.910867
8 0.020000 1.820000 0.001000
0.486000 0.396000 0.726000 0.501000 1.360000 6.610000 0.785000 0.785000
272000.000000 96.599998 0.003000
1.073000 0.050000 0.116600
0.125230 0.069427 0.000355 0.000000
0.000000

0.000000 0.035954 1.316025
0.454398 0.108348 8.661958 47.016853 205.815781
0.000000 0.009450 0.124851 0.000000 0.000000 0.000000
0.000000 0.000000 0.000000
2.743531 1.000000 0.000000
764.299377 0.000000
0.000000 0.000000 0.000000 0.000000
0.000000 0.904236
8 0.020000 1.840000 0.001000
0.486000 0.396000 0.726000 0.501000 1.360000 6.610000 0.785000 0.785000
272000.000000 96.599998 0.003000
1.073000 0.050000 0.116600
0.125247 0.069368 0.000354 0.000000
0.000000

0.000000 0.036190 1.319076
0.454053 0.108940 8.666594 47.036625 205.816208
0.000000 0.009495 0.126187 0.000000 0.000000 0.000000
0.000000 0.000000 0.000000
2.776162 1.000000 0.000000
764.299377 0.000000
0.000000 0.000000 0.000000 0.000000
0.000000 0.904640
8 0.020000 1.860000 0.001000
0.486000 0.396000 0.726000 0.501000 1.360000 6.610000 0.785000 0.785000
272000.000000 96.599998 0.003000
1.073000 0.050000 0.116600
0.125258 0.069349 0.000354 0.000000
0.000000

0.000000 0.036436 1.322102
0.453713 0.109525 8.671126 47.056095 205.816345
0.000000 0.009540 0.127559 0.000000 0.000000 0.000000
0.000000 0.000000 0.000000
2.808421 1.000000 0.000000
764.299377 0.000000
0.000000 0.000000 0.000000 0.000000
0.000000 0.901939
8 0.020000 1.880000 0.001000
0.486000 0.396000 0.726000 0.501000 1.360000 6.610000 0.785000 0.785000
272000.000000 96.599998 0.003000
1.073000 0.050000 0.116600
0.125273 0.069357 0.000354 0.000000
0.000000

0.000000 0.036654 1.324817
0.453358 0.110098 8.675286 47.073341 205.817337
0.000000 0.009588 0.128971 0.000000 0.000000 0.000000
0.000000 0.000000 0.000000
2.840310 1.000000 0.000000
764.299377 0.000000
0.000000 0.000000 0.000000 0.000000
0.000000 0.902583
8 0.020000 1.900000 0.001000
0.486000 0.396000 0.726000 0.501000 1.360000 6.610000 0.785000 0.785000
272000.000000 96.599998 0.003000
1.073000 0.050000 0.116600
0.125285 0.069363 0.000354 0.000000
0.000000

0.000000 0.036895 1.327806
0.453029 0.110669 8.679796 47.092701 205.817871
0.000000 0.009637 0.130403 0.000000 0.000000 0.000000
0.000000 0.000000 0.000000
2.871831 1.000000 0.000000
764.299377 0.000000
0.000000 0.000000 0.000000 0.000000
0.000000 0.899765
8 0.020000 1.920000 0.001000
0.486000 0.396000 0.726000 0.501000 1.360000 6.610000 0.785000 0.785000
272000.000000 96.599998 0.003000
1.073000 0.050000 0.116600
0.125295 0.069347 0.000354 0.000000
0.000000

0.000000 0.037127 1.331068
0.452725 0.111238 8.684633 47.113945 205.818420
0.000000 0.009680 0.131763 0.000000 0.000000 0.000000
0.000000 0.000000 0.000000
2.902989 1.000000 0.000000
764.299377 0.000000
0.000000 0.000000 0.000000 0.000000
0.000000 0.898326
8 0.020000 1.940000 0.001000
0.486000 0.396000 0.726000 0.501000 1.360000 6.610000 0.785000 0.785000
272000.000000 96.599998 0.003000
1.073000 0.050000 0.116600
0.125313 0.069310 0.000354 0.000000
0.000000

0.000000 0.037371 1.335026
0.452471 0.111812 8.690340 47.139797 205.818512
0.000000 0.009726 0.133207 0.000000 0.000000 0.000000
0.000000 0.000000 0.000000
2.933784 1.000000 0.000000
764.299377 0.000000
0.000000 0.000000 0.000000 0.000000
0.000000 0.896935
8 0.020000 1.960000 0.001000
0.486000 0.396000 0.726000 0.501000 1.360000 6.610000 0.785000 0.785000
272000.000000 96.599998 0.003000
1.073000 0.050000 0.116600
0.125327 0.069297 0.000354 0.000000
0.000000

0.000000 0.037609 1.344112
0.452572 0.112466 8.702716 47.201984 205.815704
0.000000 0.009760 0.134650 0.000000 0.000000 0.000000
0.000000 0.000000 0.000000
2.964220 1.000000 0.000000
764.299377 0.000000
0.000000 0.000000 0.000000 0.000000
0.000000 0.895879
8 0.020000 1.980000 0.001000
0.486000 0.396000 0.726000 0.501000 1.360000 6.610000 0.785000 0.785000
272000.000000 96.599998 0.003000
1.073000 0.050000 0.116600
0.125370 0.069239 0.000354 0.000000
0.000000

0.000000 0.037855 1.358242
0.453018 0.113200 8.721653 47.299667 205.811218
0.000000 0.072415 0.205820 0.000000 0.000000 0.000000
0.000000 0.000000 0.000000
2.994299 1.000000 0.000000
764.299377 0.000000
0.000000 0.000000 0.000000 0.000000
0.000000 0.895937
8 0.020000 2.000000 0.001000
0.486000 0.396000 0.726000 0.501000 1.360000 6.610000 0.785000 0.785000
272000.000000 96.599998 0.003000
1.073000 0.050000 0.116600
0.125435 0.069275 0.000354 0.000000
0.000000
1.000000
2.000000
0.000000 0.000000
0.000000
0
-0.600000
0 0
0.000000
1
0.000000
1.000000
1.000000
1.000000
0.000000 0.000000 0.000000
0.000000 0.000000
0.000000 0.000000 0.000000 0.000000 0.000000 0.000000 0.000000
0.000000 0.000000 0.000000 0.000000 0.000000 0.000000 0.000000
234
2.000000
1
C:\DNDC\sites\Ottawa\CEFSoilc.spf
-1.000000 -1.000000
0.000000
30
30
10.000000
105
0.000000
0.000000
257
0.000000
447596.125000
1
