7
Clay_loam
0.314000 0.490000 0.006410 0.726000 0.398000 1.000000 0.000000 0.000000
1.350000 6.610000 1 0.031000 0.500000 0.050000 0.010000 0.240000 0.750000
0.000000 0.020000 2.000000 270000.000000 96.599998 100
0.233300 1.944000 3.025300 0.000000 1
10.000000 10.000000 10.000000 5.000000 25.000000 100.000000
0.000000 0.000000 0.040857 0.000000 0.000000 0.000000
500.000000 0.000000 0.000000

0.000007 40.555592 397.145386
8.401896 1.008165 110.307289 1272.350586 5666.939941
0.000000 4.297119 1.287529 1.010348 0.000000 0.000000
0.000327 0.008645 0.001738
-2.363662 0.107509 68.419342
764.299377 0.000000
4.860749 0.000000 0.000000 0.000000
0.000000 9.805817
7 0.020000 0.020000 0.031000
0.490000 0.314000 0.726000 0.398000 1.350000 6.610000 0.726000 0.726000
270000.000000 96.599998 0.006410
1.073000 0.050000 0.116600
19.892029 6.887146 0.003986 0.000000
0.000000

0.000006 36.026466 397.202423
8.655219 1.020887 106.454506 1274.659424 5668.555176
0.000000 1.377042 1.225962 0.505174 0.000000 0.000000
0.000001 0.003050 0.001110
-2.214315 0.111071 87.114990
764.299377 0.000000
4.461565 0.000000 0.000000 0.000000
0.000000 6.051630
7 0.020000 0.040000 0.031000
0.490000 0.314000 0.726000 0.398000 1.350000 6.610000 0.726000 0.726000
270000.000000 96.599998 0.006410
1.073000 0.050000 0.116600
19.863218 6.900649 0.004127 0.000000
0.000000

0.000006 36.652634 395.549347
8.885705 1.035546 107.327225 1274.282471 5668.186523
0.000000 1.260432 1.214087 0.252587 0.000000 0.000000
0.000001 0.001546 0.000806
-2.113080 0.113699 86.857552
764.299377 0.000000
4.213900 0.000000 0.000000 0.000000
0.000000 6.475586
7 0.020000 0.060000 0.031000
0.490000 0.314000 0.726000 0.398000 1.350000 6.610000 0.726000 0.726000
270000.000000 96.599998 0.006410
1.073000 0.050000 0.116600
19.869736 6.909800 0.004231 0.000000
0.000000

0.000006 37.028778 395.901093
9.120264 1.049307 107.744995 1274.129028 5668.012695
0.000000 1.320491 1.231644 0.126294 0.000000 0.000000
0.000000 0.000000 0.000624
-2.012378 0.116506 86.582458
764.299377 0.000000
3.963292 0.000000 0.000000 0.000000
0.000000 6.524591
7 0.020000 0.080000 0.031000
0.490000 0.314000 0.726000 0.398000 1.350000 6.610000 0.726000 0.726000
270000.000000 96.599998 0.006410
1.073000 0.050000 0.116600
19.872807 6.905379 0.004333 0.000000
0.000000

0.000006 36.780476 395.779236
9.430131 1.066426 107.636131 1274.148438 5668.075684
0.000000 1.392423 1.389764 0.063147 0.000000 0.000000
0.000000 0.000000 0.000536
-1.912221 0.119514 86.287636
764.299377 0.000000
3.736105 0.000000 0.000000 0.000000
0.000000 6.251566
7 0.020000 0.100000 0.025000
0.490000 0.314000 0.726000 0.398000 1.350000 6.610000 0.726000 0.726000
270000.000000 96.599998 0.006410
1.073000 0.050000 0.116600
19.872013 6.900551 0.004442 0.000000
0.000000

0.000009 56.932884 412.444244
9.701299 1.163130 124.614761 1266.347412 5661.097168
0.000000 1.361105 0.793521 0.031573 0.000000 0.000000
0.000000 0.000000 0.000395
-1.812622 0.122749 85.970627
764.299377 0.000000
3.265795 0.000000 0.000000 0.000000
0.000000 5.828551
7 0.020000 0.120000 0.025000
0.490000 0.314000 0.726000 0.398000 1.350000 6.610000 0.726000 0.726000
270000.000000 96.599998 0.006410
1.073000 0.050000 0.116600
19.990179 6.770370 0.004472 0.000000
0.000000

0.000154 12.206745 464.377686
10.777033 1.260883 212.968613 1301.612549 5606.025879
0.000000 1.201260 0.688334 0.015787 0.000000 0.000000
0.000000 0.000000 0.000000
-1.713597 0.126240 85.628510
764.299377 0.000000
3.308429 0.000000 0.000000 0.000000
0.000000 4.655309
7 0.020000 0.140000 0.025000
0.490000 0.314000 0.726000 0.398000 1.350000 6.610000 0.726000 0.726000
270000.000000 96.599998 0.006410
1.073000 0.050000 0.116600
21.018396 5.100965 0.003433 0.000000
0.000000

0.000175 29.541672 464.535950
11.083211 1.391108 213.347443 1294.759888 5605.630859
0.000000 0.976564 0.592952 0.007893 0.000000 0.000000
0.000000 0.000000 0.000000
-1.615161 0.130022 85.257866
764.299377 0.000000
2.809632 0.000000 0.000000 0.000000
0.000000 3.545842
7 0.020000 0.160000 0.025000
0.490000 0.314000 0.726000 0.398000 1.350000 6.610000 0.726000 0.726000
270000.000000 96.599998 0.006410
1.073000 0.050000 0.116600
21.030197 4.823750 0.003340 0.000000
0.000000

0.000204 28.954206 466.572296
11.292048 1.395792 215.006546 1294.126953 5605.068359
0.000000 0.779822 0.533083 0.003947 0.000000 0.000000
0.000000 0.000000 0.000000
-1.517329 0.134138 84.854477
764.299377 0.000000
2.606072 0.000000 0.000000 0.000000
0.000000 2.656479
7 0.020000 0.180000 0.020000
0.490000 0.314000 0.726000 0.398000 1.350000 6.610000 0.726000 0.726000
270000.000000 96.599998 0.006410
1.073000 0.050000 0.116600
21.046469 4.569964 0.003260 0.000000
0.000000

0.000232 28.117634 467.060791
11.497011 1.400098 216.083969 1293.483398 5605.001465
0.000000 1.607031 0.587020 0.001973 0.000000 0.000000
0.000000 0.000000 0.000000
-1.420120 0.138640 84.413300
764.299377 0.000000
2.400662 0.000000 0.000000 0.000000
0.000000 6.778425
7 0.020000 0.200000 0.020000
0.490000 0.314000 0.726000 0.398000 1.350000 6.610000 0.726000 0.726000
270000.000000 96.599998 0.006410
1.073000 0.050000 0.116600
21.056110 7.717013 0.005793 0.000000
0.000000

0.000272 29.245621 468.889740
11.769462 1.413162 218.035278 1298.677734 5601.924316
0.000000 2.328024 0.985262 0.000987 0.000000 0.000000
0.000000 0.000000 0.000000
-1.323549 0.143591 83.928078
764.299377 0.000000
2.206912 0.000000 0.000000 0.000000
0.000000 12.416712
7 0.020000 0.220000 0.020000
0.490000 0.314000 0.726000 0.398000 1.350000 6.610000 0.726000 0.726000
270000.000000 96.599998 0.006410
1.073000 0.050000 0.116600
21.100517 9.272204 0.007277 0.000000
0.000000

0.001197 26.379564 215.373322
7.811360 1.085555 139.671997 827.959412 4102.635254
0.000000 2.807603 0.852185 0.000493 0.000000 0.000000
0.000000 0.000000 0.000000
-1.227627 0.149071 83.391029
764.299377 0.000000
0.908531 0.000000 0.000000 0.000000
0.000000 4.192823
7 0.020000 0.240000 0.020000
0.490000 0.314000 0.726000 0.398000 1.350000 6.610000 0.726000 0.726000
270000.000000 96.599998 0.006410
1.073000 0.050000 0.116600
2.328193 3.679162 0.002903 0.000000
0.000000

0.001057 23.677982 195.178284
7.823205 1.073124 138.354706 820.610779 4102.346680
0.000000 3.696491 0.860620 0.000247 0.000000 0.000000
0.000000 0.000000 0.000000
-1.132368 0.155182 82.792213
764.299377 0.000000
0.819021 0.000000 0.000000 0.000000
0.000000 3.001816
7 0.020000 0.260000 0.020000
0.490000 0.314000 0.726000 0.398000 1.350000 6.610000 0.726000 0.726000
270000.000000 96.599998 0.006410
1.073000 0.050000 0.116600
2.330065 2.086273 0.001699 0.000000
0.000000

0.002021 25.532410 193.589630
7.584848 1.102767 133.205368 775.215393 3688.401367
0.000000 20.847883 1.379888 0.000123 0.000000 0.000000
0.000000 0.000000 0.000000
-1.037597 0.162065 81.417641
764.299377 0.000000
0.529395 0.000000 0.000000 0.000000
0.000000 6.870125
7 0.020000 0.280000 0.018000
0.490000 0.314000 0.726000 0.398000 1.350000 6.610000 0.726000 0.726000
270000.000000 96.599998 0.000070
1.073000 0.050000 0.116600
2.129792 2.899094 0.002477 0.000000
0.000000

0.002193 24.214588 180.281174
7.672888 1.095394 134.215637 778.106628 3686.764404
0.000000 18.697002 1.191957 0.000062 0.000000 0.000000
0.000000 0.000000 0.000000
-0.943472 0.169888 81.192146
764.299377 0.000000
0.478220 0.000000 0.000000 0.000000
0.000000 4.371573
7 0.020000 0.300000 0.018000
0.490000 0.314000 0.726000 0.398000 1.350000 6.610000 0.726000 0.726000
270000.000000 96.599998 0.000070
1.073000 0.050000 0.116600
2.139004 1.597014 0.001420 0.000000
0.000000

0.001981 21.886551 163.833542
7.638446 1.087725 132.826996 769.916260 3686.582520
0.000000 12.261677 0.989930 0.000031 0.000000 0.000000
0.000000 0.000000 0.000000
-0.850107 0.178868 80.341637
764.299377 0.000000
0.421190 0.000000 0.000000 0.000000
0.000000 3.540680
7 0.020000 0.320000 0.018000
0.490000 0.314000 0.726000 0.398000 1.350000 6.610000 0.726000 0.726000
270000.000000 96.599998 0.000070
1.073000 0.050000 0.116600
2.138211 1.382444 0.001292 0.000000
0.000000

0.002101 20.685354 151.357910
7.071428 1.067902 122.021996 699.943054 3219.584961
0.000000 7.839362 0.819576 0.000015 0.000000 0.000000
0.000000 0.000000 0.000000
-0.756723 0.189417 77.888580
764.299377 0.000000
0.189046 0.000000 0.000000 0.000000
0.000000 3.238861
8 0.020000 0.340000 0.015500
0.483000 0.377000 0.726000 0.484000 1.370000 6.610000 0.770000 0.770000
274000.000000 96.599998 0.000070
1.073000 0.050000 0.116600
1.888008 1.201794 0.001155 0.000000
0.000000

0.001880 18.667652 137.599487
7.124350 1.133456 120.896896 693.537170 3219.505127
0.000000 5.763814 0.748755 0.000008 0.000000 0.000000
0.000000 0.000220 0.000004
-0.663108 0.202057 76.479988
764.299377 0.000000
0.000000 0.000000 0.000000 0.000000
0.000000 3.410528
8 0.020000 0.360000 0.015500
0.483000 0.377000 0.726000 0.484000 1.370000 6.610000 0.770000 0.770000
274000.000000 96.599998 0.000070
1.073000 0.050000 0.116600
1.887522 1.157144 0.001186 0.000000
0.000000

0.001689 16.840790 125.116959
7.067989 1.112244 119.839333 687.499512 3219.518066
0.000000 4.836776 0.712693 0.000004 0.000000 0.000000
0.000000 0.000190 0.000004
-0.569636 0.217471 74.698402
764.299377 0.000000
0.000000 0.000000 0.000000 0.000000
0.000000 3.653737
8 0.020000 0.380000 0.015500
0.483000 0.377000 0.726000 0.484000 1.370000 6.610000 0.770000 0.770000
274000.000000 96.599998 0.000070
1.073000 0.050000 0.116600
1.886888 1.147105 0.001265 0.000000
0.000000

0.001519 15.195735 113.846542
7.011244 1.102147 118.868004 681.902100 3219.499512
0.000000 4.340479 0.692513 0.000002 0.000000 0.000000
0.000000 0.000165 0.000003
-0.475657 0.236882 72.138985
764.299377 0.000000
0.000000 0.000000 0.000000 0.000000
0.000000 3.879273
8 0.020000 0.400000 0.015500
0.483000 0.377000 0.726000 0.484000 1.370000 6.610000 0.770000 0.770000
274000.000000 96.599998 0.000070
1.073000 0.050000 0.116600
1.886245 1.145861 0.001377 0.000000
0.000000

0.001368 13.727283 103.765312
6.958923 1.105596 118.070793 677.433655 3219.518555
0.000000 3.996680 0.682987 0.000001 0.000000 0.000000
0.000000 0.000144 0.000003
-0.379309 0.262512 67.662285
764.299377 0.000000
0.000000 0.000000 0.000000 0.000000
0.000000 4.084425
8 0.020000 0.420000 0.015500
0.483000 0.377000 0.726000 0.484000 1.370000 6.610000 0.770000 0.770000
274000.000000 96.599998 0.000070
1.073000 0.050000 0.116600
1.886085 1.145379 0.001526 0.000000
0.000000

0.001232 12.403629 94.658997
6.901191 1.123634 117.337326 673.373657 3219.573730
0.000000 3.671365 0.677509 0.000000 0.000000 0.000000
0.000000 0.000126 0.000003
-0.274204 0.299052 59.389324
764.299377 0.000000
0.000000 0.000000 0.000000 0.000000
0.000000 4.269010
8 0.020000 0.440000 0.015500
0.483000 0.377000 0.726000 0.484000 1.370000 6.610000 0.770000 0.770000
274000.000000 96.599998 0.000070
1.073000 0.050000 0.116600
1.885921 1.145810 0.001741 0.000000
0.000000

0.001110 11.216922 86.481583
6.840657 1.148865 116.724045 669.963806 3219.594482
0.000000 3.310788 0.674532 0.000000 0.000000 0.000000
0.000000 0.000109 0.000002
-0.122320 0.358051 47.463203
764.299377 0.000000
0.000000 0.000000 0.000000 0.000000
0.000000 4.426390
8 0.020000 0.460000 0.015500
0.483000 0.377000 0.726000 0.484000 1.370000 6.610000 0.770000 0.770000
274000.000000 96.599998 0.000070
1.073000 0.050000 0.116600
1.885979 1.142709 0.002086 0.000000
0.000000

0.001005 10.145256 79.073357
6.774304 1.182972 116.180832 666.862976 3219.620361
0.000000 2.981524 0.674736 0.000000 0.000000 0.000000
0.000000 0.000094 0.000002
-0.037195 0.478213 32.339443
764.299377 0.000000
0.000000 0.000000 0.000000 0.000000
0.000000 4.560980
8 0.020000 0.480000 0.015500
0.483000 0.377000 0.726000 0.484000 1.370000 6.610000 0.770000 0.770000
274000.000000 96.599998 0.000070
1.073000 0.050000 0.116600
1.886026 1.141459 0.002777 0.000000
0.000000

0.000908 9.179553 72.407280
6.696361 1.228510 115.727890 664.320557 3219.673584
0.000000 2.970680 0.688564 0.000000 0.000000 0.000000
0.000000 0.000047 0.000038
-0.025725 0.807682 0.000000
764.299377 0.000000
0.000000 0.000000 0.000000 0.000000
0.000000 4.637232
8 0.020000 0.500000 0.015500
0.483000 0.377000 0.726000 0.484000 1.370000 6.610000 0.770000 0.770000
274000.000000 96.599998 0.000070
1.073000 0.050000 0.116600
1.886266 1.139082 0.004661 0.000000
0.000000

0.000823 8.313458 66.414246
6.622797 1.277424 115.352600 662.181519 3219.700439
0.000000 3.392605 0.715813 0.000000 0.000000 0.000000
0.000000 0.000043 0.000035
0.067020 0.814612 0.000000
764.299377 0.000000
0.000000 0.000000 0.000000 0.000000
0.000000 4.678678
8 0.020000 0.520000 0.015500
0.483000 0.377000 0.726000 0.484000 1.370000 6.610000 0.770000 0.770000
274000.000000 96.599998 0.000070
1.073000 0.050000 0.116600
1.886585 1.138645 0.004700 0.000000
0.000000

0.000244 5.783635 49.804405
3.298877 0.669360 56.587364 333.089813 1665.357910
0.000000 3.484954 0.428965 0.000000 0.000000 0.000000
0.000000 0.000038 0.000031
0.159839 0.770000 0.000000
764.299377 0.000000
0.000000 0.000000 0.000000 0.000000
0.000000 4.527444
8 0.020000 0.540000 0.008000
0.483000 0.377000 0.726000 0.484000 1.370000 6.610000 0.770000 0.770000
274000.000000 96.599998 0.002410
1.073000 0.050000 0.116600
0.957964 0.723954 0.002818 0.000000
0.000000

0.000228 5.277534 45.646122
3.258653 0.694209 56.329899 331.998322 1665.199097
0.000000 2.750677 0.430644 0.000000 0.000000 0.000000
0.000000 0.000032 0.000026
0.252958 0.770000 0.000000
764.299377 0.000000
0.000000 0.000000 0.000000 0.000000
0.000000 4.361046
8 0.020000 0.560000 0.008000
0.483000 0.377000 0.726000 0.484000 1.370000 6.610000 0.770000 0.770000
274000.000000 96.599998 0.002410
1.073000 0.050000 0.116600
0.958854 0.630610 0.002454 0.000000
0.000000

0.000217 4.836820 41.972366
3.224516 0.719105 56.240067 331.323303 1664.999756
0.000000 2.028407 0.432561 0.000000 0.000000 0.000000
0.000000 0.000026 0.000021
0.345137 0.770000 0.000000
764.299377 0.000000
0.000000 0.000000 0.000000 0.000000
0.000000 4.316757
8 0.020000 0.580000 0.008000
0.483000 0.377000 0.726000 0.484000 1.370000 6.610000 0.770000 0.770000
274000.000000 96.599998 0.002410
1.073000 0.050000 0.116600
0.959967 0.613582 0.002387 0.000000
0.000000

0.000209 4.448722 38.684196
3.195244 0.743968 56.255947 331.002777 1664.765991
0.000000 1.602391 0.433888 0.000000 0.000000 0.000000
0.000000 0.000021 0.000017
0.436371 0.770000 0.000000
764.299377 0.000000
0.000000 0.000000 0.000000 0.000000
0.000000 4.349959
8 0.020000 0.600000 0.008000
0.483000 0.377000 0.726000 0.484000 1.370000 6.610000 0.770000 0.770000
274000.000000 96.599998 0.002410
1.073000 0.050000 0.116600
0.961222 0.611238 0.002378 0.000000
0.000000

0.000206 4.107477 35.711765
3.168152 0.768306 56.340641 330.762634 1664.575195
0.000000 1.359601 0.435218 0.000000 0.000000 0.000000
0.000000 0.000018 0.000014
0.526656 0.770000 0.000000
764.299377 0.000000
0.000000 0.000000 0.000000 0.000000
0.000000 4.389209
8 0.020000 0.620000 0.008000
0.483000 0.377000 0.726000 0.484000 1.370000 6.610000 0.770000 0.770000
274000.000000 96.599998 0.002410
1.073000 0.050000 0.116600
0.962440 0.606811 0.002361 0.000000
0.000000

0.000207 3.809142 33.067806
3.145210 0.792694 56.505665 330.842163 1664.368164
0.000000 1.072395 0.431407 0.000000 0.000000 0.000000
0.000000 0.000014 0.000011
0.615992 0.770000 0.000000
764.299377 0.000000
0.000000 0.000000 0.000000 0.000000
0.000000 4.326581
8 0.020000 0.640000 0.008000
0.483000 0.377000 0.726000 0.484000 1.370000 6.610000 0.770000 0.770000
274000.000000 96.599998 0.002410
1.073000 0.050000 0.116600
0.963792 0.603300 0.002347 0.000000
0.000000

0.000209 3.536507 30.677521
3.125142 0.816935 56.700165 331.152344 1664.129150
0.000000 0.975049 0.433906 0.000000 0.000000 0.000000
0.000000 0.000012 0.000010
0.704379 0.770000 0.000000
764.299377 0.000000
0.000000 0.000000 0.000000 0.000000
0.000000 4.219623
8 0.020000 0.660000 0.008000
0.483000 0.377000 0.726000 0.484000 1.370000 6.610000 0.770000 0.770000
274000.000000 96.599998 0.002410
1.073000 0.050000 0.116600
0.965192 0.600754 0.002337 0.000000
0.000000

0.000208 3.279728 28.526747
3.110269 0.841754 56.937737 331.981598 1663.863037
0.000000 1.105543 0.450326 0.000000 0.000000 0.000000
0.000000 0.000011 0.000009
0.791817 0.770000 0.000000
764.299377 0.000000
0.000000 0.000000 0.000000 0.000000
0.000000 4.180004
8 0.020000 0.680000 0.008000
0.483000 0.377000 0.726000 0.484000 1.370000 6.610000 0.770000 0.770000
274000.000000 96.599998 0.002410
1.073000 0.050000 0.116600
0.966821 0.605414 0.002355 0.000000
0.000000

0.000211 3.054307 26.631874
3.099730 0.867061 57.285637 333.165009 1663.540649
0.000000 1.133211 0.460630 0.000000 0.000000 0.000000
0.000000 0.000010 0.000008
0.878310 0.770000 0.000000
764.299377 0.000000
0.000000 0.000000 0.000000 0.000000
0.000000 4.178071
8 0.020000 0.700000 0.008000
0.483000 0.377000 0.726000 0.484000 1.370000 6.610000 0.770000 0.770000
274000.000000 96.599998 0.002410
1.073000 0.050000 0.116600
0.968657 0.601776 0.002341 0.000000
0.000000

0.000223 2.467931 23.059711
3.093584 0.893088 57.810478 334.781464 1663.183716
0.000000 1.183283 0.472730 0.000000 0.000000 0.000000
0.000000 0.000009 0.000007
0.963862 0.770000 0.000000
764.299377 0.000000
0.000000 0.000000 0.000000 0.000000
0.000000 4.095579
8 0.020000 0.720000 0.008000
0.483000 0.377000 0.726000 0.484000 1.370000 6.610000 0.770000 0.770000
274000.000000 96.599998 0.002410
1.073000 0.050000 0.116600
0.970897 0.602655 0.002345 0.000000
0.000000

0.000274 2.435606 20.542238
1.978870 0.588361 37.452927 215.099747 1031.542725
0.000000 1.293817 0.344356 0.000000 0.000000 0.000000
0.000000 0.000008 0.000007
1.047978 0.785000 0.000000
764.299377 0.000000
0.000000 0.000000 0.000000 0.000000
0.000000 3.454133
8 0.020000 0.740000 0.005000
0.486000 0.396000 0.726000 0.501000 1.360000 6.610000 0.785000 0.785000
272000.000000 96.599998 0.003000
1.073000 0.050000 0.116600
0.606118 0.390246 0.001567 0.000000
0.000000

0.000290 2.311859 19.346012
1.978105 0.605066 37.779125 216.390640 1031.202148
0.000000 1.336355 0.352695 0.000000 0.000000 0.000000
0.000000 0.000008 0.000006
1.130671 0.785000 0.000000
764.299377 0.000000
0.000000 0.000000 0.000000 0.000000
0.000000 3.205909
8 0.020000 0.760000 0.005000
0.486000 0.396000 0.726000 0.501000 1.360000 6.610000 0.785000 0.785000
272000.000000 96.599998 0.003000
1.073000 0.050000 0.116600
0.607714 0.375326 0.001507 0.000000
0.000000

0.000309 2.202181 18.284445
1.978962 0.621999 38.126144 217.837631 1030.910522
0.000000 1.104221 0.353159 0.000000 0.000000 0.000000
0.000000 0.000006 0.000005
1.212442 0.785000 0.000000
764.299377 0.000000
0.000000 0.000000 0.000000 0.000000
0.000000 3.150404
8 0.020000 0.780000 0.005000
0.486000 0.396000 0.726000 0.501000 1.360000 6.610000 0.785000 0.785000
272000.000000 96.599998 0.003000
1.073000 0.050000 0.116600
0.609343 0.371618 0.001492 0.000000
0.000000

0.000332 2.055022 17.153543
1.980815 0.639013 38.497467 219.374680 1030.541626
0.000000 0.930319 0.354202 0.000000 0.000000 0.000000
0.000000 0.000005 0.000004
1.293301 0.785000 0.000000
764.299377 0.000000
0.000000 0.000000 0.000000 0.000000
0.000000 3.104001
8 0.020000 0.800000 0.005000
0.486000 0.396000 0.726000 0.501000 1.360000 6.610000 0.785000 0.785000
272000.000000 96.599998 0.003000
1.073000 0.050000 0.116600
0.611137 0.366963 0.001473 0.000000
0.000000

0.000000 1.465850 14.360729
1.982300 0.655780 38.885883 220.950836 1030.169556
0.000000 1.003717 0.363861 0.000000 0.000000 0.000000
0.000000 0.000005 0.000004
1.373256 0.785000 0.000000
764.299377 0.000000
0.000000 0.000000 0.000000 0.000000
0.000000 3.079532
8 0.020000 0.820000 0.005000
0.486000 0.396000 0.726000 0.501000 1.360000 6.610000 0.785000 0.785000
272000.000000 96.599998 0.003000
1.073000 0.050000 0.116600
0.613095 0.362867 0.001457 0.000000
0.000000

0.000000 1.387176 13.739415
1.987630 0.673501 39.302525 222.831680 1029.863037
0.000000 3.051060 0.394045 0.000000 0.000000 0.000000
0.000000 0.000006 0.000005
1.452317 0.785000 0.000000
764.299377 0.000000
0.000000 0.000000 0.000000 0.000000
0.000000 3.108567
8 0.020000 0.840000 0.005000
0.486000 0.396000 0.726000 0.501000 1.360000 6.610000 0.785000 0.785000
272000.000000 96.599998 0.003000
1.073000 0.050000 0.116600
0.614754 0.360188 0.001446 0.000000
0.000000

0.000000 1.269703 12.990983
1.987547 0.689025 39.655411 224.158203 1029.587524
0.000000 1.032194 0.384139 0.000000 0.000000 0.000000
0.000000 0.000004 0.000003
1.529173 0.843771 0.000000
764.299377 0.000000
0.000000 0.000000 0.000000 0.000000
0.000000 3.044524
8 0.020000 0.860000 0.005000
0.486000 0.396000 0.726000 0.501000 1.360000 6.610000 0.785000 0.785000
272000.000000 96.599998 0.003000
1.073000 0.050000 0.116600
0.616145 0.359863 0.001553 0.000000
0.000000

0.000000 1.203794 12.458270
1.983610 0.702491 40.035007 225.346954 1029.389893
0.000000 0.993567 0.388503 0.000000 0.000000 0.000000
0.000000 0.000003 0.000003
1.600839 1.000000 0.000000
764.299377 0.000000
0.000000 0.000000 0.000000 0.000000
0.000000 2.828262
8 0.020000 0.880000 0.005000
0.486000 0.396000 0.726000 0.501000 1.360000 6.610000 0.785000 0.785000
272000.000000 96.599998 0.003000
1.073000 0.050000 0.116600
0.617281 0.355574 0.001819 0.000000
0.000000

0.000000 1.132082 11.945005
1.983881 0.716098 40.345562 226.416794 1029.224243
0.000000 1.148653 0.402048 0.000000 0.000000 0.000000
0.000000 0.000003 0.000002
1.668786 1.000000 0.000000
764.299377 0.000000
0.000000 0.000000 0.000000 0.000000
0.000000 2.772346
8 0.020000 0.900000 0.005000
0.486000 0.396000 0.726000 0.501000 1.360000 6.610000 0.785000 0.785000
272000.000000 96.599998 0.003000
1.073000 0.050000 0.116600
0.618284 0.354504 0.001813 0.000000
0.000000

0.000000 0.965493 10.812613
1.985045 0.729813 40.640774 227.616165 1028.982300
0.000000 1.125718 0.408269 0.000000 0.000000 0.000000
0.000000 0.000003 0.000002
1.735813 1.000000 0.000000
764.299377 0.000000
0.000000 0.000000 0.000000 0.000000
0.000000 2.739153
8 0.020000 0.920000 0.005000
0.486000 0.396000 0.726000 0.501000 1.360000 6.610000 0.785000 0.785000
272000.000000 96.599998 0.003000
1.073000 0.050000 0.116600
0.619507 0.355284 0.001817 0.000000
0.000000

0.000000 0.913691 6.602057
0.412652 0.154312 8.483756 47.429306 205.791000
0.000000 1.217277 0.129796 0.000000 0.000000 0.000000
0.000000 0.000002 0.000002
1.801930 1.000000 0.000000
764.299377 0.000000
0.000000 0.000000 0.000000 0.000000
0.000000 1.391579
8 0.020000 0.940000 0.001000
0.486000 0.396000 0.726000 0.501000 1.360000 6.610000 0.785000 0.785000
272000.000000 96.599998 0.003000
1.073000 0.050000 0.116600
0.124171 0.078259 0.000400 0.000000
0.000000

0.000000 0.878281 6.224406
0.413003 0.157112 8.542088 47.689133 205.732178
0.000000 1.148937 0.128809 0.000000 0.000000 0.000000
0.000000 0.000002 0.000002
1.867149 1.000000 0.000000
764.299377 0.000000
0.000000 0.000000 0.000000 0.000000
0.000000 1.240644
8 0.020000 0.960000 0.001000
0.486000 0.396000 0.726000 0.501000 1.360000 6.610000 0.785000 0.785000
272000.000000 96.599998 0.003000
1.073000 0.050000 0.116600
0.124487 0.072054 0.000368 0.000000
0.000000

0.000000 0.867610 5.938424
0.414608 0.160351 8.641194 48.072765 205.650391
0.000000 0.923224 0.178393 0.000000 0.000000 0.000000
0.000000 0.000002 0.000001
1.931481 1.000000 0.000000
764.299377 0.000000
0.000000 0.000000 0.000000 0.000000
0.000000 1.153542
8 0.020000 0.980000 0.001000
0.486000 0.396000 0.726000 0.501000 1.360000 6.610000 0.785000 0.785000
272000.000000 96.599998 0.003000
1.073000 0.050000 0.116600
0.124890 0.070078 0.000358 0.000000
0.000000

0.000000 0.866464 5.693549
0.418025 0.164275 8.865768 48.576042 205.537277
0.000000 0.590993 0.183716 0.000000 0.000000 0.000000
0.000000 0.000001 0.000001
1.994938 1.000000 0.000000
764.299377 0.000000
0.000000 0.000000 0.000000 0.000000
0.000000 1.115210
8 0.020000 1.000000 0.001000
0.486000 0.396000 0.726000 0.501000 1.360000 6.610000 0.785000 0.785000
272000.000000 96.599998 0.003000
1.073000 0.050000 0.116600
0.125491 0.069496 0.000355 0.000000
0.000000

0.000000 0.808747 5.343190
0.417233 0.166520 8.890740 48.702572 205.499863
0.000000 0.322181 0.176414 0.000000 0.000000 0.000000
0.000000 0.000001 0.000001
2.057530 1.000000 0.000000
764.299377 0.000000
0.000000 0.000000 0.000000 0.000000
0.000000 0.987420
8 0.020000 1.020000 0.001000
0.486000 0.396000 0.726000 0.501000 1.360000 6.610000 0.785000 0.785000
272000.000000 96.599998 0.003000
1.073000 0.050000 0.116600
0.125646 0.068889 0.000352 0.000000
0.000000

0.000000 0.747823 4.996876
0.415475 0.168320 8.893934 48.711529 205.483841
0.000000 0.174751 0.167698 0.000000 0.000000 0.000000
0.000000 0.000000 0.000000
2.119270 1.000000 0.000000
764.299377 0.000000
0.000000 0.000000 0.000000 0.000000
0.000000 0.983832
8 0.020000 1.040000 0.001000
0.486000 0.396000 0.726000 0.501000 1.360000 6.610000 0.785000 0.785000
272000.000000 96.599998 0.003000
1.073000 0.050000 0.116600
0.125716 0.068795 0.000351 0.000000
0.000000

0.000000 0.656079 4.596170
0.412594 0.169596 8.872403 48.585178 205.479797
0.000000 0.112143 0.161259 0.000000 0.000000 0.000000
0.000000 0.000000 0.000000
2.180166 1.000000 0.000000
764.299377 0.000000
0.000000 0.000000 0.000000 0.000000
0.000000 0.981517
8 0.020000 1.060000 0.001000
0.486000 0.396000 0.726000 0.501000 1.360000 6.610000 0.785000 0.785000
272000.000000 96.599998 0.003000
1.073000 0.050000 0.116600
0.125732 0.068723 0.000351 0.000000
0.000000

0.000000 0.601283 4.302862
0.410474 0.171108 8.865475 48.538956 205.477600
0.000000 0.088582 0.157641 0.000000 0.000000 0.000000
0.000000 0.000000 0.000000
2.240231 1.000000 0.000000
764.299377 0.000000
0.000000 0.000000 0.000000 0.000000
0.000000 0.977137
8 0.020000 1.080000 0.001000
0.486000 0.396000 0.726000 0.501000 1.360000 6.610000 0.785000 0.785000
272000.000000 96.599998 0.003000
1.073000 0.050000 0.116600
0.125750 0.068986 0.000352 0.000000
0.000000

0.000000 0.551271 4.036553
0.408430 0.172585 8.859072 48.495743 205.477310
0.000000 0.078704 0.154267 0.000000 0.000000 0.000000
0.000000 0.000000 0.000000
2.299474 1.000000 0.000000
764.299377 0.000000
0.000000 0.000000 0.000000 0.000000
0.000000 1.012007
8 0.020000 1.100000 0.001000
0.486000 0.396000 0.726000 0.501000 1.360000 6.610000 0.785000 0.785000
272000.000000 96.599998 0.003000
1.073000 0.050000 0.116600
0.125764 0.068728 0.000351 0.000000
0.000000

0.000000 0.506003 3.795891
0.406490 0.174042 8.853800 48.458973 205.477005
0.000000 0.071173 0.148790 0.000000 0.000000 0.000000
0.000000 0.000000 0.000000
2.357906 1.000000 0.000000
764.299377 0.000000
0.000000 0.000000 0.000000 0.000000
0.000000 0.981700
8 0.020000 1.120000 0.001000
0.486000 0.396000 0.726000 0.501000 1.360000 6.610000 0.785000 0.785000
272000.000000 96.599998 0.003000
1.073000 0.050000 0.116600
0.125775 0.068655 0.000351 0.000000
0.000000

0.000000 0.464711 3.577698
0.404628 0.175472 8.849226 48.426014 205.476898
0.000000 0.061440 0.140410 0.000000 0.000000 0.000000
0.000000 0.000000 0.000000
2.415538 1.000000 0.000000
764.299377 0.000000
0.000000 0.000000 0.000000 0.000000
0.000000 0.972087
8 0.020000 1.140000 0.001000
0.486000 0.396000 0.726000 0.501000 1.360000 6.610000 0.785000 0.785000
272000.000000 96.599998 0.003000
1.073000 0.050000 0.116600
0.125791 0.068839 0.000352 0.000000
0.000000

0.000000 0.411294 3.340271
0.402543 0.176745 8.839006 48.362347 205.474487
0.000000 0.049039 0.129958 0.000000 0.000000 0.000000
0.000000 0.000000 0.000000
2.472377 1.000000 0.000000
764.299377 0.000000
0.000000 0.000000 0.000000 0.000000
0.000000 0.966916
8 0.020000 1.160000 0.001000
0.486000 0.396000 0.726000 0.501000 1.360000 6.610000 0.785000 0.785000
272000.000000 96.599998 0.003000
1.073000 0.050000 0.116600
0.125806 0.068800 0.000351 0.000000
0.000000

0.000000 0.378788 3.165984
0.400898 0.178151 8.837197 48.344704 205.474243
0.000000 0.036014 0.119483 0.000000 0.000000 0.000000
0.000000 0.000000 0.000000
2.528436 1.000000 0.000000
764.299377 0.000000
0.000000 0.000000 0.000000 0.000000
0.000000 0.982294
8 0.020000 1.180000 0.001000
0.486000 0.396000 0.726000 0.501000 1.360000 6.610000 0.785000 0.785000
272000.000000 96.599998 0.003000
1.073000 0.050000 0.116600
0.125823 0.068629 0.000350 0.000000
0.000000

0.000000 0.349403 3.008447
0.399309 0.179526 8.835639 48.328686 205.473602
0.000000 0.024888 0.110594 0.000000 0.000000 0.000000
0.000000 0.000000 0.000000
2.583722 1.000000 0.000000
764.299377 0.000000
0.000000 0.000000 0.000000 0.000000
0.000000 0.967725
8 0.020000 1.200000 0.001000
0.486000 0.396000 0.726000 0.501000 1.360000 6.610000 0.785000 0.785000
272000.000000 96.599998 0.003000
1.073000 0.050000 0.116600
0.125834 0.068531 0.000350 0.000000
0.000000

0.000000 0.322813 2.866417
0.397809 0.180889 8.835227 48.318954 205.471863
0.000000 0.016877 0.103904 0.000000 0.000000 0.000000
0.000000 0.000000 0.000000
2.638246 1.000000 0.000000
764.299377 0.000000
0.000000 0.000000 0.000000 0.000000
0.000000 0.966113
8 0.020000 1.220000 0.001000
0.486000 0.396000 0.726000 0.501000 1.360000 6.610000 0.785000 0.785000
272000.000000 96.599998 0.003000
1.073000 0.050000 0.116600
0.125851 0.068507 0.000350 0.000000
0.000000

0.000000 0.288480 2.710873
0.396133 0.182120 8.830188 48.284088 205.469467
0.000000 0.011872 0.099824 0.000000 0.000000 0.000000
0.000000 0.000000 0.000000
2.692016 1.000000 0.000000
764.299377 0.000000
0.000000 0.000000 0.000000 0.000000
0.000000 0.966534
8 0.020000 1.240000 0.001000
0.486000 0.396000 0.726000 0.501000 1.360000 6.610000 0.785000 0.785000
272000.000000 96.599998 0.003000
1.073000 0.050000 0.116600
0.125864 0.068517 0.000350 0.000000
0.000000

0.000000 0.267491 2.597303
0.394762 0.183440 8.830924 48.280926 205.468491
0.000000 0.009078 0.098154 0.000000 0.000000 0.000000
0.000000 0.000000 0.000000
2.745041 1.000000 0.000000
764.299377 0.000000
0.000000 0.000000 0.000000 0.000000
0.000000 0.961456
8 0.020000 1.260000 0.001000
0.486000 0.396000 0.726000 0.501000 1.360000 6.610000 0.785000 0.785000
272000.000000 96.599998 0.003000
1.073000 0.050000 0.116600
0.125878 0.068445 0.000350 0.000000
0.000000

0.000000 0.248348 2.494370
0.393433 0.184731 8.831798 48.278580 205.468933
0.000000 0.007705 0.098299 0.000000 0.000000 0.000000
0.000000 0.000000 0.000000
2.797330 1.000000 0.000000
764.299377 0.000000
0.000000 0.000000 0.000000 0.000000
0.000000 0.956759
8 0.020000 1.280000 0.001000
0.486000 0.396000 0.726000 0.501000 1.360000 6.610000 0.785000 0.785000
272000.000000 96.599998 0.003000
1.073000 0.050000 0.116600
0.125891 0.070442 0.000360 0.000000
0.000000

0.000000 0.231166 2.401932
0.392168 0.186007 8.833345 48.280163 205.467651
0.000000 0.007179 0.099621 0.000000 0.000000 0.000000
0.000000 0.000000 0.000000
2.848891 1.000000 0.000000
764.299377 0.000000
0.000000 0.000000 0.000000 0.000000
0.000000 0.952779
8 0.020000 1.300000 0.001000
0.486000 0.396000 0.726000 0.501000 1.360000 6.610000 0.785000 0.785000
272000.000000 96.599998 0.003000
1.073000 0.050000 0.116600
0.125903 0.068611 0.000350 0.000000
0.000000

0.000000 0.215489 2.318152
0.390939 0.187254 8.834996 48.282124 205.468094
0.000000 0.007139 0.101643 0.000000 0.000000 0.000000
0.000000 0.000000 0.000000
2.899733 1.000000 0.000000
764.299377 0.000000
0.000000 0.000000 0.000000 0.000000
0.000000 0.965699
8 0.020000 1.320000 0.001000
0.486000 0.396000 0.726000 0.501000 1.360000 6.610000 0.785000 0.785000
272000.000000 96.599998 0.003000
1.073000 0.050000 0.116600
0.125918 0.068865 0.000352 0.000000
0.000000

0.000000 0.195534 2.226628
0.389624 0.188417 8.834047 48.270271 205.465836
0.000000 0.007385 0.104173 0.000000 0.000000 0.000000
0.000000 0.000000 0.000000
2.949864 1.000000 0.000000
764.299377 0.000000
0.000000 0.000000 0.000000 0.000000
0.000000 0.952511
8 0.020000 1.340000 0.001000
0.486000 0.396000 0.726000 0.501000 1.360000 6.610000 0.785000 0.785000
272000.000000 96.599998 0.003000
1.073000 0.050000 0.116600
0.125931 0.068672 0.000351 0.000000
0.000000

0.000000 0.183112 2.159400
0.388466 0.189611 8.835863 48.273430 205.466354
0.000000 0.007762 0.106696 0.000000 0.000000 0.000000
0.000000 0.000000 0.000000
2.999292 1.000000 0.000000
764.299377 0.000000
0.000000 0.000000 0.000000 0.000000
0.000000 0.954296
8 0.020000 1.360000 0.001000
0.486000 0.396000 0.726000 0.501000 1.360000 6.610000 0.785000 0.785000
272000.000000 96.599998 0.003000
1.073000 0.050000 0.116600
0.125943 0.068573 0.000350 0.000000
0.000000

0.000000 0.171891 2.098935
0.387352 0.190786 8.838033 48.278629 205.467804
0.000000 0.008194 0.109159 0.000000 0.000000 0.000000
0.000000 0.000000 0.000000
3.048024 1.000000 0.000000
764.299377 0.000000
0.000000 0.000000 0.000000 0.000000
0.000000 0.953036
8 0.020000 1.380000 0.001000
0.486000 0.396000 0.726000 0.501000 1.360000 6.610000 0.785000 0.785000
272000.000000 96.599998 0.003000
1.073000 0.050000 0.116600
0.125955 0.068557 0.000350 0.000000
0.000000

0.000000 0.161782 2.044628
0.386280 0.191942 8.840481 48.285435 205.469788
0.000000 0.008624 0.111426 0.000000 0.000000 0.000000
0.000000 0.000000 0.000000
3.096068 1.000000 0.000000
764.299377 0.000000
0.000000 0.000000 0.000000 0.000000
0.000000 0.948419
8 0.020000 1.400000 0.001000
0.486000 0.396000 0.726000 0.501000 1.360000 6.610000 0.785000 0.785000
272000.000000 96.599998 0.003000
1.073000 0.050000 0.116600
0.125965 0.068537 0.000350 0.000000
0.000000

0.000000 0.152620 1.995577
0.385237 0.193073 8.842974 48.292603 205.470901
0.000000 0.009005 0.113351 0.000000 0.000000 0.000000
0.000000 0.000000 0.000000
3.143432 1.000000 0.000000
764.299377 0.000000
0.000000 0.000000 0.000000 0.000000
0.000000 0.945251
8 0.020000 1.420000 0.001000
0.486000 0.396000 0.726000 0.501000 1.360000 6.610000 0.785000 0.785000
272000.000000 96.599998 0.003000
1.073000 0.050000 0.116600
0.125977 0.068493 0.000350 0.000000
0.000000

0.000000 0.141107 1.942114
0.384149 0.194144 8.843901 48.291168 205.470276
0.000000 0.009325 0.115074 0.000000 0.000000 0.000000
0.000000 0.000000 0.000000
3.190123 1.000000 0.000000
764.299377 0.000000
0.000000 0.000000 0.000000 0.000000
0.000000 0.948527
8 0.020000 1.440000 0.001000
0.486000 0.396000 0.726000 0.501000 1.360000 6.610000 0.785000 0.785000
272000.000000 96.599998 0.003000
1.073000 0.050000 0.116600
0.125987 0.068573 0.000350 0.000000
0.000000

0.000000 0.133948 1.903329
0.383178 0.195236 8.846828 48.300880 205.470734
0.000000 0.009593 0.116727 0.000000 0.000000 0.000000
0.000000 0.000000 0.000000
3.236149 1.000000 0.000000
764.299377 0.000000
0.000000 0.000000 0.000000 0.000000
0.000000 0.944675
8 0.020000 1.460000 0.001000
0.486000 0.396000 0.726000 0.501000 1.360000 6.610000 0.785000 0.785000
272000.000000 96.599998 0.003000
1.073000 0.050000 0.116600
0.125999 0.068541 0.000350 0.000000
0.000000

0.000000 0.127532 1.868806
0.382250 0.196314 8.850176 48.312927 205.470673
0.000000 0.009829 0.118387 0.000000 0.000000 0.000000
0.000000 0.000000 0.000000
3.281517 1.000000 0.000000
764.299377 0.000000
0.000000 0.000000 0.000000 0.000000
0.000000 0.941342
8 0.020000 1.480000 0.001000
0.486000 0.396000 0.726000 0.501000 1.360000 6.610000 0.785000 0.785000
272000.000000 96.599998 0.003000
1.073000 0.050000 0.116600
0.126011 0.069061 0.000353 0.000000
0.000000

0.000000 0.121716 1.837330
0.381325 0.197359 8.853060 48.322426 205.471817
0.000000 0.010047 0.120007 0.000000 0.000000 0.000000
0.000000 0.000000 0.000000
3.326234 1.000000 0.000000
764.299377 0.000000
0.000000 0.000000 0.000000 0.000000
0.000000 0.945219
8 0.020000 1.500000 0.001000
0.486000 0.396000 0.726000 0.501000 1.360000 6.610000 0.785000 0.785000
272000.000000 96.599998 0.003000
1.073000 0.050000 0.116600
0.126021 0.068631 0.000350 0.000000
0.000000

0.000000 0.073643 1.619742
0.380183 0.198266 8.851414 48.307392 205.471634
0.000000 0.010615 0.124498 0.000000 0.000000 0.000000
0.000000 0.000000 0.000000
3.370307 1.000000 0.000000
764.299377 0.000000
0.000000 0.000000 0.000000 0.000000
0.000000 0.938138
8 0.020000 1.520000 0.001000
0.486000 0.396000 0.726000 0.501000 1.360000 6.610000 0.785000 0.785000
272000.000000 96.599998 0.003000
1.073000 0.050000 0.116600
0.126032 0.068515 0.000350 0.000000
0.000000

0.000000 0.072938 1.612384
0.379337 0.199283 8.854958 48.320518 205.473404
0.000000 0.011104 0.126412 0.000000 0.000000 0.000000
0.000000 0.000000 0.000000
3.413743 1.000000 0.000000
764.299377 0.000000
0.000000 0.000000 0.000000 0.000000
0.000000 0.937683
8 0.020000 1.540000 0.001000
0.486000 0.396000 0.726000 0.501000 1.360000 6.610000 0.785000 0.785000
272000.000000 96.599998 0.003000
1.073000 0.050000 0.116600
0.126043 0.068560 0.000350 0.000000
0.000000

0.000000 0.070638 1.600764
0.378466 0.200255 8.857423 48.327969 205.474060
0.000000 0.011525 0.128259 0.000000 0.000000 0.000000
0.000000 0.000000 0.000000
3.456548 1.000000 0.000000
764.299377 0.000000
0.000000 0.000000 0.000000 0.000000
0.000000 0.933836
8 0.020000 1.560000 0.001000
0.486000 0.396000 0.726000 0.501000 1.360000 6.610000 0.785000 0.785000
272000.000000 96.599998 0.003000
1.073000 0.050000 0.116600
0.126053 0.068481 0.000350 0.000000
0.000000

0.000000 0.070238 1.595467
0.377659 0.201228 8.860834 48.340694 205.474976
0.000000 0.011836 0.129915 0.000000 0.000000 0.000000
0.000000 0.000000 0.000000
3.498729 1.000000 0.000000
764.299377 0.000000
0.000000 0.000000 0.000000 0.000000
0.000000 0.934533
8 0.020000 1.580000 0.001000
0.486000 0.396000 0.726000 0.501000 1.360000 6.610000 0.785000 0.785000
272000.000000 96.599998 0.003000
1.073000 0.050000 0.116600
0.126064 0.068504 0.000350 0.000000
0.000000

0.000000 0.069953 1.591465
0.376897 0.202196 8.864846 48.356693 205.473953
0.000000 0.012078 0.131569 0.000000 0.000000 0.000000
0.000000 0.000000 0.000000
3.540293 1.000000 0.000000
764.299377 0.000000
0.000000 0.000000 0.000000 0.000000
0.000000 0.930682
8 0.020000 1.600000 0.001000
0.486000 0.396000 0.726000 0.501000 1.360000 6.610000 0.785000 0.785000
272000.000000 96.599998 0.003000
1.073000 0.050000 0.116600
0.126072 0.068522 0.000350 0.000000
0.000000

0.000000 0.069680 1.587554
0.376129 0.203130 8.868246 48.369419 205.475082
0.000000 0.012279 0.133149 0.000000 0.000000 0.000000
0.000000 0.000000 0.000000
3.581246 1.000000 0.000000
764.299377 0.000000
0.000000 0.000000 0.000000 0.000000
0.000000 0.931015
8 0.020000 1.620000 0.001000
0.486000 0.396000 0.726000 0.501000 1.360000 6.610000 0.785000 0.785000
272000.000000 96.599998 0.003000
1.073000 0.050000 0.116600
0.126084 0.069050 0.000353 0.000000
0.000000

0.000000 0.069452 1.584422
0.375390 0.204051 8.871886 48.383511 205.476395
0.000000 0.012454 0.134656 0.000000 0.000000 0.000000
0.000000 0.000000 0.000000
3.621594 1.000000 0.000000
764.299377 0.000000
0.000000 0.000000 0.000000 0.000000
0.000000 0.928993
8 0.020000 1.640000 0.001000
0.486000 0.396000 0.726000 0.501000 1.360000 6.610000 0.785000 0.785000
272000.000000 96.599998 0.003000
1.073000 0.050000 0.116600
0.126092 0.068530 0.000350 0.000000
0.000000

0.000000 0.069291 1.581874
0.374670 0.204953 8.875500 48.397507 205.477356
0.000000 0.012611 0.136153 0.000000 0.000000 0.000000
0.000000 0.000000 0.000000
3.661344 1.000000 0.000000
764.299377 0.000000
0.000000 0.000000 0.000000 0.000000
0.000000 0.928191
8 0.020000 1.660000 0.001000
0.486000 0.396000 0.726000 0.501000 1.360000 6.610000 0.785000 0.785000
272000.000000 96.599998 0.003000
1.073000 0.050000 0.116600
0.126102 0.068545 0.000350 0.000000
0.000000

0.000000 0.068281 1.576979
0.373948 0.205827 8.878678 48.409126 205.479019
0.000000 0.012749 0.137574 0.000000 0.000000 0.000000
0.000000 0.000000 0.000000
3.700502 1.000000 0.000000
764.299377 0.000000
0.000000 0.000000 0.000000 0.000000
0.000000 0.925140
8 0.020000 1.680000 0.001000
0.486000 0.396000 0.726000 0.501000 1.360000 6.610000 0.785000 0.785000
272000.000000 96.599998 0.003000
1.073000 0.050000 0.116600
0.126114 0.068501 0.000350 0.000000
0.000000

0.000000 0.068208 1.576836
0.373326 0.206729 8.883778 48.431366 205.479263
0.000000 0.012875 0.139036 0.000000 0.000000 0.000000
0.000000 0.000000 0.000000
3.739073 1.000000 0.000000
764.299377 0.000000
0.000000 0.000000 0.000000 0.000000
0.000000 0.923559
8 0.020000 1.700000 0.001000
0.486000 0.396000 0.726000 0.501000 1.360000 6.610000 0.785000 0.785000
272000.000000 96.599998 0.003000
1.073000 0.050000 0.116600
0.126130 0.068496 0.000350 0.000000
0.000000

0.000000 0.068238 1.576058
0.372673 0.207587 8.887722 48.447399 205.479355
0.000000 0.012995 0.140532 0.000000 0.000000 0.000000
0.000000 0.000000 0.000000
3.777064 1.000000 0.000000
764.299377 0.000000
0.000000 0.000000 0.000000 0.000000
0.000000 0.921315
8 0.020000 1.720000 0.001000
0.486000 0.396000 0.726000 0.501000 1.360000 6.610000 0.785000 0.785000
272000.000000 96.599998 0.003000
1.073000 0.050000 0.116600
0.126140 0.068490 0.000350 0.000000
0.000000

0.000000 0.068284 1.575656
0.372036 0.208428 8.891659 48.463181 205.479782
0.000000 0.013115 0.142052 0.000000 0.000000 0.000000
0.000000 0.000000 0.000000
3.814480 1.000000 0.000000
764.299377 0.000000
0.000000 0.000000 0.000000 0.000000
0.000000 0.922972
8 0.020000 1.740000 0.001000
0.486000 0.396000 0.726000 0.501000 1.360000 6.610000 0.785000 0.785000
272000.000000 96.599998 0.003000
1.073000 0.050000 0.116600
0.126150 0.068489 0.000350 0.000000
0.000000

0.000000 0.068373 1.575775
0.371427 0.209259 8.895843 48.480568 205.480194
0.000000 0.013233 0.143558 0.000000 0.000000 0.000000
0.000000 0.000000 0.000000
3.851327 1.000000 0.000000
764.299377 0.000000
0.000000 0.000000 0.000000 0.000000
0.000000 0.919141
8 0.020000 1.760000 0.001000
0.486000 0.396000 0.726000 0.501000 1.360000 6.610000 0.785000 0.785000
272000.000000 96.599998 0.003000
1.073000 0.050000 0.116600
0.126163 0.068454 0.000350 0.000000
0.000000

0.000000 0.068478 1.576218
0.370831 0.210073 8.899986 48.497692 205.480499
0.000000 0.013348 0.145060 0.000000 0.000000 0.000000
0.000000 0.000000 0.000000
3.887611 1.000000 0.000000
764.299377 0.000000
0.000000 0.000000 0.000000 0.000000
0.000000 0.918193
8 0.020000 1.780000 0.001000
0.486000 0.396000 0.726000 0.501000 1.360000 6.610000 0.785000 0.785000
272000.000000 96.599998 0.003000
1.073000 0.050000 0.116600
0.126177 0.068487 0.000350 0.000000
0.000000

0.000000 0.068587 1.576748
0.370245 0.210869 8.903986 48.514130 205.482437
0.000000 0.013464 0.146612 0.000000 0.000000 0.000000
0.000000 0.000000 0.000000
3.923336 1.000000 0.000000
764.299377 0.000000
0.000000 0.000000 0.000000 0.000000
0.000000 0.919389
8 0.020000 1.800000 0.001000
0.486000 0.396000 0.726000 0.501000 1.360000 6.610000 0.785000 0.785000
272000.000000 96.599998 0.003000
1.073000 0.050000 0.116600
0.126188 0.068450 0.000350 0.000000
0.000000

0.000000 0.067024 1.556520
0.369662 0.211643 8.907754 48.529335 205.483612
0.000000 0.013599 0.148337 0.000000 0.000000 0.000000
0.000000 0.000000 0.000000
3.958509 1.000000 0.000000
764.299377 0.000000
0.000000 0.000000 0.000000 0.000000
0.000000 0.915544
8 0.020000 1.820000 0.001000
0.486000 0.396000 0.726000 0.501000 1.360000 6.610000 0.785000 0.785000
272000.000000 96.599998 0.003000
1.073000 0.050000 0.116600
0.126195 0.068445 0.000350 0.000000
0.000000

0.000000 0.067368 1.559404
0.369105 0.212408 8.911693 48.545513 205.483612
0.000000 0.013726 0.149915 0.000000 0.000000 0.000000
0.000000 0.000000 0.000000
3.993134 1.000000 0.000000
764.299377 0.000000
0.000000 0.000000 0.000000 0.000000
0.000000 0.913995
8 0.020000 1.840000 0.001000
0.486000 0.396000 0.726000 0.501000 1.360000 6.610000 0.785000 0.785000
272000.000000 96.599998 0.003000
1.073000 0.050000 0.116600
0.126210 0.068418 0.000349 0.000000
0.000000

0.000000 0.067683 1.562220
0.368558 0.213157 8.915552 48.561245 205.483139
0.000000 0.013834 0.151409 0.000000 0.000000 0.000000
0.000000 0.000000 0.000000
4.027217 1.000000 0.000000
764.299377 0.000000
0.000000 0.000000 0.000000 0.000000
0.000000 0.912516
8 0.020000 1.860000 0.001000
0.486000 0.396000 0.726000 0.501000 1.360000 6.610000 0.785000 0.785000
272000.000000 96.599998 0.003000
1.073000 0.050000 0.116600
0.126218 0.068394 0.000349 0.000000
0.000000

0.000000 0.068030 1.565117
0.368028 0.213893 8.919453 48.577301 205.482605
0.000000 0.013924 0.152896 0.000000 0.000000 0.000000
0.000000 0.000000 0.000000
4.060762 1.000000 0.000000
764.299377 0.000000
0.000000 0.000000 0.000000 0.000000
0.000000 0.910999
8 0.020000 1.880000 0.001000
0.486000 0.396000 0.726000 0.501000 1.360000 6.610000 0.785000 0.785000
272000.000000 96.599998 0.003000
1.073000 0.050000 0.116600
0.126230 0.068407 0.000349 0.000000
0.000000

0.000000 0.068337 1.567699
0.367498 0.214606 8.922975 48.591450 205.482880
0.000000 0.013993 0.154320 0.000000 0.000000 0.000000
0.000000 0.000000 0.000000
4.093775 1.000000 0.000000
764.299377 0.000000
0.000000 0.000000 0.000000 0.000000
0.000000 0.909899
8 0.020000 1.900000 0.001000
0.486000 0.396000 0.726000 0.501000 1.360000 6.610000 0.785000 0.785000
272000.000000 96.599998 0.003000
1.073000 0.050000 0.116600
0.126240 0.068407 0.000349 0.000000
0.000000

0.000000 0.068685 1.570623
0.366997 0.215316 8.926919 48.607742 205.482635
0.000000 0.014046 0.155740 0.000000 0.000000 0.000000
0.000000 0.000000 0.000000
4.126258 1.000000 0.000000
764.299377 0.000000
0.000000 0.000000 0.000000 0.000000
0.000000 0.908370
8 0.020000 1.920000 0.001000
0.486000 0.396000 0.726000 0.501000 1.360000 6.610000 0.785000 0.785000
272000.000000 96.599998 0.003000
1.073000 0.050000 0.116600
0.126249 0.068400 0.000349 0.000000
0.000000

0.000000 0.069007 1.573788
0.366520 0.216019 8.931127 48.625568 205.482483
0.000000 0.014081 0.157118 0.000000 0.000000 0.000000
0.000000 0.000000 0.000000
4.158220 1.000000 0.000000
764.299377 0.000000
0.000000 0.000000 0.000000 0.000000
0.000000 0.906796
8 0.020000 1.940000 0.001000
0.486000 0.396000 0.726000 0.501000 1.360000 6.610000 0.785000 0.785000
272000.000000 96.599998 0.003000
1.073000 0.050000 0.116600
0.126264 0.068365 0.000349 0.000000
0.000000

0.000000 0.069345 1.577758
0.366091 0.216730 8.936166 48.648003 205.482025
0.000000 0.014111 0.158554 0.000000 0.000000 0.000000
0.000000 0.000000 0.000000
4.189662 1.000000 0.000000
764.299377 0.000000
0.000000 0.000000 0.000000 0.000000
0.000000 0.905432
8 0.020000 1.960000 0.001000
0.486000 0.396000 0.726000 0.501000 1.360000 6.610000 0.785000 0.785000
272000.000000 96.599998 0.003000
1.073000 0.050000 0.116600
0.126275 0.068356 0.000349 0.000000
0.000000

0.000000 0.069682 1.587868
0.365959 0.217597 8.948112 48.708157 205.477921
0.000000 0.014135 0.160063 0.000000 0.000000 0.000000
0.000000 0.000000 0.000000
4.220591 1.000000 0.000000
764.299377 0.000000
0.000000 0.000000 0.000000 0.000000
0.000000 0.904276
8 0.020000 1.980000 0.001000
0.486000 0.396000 0.726000 0.501000 1.360000 6.610000 0.785000 0.785000
272000.000000 96.599998 0.003000
1.073000 0.050000 0.116600
0.126316 0.068299 0.000349 0.000000
0.000000

0.000000 0.070013 1.603779
0.366105 0.218612 8.966615 48.803871 205.472076
0.000000 0.081490 0.238368 0.000000 0.000000 0.000000
0.000000 0.000000 0.000000
4.251009 1.000000 0.000000
764.299377 0.000000
0.000000 0.000000 0.000000 0.000000
0.000000 0.903890
8 0.020000 2.000000 0.001000
0.486000 0.396000 0.726000 0.501000 1.360000 6.610000 0.785000 0.785000
272000.000000 96.599998 0.003000
1.073000 0.050000 0.116600
0.126378 0.068329 0.000349 0.000000
0.000000
1.000000
2.000000
0.000000 0.000000
0.000000
0
-0.880000
0 0
0.000000
1
0.000000
1.000000
1.000000
1.000000
0.000000 0.000000 0.000000
0.000000 0.000000
0.000000 0.000000 0.000000 0.000000 0.000000 0.000000 0.000000
0.000000 0.000000 0.000000 0.000000 0.000000 0.000000 0.000000
232
2.000000
1
C:\DNDC\sites\Ottawa\CEFSoilc.spf
-1.000000 -1.000000
0.000000
44
44
10.000000
105
0.000000
0.000000
258
0.000000
349896.437500
1
