7
Clay_loam
0.314000 0.490000 0.006410 0.726000 0.398000 1.000000 0.000000 0.000000
1.350000 6.610000 1 0.031000 0.500000 0.050000 0.010000 0.240000 0.750000
0.000000 0.020000 2.000000 270000.000000 96.599998 100
0.233300 1.944000 3.025300 0.000000 1
10.000000 10.000000 10.000000 5.000000 25.000000 100.000000
0.000000 0.000000 0.013149 0.000000 0.000000 0.000000
500.000000 0.000000 0.000000

0.000000 82.086243 676.791077
11.796366 1.311265 87.809982 1161.542969 5759.090820
0.000000 1.451281 0.313462 1.010348 0.000821 0.000000
0.000267 0.000043 0.000005
0.298582 0.726000 0.000000
764.299377 0.000000
0.000000 0.000000 0.000000 0.000000
0.000000 6.109188
7 0.020000 0.020000 0.031000
0.490000 0.314000 0.726000 0.398000 1.350000 6.610000 0.726000 0.726000
270000.000000 96.599998 0.006410
1.073000 0.050000 0.116600
17.762581 8.458050 0.033259 0.000000
0.000000

0.000000 83.127098 677.314880
11.763100 1.307519 88.187294 1161.112183 5758.904297
0.000000 0.655812 0.351246 0.505174 0.000821 0.000000
0.000006 0.000038 0.000000
0.317074 0.726000 0.000000
764.299377 0.000000
0.000000 0.000000 0.000000 0.000000
0.000000 6.997017
7 0.020000 0.040000 0.031000
0.490000 0.314000 0.726000 0.398000 1.350000 6.610000 0.726000 0.726000
270000.000000 96.599998 0.006410
1.073000 0.050000 0.116600
17.765778 8.462526 0.033368 0.000000
0.000000

0.000000 82.849869 677.223694
11.743654 1.305332 88.144531 1161.254028 5758.933594
0.000000 0.691173 0.383628 0.252587 0.000821 0.000000
0.000005 0.000006 0.000000
0.330845 0.726000 0.000000
764.299377 0.000000
0.000000 0.000000 0.000000 0.000000
0.000000 7.064663
7 0.020000 0.060000 0.031000
0.490000 0.314000 0.726000 0.398000 1.350000 6.610000 0.726000 0.726000
270000.000000 96.599998 0.006410
1.073000 0.050000 0.116600
17.765358 8.464061 0.033396 0.000000
0.000000

0.000000 82.797836 677.241394
11.730959 1.303903 88.155251 1161.282837 5758.925781
0.000000 0.808293 0.393040 0.126294 0.000821 0.000000
0.000005 0.000003 0.000000
0.345262 0.726000 0.000000
764.299377 0.000000
0.000000 0.000000 0.000000 0.000000
0.000000 6.875378
7 0.020000 0.080000 0.031000
0.490000 0.314000 0.726000 0.398000 1.350000 6.610000 0.726000 0.726000
270000.000000 96.599998 0.006410
1.073000 0.050000 0.116600
17.765427 8.464435 0.033422 0.000000
0.000000

0.000000 82.037369 676.937012
11.720634 1.302743 87.950401 1161.623779 5759.034180
0.000000 0.887079 0.406659 0.063147 0.000821 0.000000
0.000005 0.000001 0.000000
0.360359 0.726000 0.000000
764.299377 0.000000
0.000000 0.000000 0.000000 0.000000
0.000000 6.912581
7 0.020000 0.100000 0.025000
0.490000 0.314000 0.726000 0.398000 1.350000 6.610000 0.726000 0.726000
270000.000000 96.599998 0.006410
1.073000 0.050000 0.116600
17.763611 8.466481 0.033433 0.000000
0.000000

0.000000 81.212448 676.946350
11.712135 1.301789 87.720116 1161.961182 5759.150879
0.000000 0.954390 0.389303 0.031573 0.000821 0.000000
0.000004 0.000001 0.000000
0.376156 0.726000 0.000000
764.299377 0.000000
0.000000 0.000000 0.000000 0.000000
0.000000 7.681982
7 0.020000 0.120000 0.025000
0.490000 0.314000 0.726000 0.398000 1.350000 6.610000 0.726000 0.726000
270000.000000 96.599998 0.006410
1.073000 0.050000 0.116600
17.761602 8.468553 0.033441 0.000000
0.000000

0.000000 81.443718 677.066528
11.706865 1.301195 87.806953 1161.862915 5759.102051
0.000000 0.978063 0.387425 0.015787 0.000821 0.000000
0.000004 0.000001 0.000000
0.392661 0.726000 0.000000
764.299377 0.000000
0.000000 0.000000 0.000000 0.000000
0.000000 7.699649
7 0.020000 0.140000 0.025000
0.490000 0.314000 0.726000 0.398000 1.350000 6.610000 0.726000 0.726000
270000.000000 96.599998 0.006410
1.073000 0.050000 0.116600
17.762339 8.467783 0.033437 0.000000
0.000000

0.000000 83.016479 676.662231
11.670368 1.297132 87.459091 1161.381104 5759.245605
0.000000 0.992183 0.389359 0.007893 0.000821 0.000000
0.000004 0.000001 0.000000
0.409875 0.726000 0.000000
764.299377 0.000000
0.000000 0.000000 0.000000 0.000000
0.000000 7.955898
7 0.020000 0.160000 0.025000
0.490000 0.314000 0.726000 0.398000 1.350000 6.610000 0.726000 0.726000
270000.000000 96.599998 0.006410
1.073000 0.050000 0.116600
17.759878 8.469681 0.033443 0.000000
0.000000

0.000000 81.799248 676.067749
11.664724 1.296499 87.051102 1161.930786 5759.450684
0.000000 0.693324 0.414186 0.003947 0.000821 0.000000
0.000003 0.000000 0.000000
0.427797 0.726000 0.000000
764.299377 0.000000
0.000000 0.000000 0.000000 0.000000
0.000000 6.730727
7 0.020000 0.180000 0.020000
0.490000 0.314000 0.726000 0.398000 1.350000 6.610000 0.726000 0.726000
270000.000000 96.599998 0.006410
1.073000 0.050000 0.116600
17.756325 8.454858 0.033381 0.000000
0.000000

0.000000 83.173386 676.700928
11.663129 1.296317 87.511253 1161.330933 5759.222168
0.000000 0.872897 0.426252 0.001973 0.000821 0.000000
0.000003 0.000000 0.000000
0.446421 0.726000 0.000000
764.299377 0.000000
0.000000 0.000000 0.000000 0.000000
0.000000 8.148032
7 0.020000 0.200000 0.020000
0.490000 0.314000 0.726000 0.398000 1.350000 6.610000 0.726000 0.726000
270000.000000 96.599998 0.006410
1.073000 0.050000 0.116600
17.760311 8.466145 0.033427 0.000000
0.000000

0.000000 106.493874 684.787354
11.370757 1.263514 94.616653 1152.071777 5755.702637
0.000000 0.564268 0.372680 0.000987 0.000821 0.000000
0.000003 0.000000 0.000000
0.465736 0.726000 0.000000
764.299377 0.000000
0.000000 0.000000 0.000000 0.000000
0.000000 2.725637
7 0.020000 0.220000 0.020000
0.490000 0.314000 0.726000 0.398000 1.350000 6.610000 0.726000 0.726000
270000.000000 96.599998 0.006410
1.073000 0.050000 0.116600
17.819849 8.402840 0.033105 0.000000
0.000000

0.000000 30.468786 361.626678
8.491151 0.943533 135.874252 796.193481 4110.429199
0.000000 1.466214 0.527956 0.000493 0.000000 0.000000
0.000002 0.000000 0.000000
0.485730 0.726000 0.000000
764.299377 0.000000
0.000000 0.000000 0.000000 0.000000
0.000000 2.561876
7 0.020000 0.240000 0.020000
0.490000 0.314000 0.726000 0.398000 1.350000 6.610000 0.726000 0.726000
270000.000000 96.599998 0.006410
1.073000 0.050000 0.116600
2.251749 5.448195 0.021128 0.000000
0.000000

0.000000 27.929569 328.798279
8.350006 0.927841 134.048767 782.855347 4109.620117
0.000000 2.390823 0.547734 0.000247 0.000000 0.000000
0.000002 0.000000 0.000000
0.506385 0.823386 0.000000
764.299377 0.000000
0.000000 0.000000 0.000000 0.000000
0.000000 3.253399
7 0.020000 0.260000 0.020000
0.490000 0.314000 0.726000 0.398000 1.350000 6.610000 0.726000 0.726000
270000.000000 96.599998 0.006410
1.073000 0.050000 0.116600
2.254680 2.948102 0.012762 0.000000
0.000000

0.000002 29.525787 327.395050
8.000170 0.888935 130.530106 748.770813 3695.863037
0.000000 18.788321 0.920563 0.000123 0.000000 0.000000
0.000000 0.000000 0.000000
0.526684 1.000000 0.000000
764.299377 0.000000
0.000000 0.000000 0.000000 0.000000
0.000000 21.929844
7 0.020000 0.280000 0.018000
0.490000 0.314000 0.726000 0.398000 1.350000 6.610000 0.726000 0.726000
270000.000000 96.599998 0.000070
1.073000 0.050000 0.116600
2.072538 3.696776 0.019526 0.000000
0.000000

0.000004 28.183496 305.402802
8.011751 0.890222 131.313019 749.286255 3693.877441
0.000000 15.749057 0.761339 0.000062 0.000000 0.000000
0.000000 0.000000 0.000000
0.546364 0.997379 0.000000
764.299377 0.000000
0.000000 0.000000 0.000000 0.000000
0.000000 9.926711
7 0.020000 0.300000 0.018000
0.490000 0.314000 0.726000 0.398000 1.350000 6.610000 0.726000 0.726000
270000.000000 96.599998 0.000070
1.073000 0.050000 0.116600
2.085190 1.809146 0.009445 0.000000
0.000000

0.000004 25.572693 276.782806
7.882021 0.875807 129.282532 737.092712 3693.283691
0.000000 10.513056 0.622045 0.000031 0.000000 0.000000
0.000000 0.000000 0.000000
0.566211 0.995043 0.000000
764.299377 0.000000
0.000000 0.000000 0.000000 0.000000
0.000000 4.857002
7 0.020000 0.320000 0.018000
0.490000 0.314000 0.726000 0.398000 1.350000 6.610000 0.726000 0.726000
270000.000000 96.599998 0.000070
1.073000 0.050000 0.116600
2.084557 1.458580 0.007584 0.000000
0.000000

0.000005 24.215675 257.010468
7.258204 0.806492 119.747505 678.071045 3225.856201
0.000000 7.455455 0.529254 0.000015 0.000000 0.000000
0.000000 0.000000 0.000000
0.586599 0.992057 0.000000
764.299377 0.000000
0.000000 0.000000 0.000000 0.000000
0.000000 3.668956
8 0.020000 0.340000 0.015500
0.483000 0.377000 0.726000 0.484000 1.370000 6.610000 0.770000 0.770000
274000.000000 96.599998 0.000070
1.073000 0.050000 0.116600
1.846947 1.256153 0.006318 0.000000
0.000000

0.000005 21.931839 232.928467
7.153986 0.794912 118.052254 668.355530 3225.547607
0.000000 5.973549 0.483390 0.000008 0.000000 0.000000
0.000000 0.000000 0.000000
0.607631 0.992569 0.000000
764.299377 0.000000
0.000000 0.000000 0.000000 0.000000
0.000000 3.579000
8 0.020000 0.360000 0.015500
0.483000 0.377000 0.726000 0.484000 1.370000 6.610000 0.770000 0.770000
274000.000000 96.599998 0.000070
1.073000 0.050000 0.116600
1.846524 1.195999 0.006016 0.000000
0.000000

0.000005 19.847126 210.998734
7.057392 0.784178 116.463440 659.368408 3225.360840
0.000000 5.033131 0.446964 0.000004 0.000000 0.000000
0.000000 0.000000 0.000000
0.629255 0.993439 0.000000
764.299377 0.000000
0.000000 0.000000 0.000000 0.000000
0.000000 3.798596
8 0.020000 0.380000 0.015500
0.483000 0.377000 0.726000 0.484000 1.370000 6.610000 0.770000 0.770000
274000.000000 96.599998 0.000070
1.073000 0.050000 0.116600
1.845940 1.181454 0.005948 0.000000
0.000000

0.000004 17.953661 191.221573
6.968120 0.774259 115.009468 651.040955 3225.170898
0.000000 4.162912 0.413132 0.000002 0.000000 0.000000
0.000000 0.000000 0.000000
0.651467 0.992925 0.000000
764.299377 0.000000
0.000000 0.000000 0.000000 0.000000
0.000000 4.103545
8 0.020000 0.400000 0.015500
0.483000 0.377000 0.726000 0.484000 1.370000 6.610000 0.770000 0.770000
274000.000000 96.599998 0.000070
1.073000 0.050000 0.116600
1.845302 1.179008 0.005932 0.000000
0.000000

0.000004 16.248838 173.522415
6.894310 0.766058 113.790649 644.169006 3225.031250
0.000000 3.306084 0.386894 0.000001 0.000000 0.000000
0.000000 0.000000 0.000000
0.674253 0.990795 0.000000
764.299377 0.000000
0.000000 0.000000 0.000000 0.000000
0.000000 4.405558
8 0.020000 0.420000 0.015500
0.483000 0.377000 0.726000 0.484000 1.370000 6.610000 0.770000 0.770000
274000.000000 96.599998 0.000070
1.073000 0.050000 0.116600
1.845238 1.178307 0.005916 0.000000
0.000000

0.000003 14.718233 157.583145
6.827552 0.758641 112.688797 637.949768 3224.954590
0.000000 2.525533 0.358840 0.000000 0.000000 0.000000
0.000000 0.000000 0.000000
0.697592 0.987548 0.000000
764.299377 0.000000
0.000000 0.000000 0.000000 0.000000
0.000000 4.657708
8 0.020000 0.440000 0.015500
0.483000 0.377000 0.726000 0.484000 1.370000 6.610000 0.770000 0.770000
274000.000000 96.599998 0.000070
1.073000 0.050000 0.116600
1.845195 1.178755 0.005899 0.000000
0.000000

0.000003 13.339688 143.224609
6.770586 0.752312 111.759140 632.632446 3224.874268
0.000000 1.854569 0.336735 0.000000 0.000000 0.000000
0.000000 0.000000 0.000000
0.721452 0.983948 0.000000
764.299377 0.000000
0.000000 0.000000 0.000000 0.000000
0.000000 4.859384
8 0.020000 0.460000 0.015500
0.483000 0.377000 0.726000 0.484000 1.370000 6.610000 0.770000 0.770000
274000.000000 96.599998 0.000070
1.073000 0.050000 0.116600
1.845408 1.176208 0.005865 0.000000
0.000000

0.000003 12.083328 130.161377
6.718433 0.746517 110.912170 627.762085 3224.827881
0.000000 1.273743 0.314143 0.000000 0.000000 0.000000
0.000000 0.000000 0.000000
0.745796 0.980765 0.000000
764.299377 0.000000
0.000000 0.000000 0.000000 0.000000
0.000000 5.014483
8 0.020000 0.480000 0.015500
0.483000 0.377000 0.726000 0.484000 1.370000 6.610000 0.770000 0.770000
274000.000000 96.599998 0.000070
1.073000 0.050000 0.116600
1.845549 1.175535 0.005842 0.000000
0.000000

0.000003 10.953933 118.388718
6.674462 0.741632 110.209297 623.648499 3224.832520
0.000000 0.792322 0.291893 0.000000 0.000000 0.000000
0.000000 0.000000 0.000000
0.770579 0.978579 0.000000
764.299377 0.000000
0.000000 0.000000 0.000000 0.000000
0.000000 5.119517
8 0.020000 0.500000 0.015500
0.483000 0.377000 0.726000 0.484000 1.370000 6.610000 0.770000 0.770000
274000.000000 96.599998 0.000070
1.073000 0.050000 0.116600
1.845925 1.174922 0.005826 0.000000
0.000000

0.000002 9.930068 107.752762
6.636575 0.737422 109.588272 620.123535 3224.835205
0.000000 0.468624 0.276147 0.000000 0.000000 0.000000
0.000000 0.000000 0.000000
0.795758 0.977666 0.000000
764.299377 0.000000
0.000000 0.000000 0.000000 0.000000
0.000000 5.192641
8 0.020000 0.520000 0.015500
0.483000 0.377000 0.726000 0.484000 1.370000 6.610000 0.770000 0.770000
274000.000000 96.599998 0.000070
1.073000 0.050000 0.116600
1.846376 1.174302 0.005818 0.000000
0.000000

0.000000 7.245017 84.194038
3.334222 0.370494 54.178623 312.156128 1668.600952
0.000000 0.273741 0.172148 0.000000 0.000000 0.000000
0.000000 0.000000 0.000000
0.822740 0.770000 0.000000
764.299377 0.000000
0.000000 0.000000 0.000000 0.000000
0.000000 4.797496
8 0.020000 0.540000 0.008000
0.483000 0.377000 0.726000 0.484000 1.370000 6.610000 0.770000 0.770000
274000.000000 96.599998 0.002410
1.073000 0.050000 0.116600
0.931957 0.782523 0.003047 0.000000
0.000000

0.000000 6.620235 76.845070
3.310592 0.367868 53.836899 309.929657 1668.366821
0.000000 0.153501 0.161654 0.000000 0.000000 0.000000
0.000000 0.000000 0.000000
0.851648 0.770000 0.000000
764.299377 0.000000
0.000000 0.000000 0.000000 0.000000
0.000000 4.428580
8 0.020000 0.560000 0.008000
0.483000 0.377000 0.726000 0.484000 1.370000 6.610000 0.770000 0.770000
274000.000000 96.599998 0.002410
1.073000 0.050000 0.116600
0.933177 0.662693 0.002579 0.000000
0.000000

0.000000 6.059865 70.274757
3.294412 0.366070 53.619396 308.395020 1668.113159
0.000000 0.198456 0.180818 0.000000 0.000000 0.000000
0.000000 0.000000 0.000000
0.880849 0.770000 0.000000
764.299377 0.000000
0.000000 0.000000 0.000000 0.000000
0.000000 4.245570
8 0.020000 0.580000 0.008000
0.483000 0.377000 0.726000 0.484000 1.370000 6.610000 0.770000 0.770000
274000.000000 96.599998 0.002410
1.073000 0.050000 0.116600
0.934683 0.639803 0.002490 0.000000
0.000000

0.000000 5.553855 64.346382
3.283931 0.364906 53.491993 307.394348 1667.843994
0.000000 0.475720 0.208474 0.000000 0.000000 0.000000
0.000000 0.000000 0.000000
0.910320 0.770000 0.000000
764.299377 0.000000
0.000000 0.000000 0.000000 0.000000
0.000000 4.169607
8 0.020000 0.600000 0.008000
0.483000 0.377000 0.726000 0.484000 1.370000 6.610000 0.770000 0.770000
274000.000000 96.599998 0.002410
1.073000 0.050000 0.116600
0.936355 0.636029 0.002475 0.000000
0.000000

0.000000 5.109724 59.037220
3.277103 0.364147 53.419674 306.737518 1667.620361
0.000000 0.621999 0.215374 0.000000 0.000000 0.000000
0.000000 0.000000 0.000000
0.940037 0.770000 0.000000
764.299377 0.000000
0.000000 0.000000 0.000000 0.000000
0.000000 4.143725
8 0.020000 0.620000 0.008000
0.483000 0.377000 0.726000 0.484000 1.370000 6.610000 0.770000 0.770000
274000.000000 96.599998 0.002410
1.073000 0.050000 0.116600
0.938084 0.631691 0.002458 0.000000
0.000000

0.000000 4.714024 54.271828
3.275622 0.363982 53.429363 306.584442 1667.367920
0.000000 0.986314 0.225230 0.000000 0.000000 0.000000
0.000000 0.000000 0.000000
0.969980 0.770000 0.000000
764.299377 0.000000
0.000000 0.000000 0.000000 0.000000
0.000000 4.128120
8 0.020000 0.640000 0.008000
0.483000 0.377000 0.726000 0.484000 1.370000 6.610000 0.770000 0.770000
274000.000000 96.599998 0.002410
1.073000 0.050000 0.116600
0.939998 0.626858 0.002439 0.000000
0.000000

0.000000 4.346982 49.904453
3.275597 0.363967 53.500748 306.671997 1667.101929
0.000000 1.519108 0.244079 0.000000 0.000000 0.000000
0.000000 0.000000 0.000000
0.999308 0.979498 0.000000
764.299377 0.000000
0.000000 0.000000 0.000000 0.000000
0.000000 4.283864
8 0.020000 0.660000 0.008000
0.483000 0.377000 0.726000 0.484000 1.370000 6.610000 0.770000 0.770000
274000.000000 96.599998 0.002410
1.073000 0.050000 0.116600
0.941905 0.623237 0.003084 0.000000
0.000000

0.000000 4.017279 45.963203
3.282443 0.364726 53.713055 307.242737 1666.804688
0.000000 2.256775 0.252758 0.000000 0.000000 0.000000
0.000000 0.000000 0.000000
1.027060 1.000000 0.000000
764.299377 0.000000
0.000000 0.000000 0.000000 0.000000
0.000000 4.169660
8 0.020000 0.680000 0.008000
0.483000 0.377000 0.726000 0.484000 1.370000 6.610000 0.770000 0.770000
274000.000000 96.599998 0.002410
1.073000 0.050000 0.116600
0.944049 0.629954 0.003183 0.000000
0.000000

0.000000 3.732992 42.497856
3.296214 0.366256 54.076141 308.400269 1666.459229
0.000000 2.671831 0.261841 0.000000 0.000000 0.000000
0.000000 0.000000 0.000000
1.054067 1.000000 0.000000
764.299377 0.000000
0.000000 0.000000 0.000000 0.000000
0.000000 4.528421
8 0.020000 0.700000 0.008000
0.483000 0.377000 0.726000 0.484000 1.370000 6.610000 0.770000 0.770000
274000.000000 96.599998 0.002410
1.073000 0.050000 0.116600
0.946541 0.624940 0.003158 0.000000
0.000000

0.000000 3.441329 38.356243
3.316739 0.368537 54.597359 310.143311 1666.055908
0.000000 2.928431 0.265356 0.000000 0.000000 0.000000
0.000000 0.000000 0.000000
1.081244 1.000000 0.000000
764.299377 0.000000
0.000000 0.000000 0.000000 0.000000
0.000000 4.223858
8 0.020000 0.720000 0.008000
0.483000 0.377000 0.726000 0.484000 1.370000 6.610000 0.770000 0.770000
274000.000000 96.599998 0.002410
1.073000 0.050000 0.116600
0.949777 0.626174 0.003164 0.000000
0.000000

0.000001 3.306381 35.278522
2.166024 0.240676 35.853504 202.326157 1033.530884
0.000000 3.093003 0.193118 0.000000 0.000000 0.000000
0.000000 0.000000 0.000000
1.108534 1.000000 0.000000
764.299377 0.000000
0.000000 0.000000 0.000000 0.000000
0.000000 3.628528
8 0.020000 0.740000 0.005000
0.486000 0.396000 0.726000 0.501000 1.360000 6.610000 0.785000 0.785000
272000.000000 96.599998 0.003000
1.073000 0.050000 0.116600
0.594096 0.407716 0.002086 0.000000
0.000000

0.000001 3.101875 32.798569
2.181053 0.242346 36.190948 203.645905 1033.141846
0.000000 2.643157 0.192984 0.000000 0.000000 0.000000
0.000000 0.000000 0.000000
1.135925 1.000000 0.000000
764.299377 0.000000
0.000000 0.000000 0.000000 0.000000
0.000000 3.404184
8 0.020000 0.760000 0.005000
0.486000 0.396000 0.726000 0.501000 1.360000 6.610000 0.785000 0.785000
272000.000000 96.599998 0.003000
1.073000 0.050000 0.116600
0.596159 0.389417 0.001992 0.000000
0.000000

0.000002 2.919997 30.578266
2.199173 0.244359 36.572475 205.261017 1032.799683
0.000000 2.051170 0.199107 0.000000 0.000000 0.000000
0.000000 0.000000 0.000000
1.163445 1.000000 0.000000
764.299377 0.000000
0.000000 0.000000 0.000000 0.000000
0.000000 3.242562
8 0.020000 0.780000 0.005000
0.486000 0.396000 0.726000 0.501000 1.360000 6.610000 0.785000 0.785000
272000.000000 96.599998 0.003000
1.073000 0.050000 0.116600
0.598320 0.382826 0.001958 0.000000
0.000000

0.000002 2.738518 28.409771
2.218017 0.246453 36.934143 206.975647 1032.404907
0.000000 1.620380 0.202272 0.000000 0.000000 0.000000
0.000000 0.000000 0.000000
1.191084 1.000000 0.000000
764.299377 0.000000
0.000000 0.000000 0.000000 0.000000
0.000000 3.198693
8 0.020000 0.800000 0.005000
0.486000 0.396000 0.726000 0.501000 1.360000 6.610000 0.785000 0.785000
272000.000000 96.599998 0.003000
1.073000 0.050000 0.116600
0.600599 0.378744 0.001937 0.000000
0.000000

0.000000 2.448900 25.180403
2.234780 0.248316 37.248684 208.510391 1032.005127
0.000000 1.414024 0.204909 0.000000 0.000000 0.000000
0.000000 0.000000 0.000000
1.218832 1.000000 0.000000
764.299377 0.000000
0.000000 0.000000 0.000000 0.000000
0.000000 3.176699
8 0.020000 0.820000 0.005000
0.486000 0.396000 0.726000 0.501000 1.360000 6.610000 0.785000 0.785000
272000.000000 96.599998 0.003000
1.073000 0.050000 0.116600
0.603023 0.373563 0.001911 0.000000
0.000000

0.000000 2.298586 23.569860
2.258476 0.250949 37.673752 210.694382 1031.700195
0.000000 1.253990 0.208065 0.000000 0.000000 0.000000
0.000000 0.000000 0.000000
1.246679 1.000000 0.000000
764.299377 0.000000
0.000000 0.000000 0.000000 0.000000
0.000000 3.134303
8 0.020000 0.840000 0.005000
0.486000 0.396000 0.726000 0.501000 1.360000 6.610000 0.785000 0.785000
272000.000000 96.599998 0.003000
1.073000 0.050000 0.116600
0.605154 0.369806 0.001892 0.000000
0.000000

0.000000 2.132164 21.919054
2.275926 0.252888 37.950607 212.339798 1031.417480
0.000000 1.171981 0.224293 0.000000 0.000000 0.000000
0.000000 0.000000 0.000000
1.274619 1.000000 0.000000
764.299377 0.000000
0.000000 0.000000 0.000000 0.000000
0.000000 3.042892
8 0.020000 0.860000 0.005000
0.486000 0.396000 0.726000 0.501000 1.360000 6.610000 0.785000 0.785000
272000.000000 96.599998 0.003000
1.073000 0.050000 0.116600
0.606933 0.369924 0.001892 0.000000
0.000000

0.000000 2.023351 20.630217
2.295539 0.255067 38.284168 214.165634 1031.183716
0.000000 1.093085 0.224256 0.000000 0.000000 0.000000
0.000000 0.000000 0.000000
1.302645 1.000000 0.000000
764.299377 0.000000
0.000000 0.000000 0.000000 0.000000
0.000000 3.041552
8 0.020000 0.880000 0.005000
0.486000 0.396000 0.726000 0.501000 1.360000 6.610000 0.785000 0.785000
272000.000000 96.599998 0.003000
1.073000 0.050000 0.116600
0.608647 0.364439 0.001864 0.000000
0.000000

0.000000 1.951722 19.544178
2.316388 0.257384 38.711185 216.033463 1030.960327
0.000000 0.970858 0.232937 0.000000 0.000000 0.000000
0.000000 0.000000 0.000000
1.330749 1.000000 0.000000
764.299377 0.000000
0.000000 0.000000 0.000000 0.000000
0.000000 2.939871
8 0.020000 0.900000 0.005000
0.486000 0.396000 0.726000 0.501000 1.360000 6.610000 0.785000 0.785000
272000.000000 96.599998 0.003000
1.073000 0.050000 0.116600
0.610408 0.362669 0.001855 0.000000
0.000000

0.000000 1.614201 16.158003
2.332132 0.259133 39.021866 217.460495 1030.704102
0.000000 0.822972 0.233702 0.000000 0.000000 0.000000
0.000000 0.000000 0.000000
1.358925 1.000000 0.000000
764.299377 0.000000
0.000000 0.000000 0.000000 0.000000
0.000000 2.845627
8 0.020000 0.920000 0.005000
0.486000 0.396000 0.726000 0.501000 1.360000 6.610000 0.785000 0.785000
272000.000000 96.599998 0.003000
1.073000 0.050000 0.116600
0.612010 0.362847 0.001856 0.000000
0.000000

0.000000 1.496749 12.294711
0.496937 0.055217 8.313005 46.321541 206.172012
0.000000 0.665814 0.089316 0.000000 0.000000 0.000000
0.000000 0.000000 0.000000
1.387169 1.000000 0.000000
764.299377 0.000000
0.000000 0.000000 0.000000 0.000000
0.000000 1.536734
8 0.020000 0.940000 0.001000
0.486000 0.396000 0.726000 0.501000 1.360000 6.610000 0.785000 0.785000
272000.000000 96.599998 0.003000
1.073000 0.050000 0.116600
0.122719 0.080771 0.000413 0.000000
0.000000

0.000000 1.404518 11.389106
0.499260 0.055475 8.371631 46.520027 206.109039
0.000000 0.607823 0.099793 0.000000 0.000000 0.000000
0.000000 0.000000 0.000000
1.415475 1.000000 0.000000
764.299377 0.000000
0.000000 0.000000 0.000000 0.000000
0.000000 1.237728
8 0.020000 0.960000 0.001000
0.486000 0.396000 0.726000 0.501000 1.360000 6.610000 0.785000 0.785000
272000.000000 96.599998 0.003000
1.073000 0.050000 0.116600
0.123086 0.073519 0.000375 0.000000
0.000000

0.000000 1.315631 10.583729
0.502918 0.055881 8.443521 46.851891 206.029922
0.000000 0.344505 0.098758 0.000000 0.000000 0.000000
0.000000 0.000000 0.000000
1.443838 1.000000 0.000000
764.299377 0.000000
0.000000 0.000000 0.000000 0.000000
0.000000 1.176436
8 0.020000 0.980000 0.001000
0.486000 0.396000 0.726000 0.501000 1.360000 6.610000 0.785000 0.785000
272000.000000 96.599998 0.003000
1.073000 0.050000 0.116600
0.123511 0.071472 0.000365 0.000000
0.000000

0.000000 1.244631 9.877707
0.508844 0.056540 8.584811 47.363628 205.923050
0.000000 0.166907 0.144324 0.000000 0.000000 0.000000
0.000000 0.000000 0.000000
1.472254 1.000000 0.000000
764.299377 0.000000
0.000000 0.000000 0.000000 0.000000
0.000000 1.089145
8 0.020000 1.000000 0.001000
0.486000 0.396000 0.726000 0.501000 1.360000 6.610000 0.785000 0.785000
272000.000000 96.599998 0.003000
1.073000 0.050000 0.116600
0.124138 0.070818 0.000362 0.000000
0.000000

0.000000 1.191290 9.210625
0.510108 0.056680 8.717347 47.371140 205.869568
0.000000 0.092878 0.117121 0.000000 0.000000 0.000000
0.000000 0.000000 0.000000
1.500718 1.000000 0.000000
764.299377 0.000000
0.000000 0.000000 0.000000 0.000000
0.000000 0.990727
8 0.020000 1.020000 0.001000
0.486000 0.396000 0.726000 0.501000 1.360000 6.610000 0.785000 0.785000
272000.000000 96.599998 0.003000
1.073000 0.050000 0.116600
0.124372 0.070157 0.000358 0.000000
0.000000

0.000000 1.087231 8.469068
0.509557 0.056619 8.709309 47.320023 205.853775
0.000000 0.057694 0.097616 0.000000 0.000000 0.000000
0.000000 0.000000 0.000000
1.529226 1.000000 0.000000
764.299377 0.000000
0.000000 0.000000 0.000000 0.000000
0.000000 0.977154
8 0.020000 1.040000 0.001000
0.486000 0.396000 0.726000 0.501000 1.360000 6.610000 0.785000 0.785000
272000.000000 96.599998 0.003000
1.073000 0.050000 0.116600
0.124446 0.070048 0.000358 0.000000
0.000000

0.000000 0.977086 7.728153
0.507553 0.056396 8.677059 47.133385 205.846893
0.000000 0.032922 0.075803 0.000000 0.000000 0.000000
0.000000 0.000000 0.000000
1.557774 1.000000 0.000000
764.299377 0.000000
0.000000 0.000000 0.000000 0.000000
0.000000 0.969776
8 0.020000 1.060000 0.001000
0.486000 0.396000 0.726000 0.501000 1.360000 6.610000 0.785000 0.785000
272000.000000 96.599998 0.003000
1.073000 0.050000 0.116600
0.124468 0.069973 0.000357 0.000000
0.000000

0.000000 0.889049 7.111942
0.506552 0.056285 8.660732 47.040802 205.844376
0.000000 0.014943 0.053586 0.000000 0.000000 0.000000
0.000000 0.000000 0.000000
1.586358 1.000000 0.000000
764.299377 0.000000
0.000000 0.000000 0.000000 0.000000
0.000000 0.969114
8 0.020000 1.080000 0.001000
0.486000 0.396000 0.726000 0.501000 1.360000 6.610000 0.785000 0.785000
272000.000000 96.599998 0.003000
1.073000 0.050000 0.116600
0.124489 0.070229 0.000359 0.000000
0.000000

0.000000 0.809373 6.554050
0.505646 0.056184 8.646949 46.956078 205.843338
0.000000 0.004656 0.033758 0.000000 0.000000 0.000000
0.000000 0.000000 0.000000
1.614973 1.000000 0.000000
764.299377 0.000000
0.000000 0.000000 0.000000 0.000000
0.000000 0.958479
8 0.020000 1.100000 0.001000
0.486000 0.396000 0.726000 0.501000 1.360000 6.610000 0.785000 0.785000
272000.000000 96.599998 0.003000
1.073000 0.050000 0.116600
0.124510 0.069966 0.000357 0.000000
0.000000

0.000000 0.736933 6.048565
0.504849 0.056096 8.634093 46.882256 205.843811
0.000000 0.000862 0.019458 0.000000 0.000000 0.000000
0.000000 0.000000 0.000000
1.643616 1.000000 0.000000
764.299377 0.000000
0.000000 0.000000 0.000000 0.000000
0.000000 0.955357
8 0.020000 1.120000 0.001000
0.486000 0.396000 0.726000 0.501000 1.360000 6.610000 0.785000 0.785000
272000.000000 96.599998 0.003000
1.073000 0.050000 0.116600
0.124526 0.069888 0.000357 0.000000
0.000000

0.000000 0.671335 5.591421
0.504155 0.056019 8.624035 46.816902 205.842316
0.000000 0.000110 0.012803 0.000000 0.000000 0.000000
0.000000 0.000000 0.000000
1.672281 1.000000 0.000000
764.299377 0.000000
0.000000 0.000000 0.000000 0.000000
0.000000 0.944384
8 0.020000 1.140000 0.001000
0.486000 0.396000 0.726000 0.501000 1.360000 6.610000 0.785000 0.785000
272000.000000 96.599998 0.003000
1.073000 0.050000 0.116600
0.124547 0.070065 0.000358 0.000000
0.000000

0.000000 0.604425 5.144389
0.503110 0.055903 8.607290 46.719616 205.839600
0.000000 0.000016 0.012270 0.000000 0.000000 0.000000
0.000000 0.000000 0.000000
1.700965 1.000000 0.000000
764.299377 0.000000
0.000000 0.000000 0.000000 0.000000
0.000000 0.992230
8 0.020000 1.160000 0.001000
0.486000 0.396000 0.726000 0.501000 1.360000 6.610000 0.785000 0.785000
272000.000000 96.599998 0.003000
1.073000 0.050000 0.116600
0.124565 0.070055 0.000358 0.000000
0.000000

0.000000 0.551028 4.773003
0.502653 0.055852 8.600809 46.676632 205.839157
0.000000 0.000007 0.014508 0.000000 0.000000 0.000000
0.000000 0.000000 0.000000
1.729663 1.000000 0.000000
764.299377 0.000000
0.000000 0.000000 0.000000 0.000000
0.000000 0.960652
8 0.020000 1.180000 0.001000
0.486000 0.396000 0.726000 0.501000 1.360000 6.610000 0.785000 0.785000
272000.000000 96.599998 0.003000
1.073000 0.050000 0.116600
0.124589 0.069873 0.000357 0.000000
0.000000

0.000000 0.502511 4.436914
0.502254 0.055808 8.595042 46.639091 205.838837
0.000000 0.000015 0.017512 0.000000 0.000000 0.000000
0.000000 0.000000 0.000000
1.758370 1.000000 0.000000
764.299377 0.000000
0.000000 0.000000 0.000000 0.000000
0.000000 0.944936
8 0.020000 1.200000 0.001000
0.486000 0.396000 0.726000 0.501000 1.360000 6.610000 0.785000 0.785000
272000.000000 96.599998 0.003000
1.073000 0.050000 0.116600
0.124605 0.069748 0.000356 0.000000
0.000000

0.000000 0.458530 4.132896
0.501940 0.055773 8.590257 46.609940 205.837952
0.000000 0.000035 0.020819 0.000000 0.000000 0.000000
0.000000 0.000000 0.000000
1.787082 1.000000 0.000000
764.299377 0.000000
0.000000 0.000000 0.000000 0.000000
0.000000 0.952518
8 0.020000 1.220000 0.001000
0.486000 0.396000 0.726000 0.501000 1.360000 6.610000 0.785000 0.785000
272000.000000 96.599998 0.003000
1.073000 0.050000 0.116600
0.124627 0.069720 0.000356 0.000000
0.000000

0.000000 0.414091 3.836114
0.501365 0.055709 8.582089 46.555519 205.834625
0.000000 0.000077 0.024417 0.000000 0.000000 0.000000
0.000000 0.000000 0.000000
1.815793 1.000000 0.000000
764.299377 0.000000
0.000000 0.000000 0.000000 0.000000
0.000000 0.942344
8 0.020000 1.240000 0.001000
0.486000 0.396000 0.726000 0.501000 1.360000 6.610000 0.785000 0.785000
272000.000000 96.599998 0.003000
1.073000 0.050000 0.116600
0.124643 0.069717 0.000356 0.000000
0.000000

0.000000 0.378383 3.589694
0.501191 0.055690 8.579722 46.539253 205.833664
0.000000 0.000139 0.027589 0.000000 0.000000 0.000000
0.000000 0.000000 0.000000
1.844499 1.000000 0.000000
764.299377 0.000000
0.000000 0.000000 0.000000 0.000000
0.000000 0.952085
8 0.020000 1.260000 0.001000
0.486000 0.396000 0.726000 0.501000 1.360000 6.610000 0.785000 0.785000
272000.000000 96.599998 0.003000
1.073000 0.050000 0.116600
0.124663 0.069650 0.000356 0.000000
0.000000

0.000000 0.345802 3.365972
0.501022 0.055671 8.578439 46.522392 205.835632
0.000000 0.000206 0.030070 0.000000 0.000000 0.000000
0.000000 0.000000 0.000000
1.873194 1.000000 0.000000
764.299377 0.000000
0.000000 0.000000 0.000000 0.000000
0.000000 0.937852
8 0.020000 1.280000 0.001000
0.486000 0.396000 0.726000 0.501000 1.360000 6.610000 0.785000 0.785000
272000.000000 96.599998 0.003000
1.073000 0.050000 0.116600
0.124679 0.071621 0.000366 0.000000
0.000000

0.000000 0.316476 3.165000
0.500936 0.055661 8.577783 46.513962 205.834000
0.000000 0.000567 0.036794 0.000000 0.000000 0.000000
0.000000 0.000000 0.000000
1.901873 1.000000 0.000000
764.299377 0.000000
0.000000 0.000000 0.000000 0.000000
0.000000 0.925315
8 0.020000 1.300000 0.001000
0.486000 0.396000 0.726000 0.501000 1.360000 6.610000 0.785000 0.785000
272000.000000 96.599998 0.003000
1.073000 0.050000 0.116600
0.124698 0.069802 0.000356 0.000000
0.000000

0.000000 0.289735 2.982649
0.500861 0.055653 8.577159 46.506672 205.834854
0.000000 0.001672 0.043610 0.000000 0.000000 0.000000
0.000000 0.000000 0.000000
1.930530 1.000000 0.000000
764.299377 0.000000
0.000000 0.000000 0.000000 0.000000
0.000000 0.933682
8 0.020000 1.320000 0.001000
0.486000 0.396000 0.726000 0.501000 1.360000 6.610000 0.785000 0.785000
272000.000000 96.599998 0.003000
1.073000 0.050000 0.116600
0.124716 0.070049 0.000358 0.000000
0.000000

0.000000 0.262882 2.804979
0.500640 0.055628 8.574320 46.485600 205.832901
0.000000 0.003514 0.048924 0.000000 0.000000 0.000000
0.000000 0.000000 0.000000
1.959160 1.000000 0.000000
764.299377 0.000000
0.000000 0.000000 0.000000 0.000000
0.000000 0.958216
8 0.020000 1.340000 0.001000
0.486000 0.396000 0.726000 0.501000 1.360000 6.610000 0.785000 0.785000
272000.000000 96.599998 0.003000
1.073000 0.050000 0.116600
0.124733 0.069884 0.000357 0.000000
0.000000

0.000000 0.241133 2.656809
0.500611 0.055625 8.575200 46.481785 205.833328
0.000000 0.005467 0.052516 0.000000 0.000000 0.000000
0.000000 0.000000 0.000000
1.987757 1.000000 0.000000
764.299377 0.000000
0.000000 0.000000 0.000000 0.000000
0.000000 0.932326
8 0.020000 1.360000 0.001000
0.486000 0.396000 0.726000 0.501000 1.360000 6.610000 0.785000 0.785000
272000.000000 96.599998 0.003000
1.073000 0.050000 0.116600
0.124749 0.069762 0.000356 0.000000
0.000000

0.000000 0.221419 2.523038
0.500618 0.055626 8.575791 46.482265 205.835526
0.000000 0.007312 0.055471 0.000000 0.000000 0.000000
0.000000 0.000000 0.000000
2.016315 1.000000 0.000000
764.299377 0.000000
0.000000 0.000000 0.000000 0.000000
0.000000 0.918842
8 0.020000 1.380000 0.001000
0.486000 0.396000 0.726000 0.501000 1.360000 6.610000 0.785000 0.785000
272000.000000 96.599998 0.003000
1.073000 0.050000 0.116600
0.124766 0.069728 0.000356 0.000000
0.000000

0.000000 0.203496 2.402030
0.500643 0.055629 8.577300 46.483727 205.838791
0.000000 0.009147 0.058301 0.000000 0.000000 0.000000
0.000000 0.000000 0.000000
2.044830 1.000000 0.000000
764.299377 0.000000
0.000000 0.000000 0.000000 0.000000
0.000000 0.932627
8 0.020000 1.400000 0.001000
0.486000 0.396000 0.726000 0.501000 1.360000 6.610000 0.785000 0.785000
272000.000000 96.599998 0.003000
1.073000 0.050000 0.116600
0.124779 0.069720 0.000356 0.000000
0.000000

0.000000 0.187393 2.293167
0.500703 0.055635 8.579488 46.488380 205.839630
0.000000 0.011040 0.060556 0.000000 0.000000 0.000000
0.000000 0.000000 0.000000
2.073294 1.000000 0.000000
764.299377 0.000000
0.000000 0.000000 0.000000 0.000000
0.000000 0.917674
8 0.020000 1.420000 0.001000
0.486000 0.396000 0.726000 0.501000 1.360000 6.610000 0.785000 0.785000
272000.000000 96.599998 0.003000
1.073000 0.050000 0.116600
0.124797 0.069640 0.000356 0.000000
0.000000

0.000000 0.171156 2.186625
0.500641 0.055628 8.578805 46.482376 205.839371
0.000000 0.013146 0.062910 0.000000 0.000000 0.000000
0.000000 0.000000 0.000000
2.101702 1.000000 0.000000
764.299377 0.000000
0.000000 0.000000 0.000000 0.000000
0.000000 0.914780
8 0.020000 1.440000 0.001000
0.486000 0.396000 0.726000 0.501000 1.360000 6.610000 0.785000 0.785000
272000.000000 96.599998 0.003000
1.073000 0.050000 0.116600
0.124809 0.069736 0.000356 0.000000
0.000000

0.000000 0.158042 2.098513
0.500739 0.055639 8.581495 46.490711 205.840591
0.000000 0.015298 0.064932 0.000000 0.000000 0.000000
0.000000 0.000000 0.000000
2.130048 1.000000 0.000000
764.299377 0.000000
0.000000 0.000000 0.000000 0.000000
0.000000 0.967432
8 0.020000 1.460000 0.001000
0.486000 0.396000 0.726000 0.501000 1.360000 6.610000 0.785000 0.785000
272000.000000 96.599998 0.003000
1.073000 0.050000 0.116600
0.124826 0.069743 0.000356 0.000000
0.000000

0.000000 0.146166 2.019049
0.500857 0.055652 8.584228 46.501083 205.841263
0.000000 0.017611 0.066890 0.000000 0.000000 0.000000
0.000000 0.000000 0.000000
2.158326 1.000000 0.000000
764.299377 0.000000
0.000000 0.000000 0.000000 0.000000
0.000000 0.928190
8 0.020000 1.480000 0.001000
0.486000 0.396000 0.726000 0.501000 1.360000 6.610000 0.785000 0.785000
272000.000000 96.599998 0.003000
1.073000 0.050000 0.116600
0.124839 0.070211 0.000359 0.000000
0.000000

0.000000 0.135431 1.947147
0.500964 0.055664 8.587334 46.509892 205.842972
0.000000 0.021092 0.075011 0.000000 0.000000 0.000000
0.000000 0.000000 0.000000
2.186531 1.000000 0.000000
764.299377 0.000000
0.000000 0.000000 0.000000 0.000000
0.000000 0.927752
8 0.020000 1.500000 0.001000
0.486000 0.396000 0.726000 0.501000 1.360000 6.610000 0.785000 0.785000
272000.000000 96.599998 0.003000
1.073000 0.050000 0.116600
0.124855 0.069797 0.000356 0.000000
0.000000

0.000000 0.040303 1.427942
0.500415 0.055603 8.578314 46.459774 205.843445
0.000000 0.029442 0.108573 0.000000 0.000000 0.000000
0.000000 0.000000 0.000000
2.214657 1.000000 0.000000
764.299377 0.000000
0.000000 0.000000 0.000000 0.000000
0.000000 0.926103
8 0.020000 1.520000 0.001000
0.486000 0.396000 0.726000 0.501000 1.360000 6.610000 0.785000 0.785000
272000.000000 96.599998 0.003000
1.073000 0.050000 0.116600
0.124869 0.069668 0.000356 0.000000
0.000000

0.000000 0.039498 1.412383
0.500599 0.055624 8.582402 46.475883 205.846130
0.000000 0.034212 0.115280 0.000000 0.000000 0.000000
0.000000 0.000000 0.000000
2.242698 1.000000 0.000000
764.299377 0.000000
0.000000 0.000000 0.000000 0.000000
0.000000 0.928924
8 0.020000 1.540000 0.001000
0.486000 0.396000 0.726000 0.501000 1.360000 6.610000 0.785000 0.785000
272000.000000 96.599998 0.003000
1.073000 0.050000 0.116600
0.124883 0.069709 0.000356 0.000000
0.000000

0.000000 0.038030 1.394679
0.500744 0.055640 8.585675 46.488533 205.846985
0.000000 0.036774 0.121406 0.000000 0.000000 0.000000
0.000000 0.000000 0.000000
2.270649 1.000000 0.000000
764.299377 0.000000
0.000000 0.000000 0.000000 0.000000
0.000000 0.922828
8 0.020000 1.560000 0.001000
0.486000 0.396000 0.726000 0.501000 1.360000 6.610000 0.785000 0.785000
272000.000000 96.599998 0.003000
1.073000 0.050000 0.116600
0.124896 0.069643 0.000356 0.000000
0.000000

0.000000 0.037454 1.382563
0.500919 0.055659 8.589294 46.504158 205.849228
0.000000 0.038637 0.126403 0.000000 0.000000 0.000000
0.000000 0.000000 0.000000
2.298505 1.000000 0.000000
764.299377 0.000000
0.000000 0.000000 0.000000 0.000000
0.000000 0.908972
8 0.020000 1.580000 0.001000
0.486000 0.396000 0.726000 0.501000 1.360000 6.610000 0.785000 0.785000
272000.000000 96.599998 0.003000
1.073000 0.050000 0.116600
0.124911 0.069636 0.000356 0.000000
0.000000

0.000000 0.036982 1.372412
0.501140 0.055684 8.593796 46.523960 205.849335
0.000000 0.040481 0.130299 0.000000 0.000000 0.000000
0.000000 0.000000 0.000000
2.326259 1.000000 0.000000
764.299377 0.000000
0.000000 0.000000 0.000000 0.000000
0.000000 0.905611
8 0.020000 1.600000 0.001000
0.486000 0.396000 0.726000 0.501000 1.360000 6.610000 0.785000 0.785000
272000.000000 96.599998 0.003000
1.073000 0.050000 0.116600
0.124924 0.069648 0.000356 0.000000
0.000000

0.000000 0.036576 1.363251
0.501339 0.055706 8.597959 46.541737 205.851120
0.000000 0.041959 0.133272 0.000000 0.000000 0.000000
0.000000 0.000000 0.000000
2.353907 1.000000 0.000000
764.299377 0.000000
0.000000 0.000000 0.000000 0.000000
0.000000 0.904855
8 0.020000 1.620000 0.001000
0.486000 0.396000 0.726000 0.501000 1.360000 6.610000 0.785000 0.785000
272000.000000 96.599998 0.003000
1.073000 0.050000 0.116600
0.124938 0.070201 0.000359 0.000000
0.000000

0.000000 0.036221 1.355380
0.501555 0.055730 8.602862 46.560574 205.852783
0.000000 0.042694 0.135477 0.000000 0.000000 0.000000
0.000000 0.000000 0.000000
2.381444 1.000000 0.000000
764.299377 0.000000
0.000000 0.000000 0.000000 0.000000
0.000000 0.899705
8 0.020000 1.640000 0.001000
0.486000 0.396000 0.726000 0.501000 1.360000 6.610000 0.785000 0.785000
272000.000000 96.599998 0.003000
1.073000 0.050000 0.116600
0.124951 0.069650 0.000356 0.000000
0.000000

0.000000 0.035929 1.348550
0.501770 0.055754 8.607270 46.579807 205.854202
0.000000 0.043205 0.137337 0.000000 0.000000 0.000000
0.000000 0.000000 0.000000
2.408865 1.000000 0.000000
764.299377 0.000000
0.000000 0.000000 0.000000 0.000000
0.000000 0.895917
8 0.020000 1.660000 0.001000
0.486000 0.396000 0.726000 0.501000 1.360000 6.610000 0.785000 0.785000
272000.000000 96.599998 0.003000
1.073000 0.050000 0.116600
0.124965 0.069651 0.000356 0.000000
0.000000

0.000000 0.035239 1.340112
0.501942 0.055773 8.610817 46.595119 205.856888
0.000000 0.043899 0.139125 0.000000 0.000000 0.000000
0.000000 0.000000 0.000000
2.436167 1.000000 0.000000
764.299377 0.000000
0.000000 0.000000 0.000000 0.000000
0.000000 0.960857
8 0.020000 1.680000 0.001000
0.486000 0.396000 0.726000 0.501000 1.360000 6.610000 0.785000 0.785000
272000.000000 96.599998 0.003000
1.073000 0.050000 0.116600
0.124980 0.069648 0.000356 0.000000
0.000000

0.000000 0.035030 1.336144
0.502236 0.055806 8.616408 46.621876 205.857788
0.000000 0.044443 0.140673 0.000000 0.000000 0.000000
0.000000 0.000000 0.000000
2.463344 1.000000 0.000000
764.299377 0.000000
0.000000 0.000000 0.000000 0.000000
0.000000 0.914084
8 0.020000 1.700000 0.001000
0.486000 0.396000 0.726000 0.501000 1.360000 6.610000 0.785000 0.785000
272000.000000 96.599998 0.003000
1.073000 0.050000 0.116600
0.124999 0.069634 0.000356 0.000000
0.000000

0.000000 0.034902 1.332208
0.502473 0.055832 8.621178 46.643185 205.858292
0.000000 0.044522 0.142031 0.000000 0.000000 0.000000
0.000000 0.000000 0.000000
2.490392 1.000000 0.000000
764.299377 0.000000
0.000000 0.000000 0.000000 0.000000
0.000000 0.917163
8 0.020000 1.720000 0.001000
0.486000 0.396000 0.726000 0.501000 1.360000 6.610000 0.785000 0.785000
272000.000000 96.599998 0.003000
1.073000 0.050000 0.116600
0.125013 0.069608 0.000355 0.000000
0.000000

0.000000 0.034783 1.328756
0.502692 0.055856 8.625337 46.663139 205.859711
0.000000 0.044568 0.143411 0.000000 0.000000 0.000000
0.000000 0.000000 0.000000
2.517309 1.000000 0.000000
764.299377 0.000000
0.000000 0.000000 0.000000 0.000000
0.000000 0.909759
8 0.020000 1.740000 0.001000
0.486000 0.396000 0.726000 0.501000 1.360000 6.610000 0.785000 0.785000
272000.000000 96.599998 0.003000
1.073000 0.050000 0.116600
0.125026 0.069628 0.000356 0.000000
0.000000

0.000000 0.034710 1.326158
0.502934 0.055883 8.629423 46.685589 205.860840
0.000000 0.043158 0.144408 0.000000 0.000000 0.000000
0.000000 0.000000 0.000000
2.544090 1.000000 0.000000
764.299377 0.000000
0.000000 0.000000 0.000000 0.000000
0.000000 0.908480
8 0.020000 1.760000 0.001000
0.486000 0.396000 0.726000 0.501000 1.360000 6.610000 0.785000 0.785000
272000.000000 96.599998 0.003000
1.073000 0.050000 0.116600
0.125043 0.069574 0.000355 0.000000
0.000000

0.000000 0.034645 1.323979
0.503160 0.055908 8.632937 46.706978 205.862411
0.000000 0.039665 0.144705 0.000000 0.000000 0.000000
0.000000 0.000000 0.000000
2.570733 1.000000 0.000000
764.299377 0.000000
0.000000 0.000000 0.000000 0.000000
0.000000 0.896222
8 0.020000 1.780000 0.001000
0.486000 0.396000 0.726000 0.501000 1.360000 6.610000 0.785000 0.785000
272000.000000 96.599998 0.003000
1.073000 0.050000 0.116600
0.125060 0.069586 0.000355 0.000000
0.000000

0.000000 0.034594 1.322114
0.503377 0.055932 8.635687 46.728024 205.865356
0.000000 0.034745 0.144573 0.000000 0.000000 0.000000
0.000000 0.000000 0.000000
2.597233 1.000000 0.000000
764.299377 0.000000
0.000000 0.000000 0.000000 0.000000
0.000000 0.922168
8 0.020000 1.800000 0.001000
0.486000 0.396000 0.726000 0.501000 1.360000 6.610000 0.785000 0.785000
272000.000000 96.599998 0.003000
1.073000 0.050000 0.116600
0.125072 0.069558 0.000355 0.000000
0.000000

0.000000 0.032415 1.279102
0.503556 0.055952 8.638379 46.745155 205.866776
0.000000 0.029028 0.144117 0.000000 0.000000 0.000000
0.000000 0.000000 0.000000
2.623590 1.000000 0.000000
764.299377 0.000000
0.000000 0.000000 0.000000 0.000000
0.000000 0.907919
8 0.020000 1.820000 0.001000
0.486000 0.396000 0.726000 0.501000 1.360000 6.610000 0.785000 0.785000
272000.000000 96.599998 0.003000
1.073000 0.050000 0.116600
0.125083 0.069574 0.000355 0.000000
0.000000

0.000000 0.032647 1.282149
0.503784 0.055978 8.642317 46.766254 205.867905
0.000000 0.023256 0.143394 0.000000 0.000000 0.000000
0.000000 0.000000 0.000000
2.649800 1.000000 0.000000
764.299377 0.000000
0.000000 0.000000 0.000000 0.000000
0.000000 0.903726
8 0.020000 1.840000 0.001000
0.486000 0.396000 0.726000 0.501000 1.360000 6.610000 0.785000 0.785000
272000.000000 96.599998 0.003000
1.073000 0.050000 0.116600
0.125100 0.069514 0.000355 0.000000
0.000000

0.000000 0.032871 1.285234
0.504014 0.056003 8.647000 46.786774 205.868469
0.000000 0.018384 0.142847 0.000000 0.000000 0.000000
0.000000 0.000000 0.000000
2.675862 1.000000 0.000000
764.299377 0.000000
0.000000 0.000000 0.000000 0.000000
0.000000 0.903302
8 0.020000 1.860000 0.001000
0.486000 0.396000 0.726000 0.501000 1.360000 6.610000 0.785000 0.785000
272000.000000 96.599998 0.003000
1.073000 0.050000 0.116600
0.125111 0.069495 0.000355 0.000000
0.000000

0.000000 0.033106 1.288295
0.504240 0.056028 8.651595 46.807003 205.868698
0.000000 0.014984 0.142839 0.000000 0.000000 0.000000
0.000000 0.000000 0.000000
2.701773 1.000000 0.000000
764.299377 0.000000
0.000000 0.000000 0.000000 0.000000
0.000000 0.901031
8 0.020000 1.880000 0.001000
0.486000 0.396000 0.726000 0.501000 1.360000 6.610000 0.785000 0.785000
272000.000000 96.599998 0.003000
1.073000 0.050000 0.116600
0.125127 0.069502 0.000355 0.000000
0.000000

0.000000 0.033314 1.291051
0.504442 0.056051 8.655800 46.825020 205.869553
0.000000 0.013004 0.143507 0.000000 0.000000 0.000000
0.000000 0.000000 0.000000
2.727534 1.000000 0.000000
764.299377 0.000000
0.000000 0.000000 0.000000 0.000000
0.000000 0.900759
8 0.020000 1.900000 0.001000
0.486000 0.396000 0.726000 0.501000 1.360000 6.610000 0.785000 0.785000
272000.000000 96.599998 0.003000
1.073000 0.050000 0.116600
0.125139 0.069508 0.000355 0.000000
0.000000

0.000000 0.033544 1.294075
0.504667 0.056076 8.660364 46.845161 205.870102
0.000000 0.012016 0.144563 0.000000 0.000000 0.000000
0.000000 0.000000 0.000000
2.753143 1.000000 0.000000
764.299377 0.000000
0.000000 0.000000 0.000000 0.000000
0.000000 0.898429
8 0.020000 1.920000 0.001000
0.486000 0.396000 0.726000 0.501000 1.360000 6.610000 0.785000 0.785000
272000.000000 96.599998 0.003000
1.073000 0.050000 0.116600
0.125150 0.069491 0.000355 0.000000
0.000000

0.000000 0.033765 1.297365
0.504911 0.056103 8.665283 46.867100 205.870728
0.000000 0.011580 0.145804 0.000000 0.000000 0.000000
0.000000 0.000000 0.000000
2.778600 1.000000 0.000000
764.299377 0.000000
0.000000 0.000000 0.000000 0.000000
0.000000 0.896937
8 0.020000 1.940000 0.001000
0.486000 0.396000 0.726000 0.501000 1.360000 6.610000 0.785000 0.785000
272000.000000 96.599998 0.003000
1.073000 0.050000 0.116600
0.125168 0.069454 0.000355 0.000000
0.000000

0.000000 0.033998 1.301331
0.505205 0.056136 8.671039 46.893669 205.870911
0.000000 0.011412 0.147206 0.000000 0.000000 0.000000
0.000000 0.000000 0.000000
2.803903 1.000000 0.000000
764.299377 0.000000
0.000000 0.000000 0.000000 0.000000
0.000000 0.895493
8 0.020000 1.960000 0.001000
0.486000 0.396000 0.726000 0.501000 1.360000 6.610000 0.785000 0.785000
272000.000000 96.599998 0.003000
1.073000 0.050000 0.116600
0.125182 0.069441 0.000355 0.000000
0.000000

0.000000 0.034225 1.310297
0.505889 0.056212 8.683472 46.956409 205.868408
0.000000 0.011350 0.148626 0.000000 0.000000 0.000000
0.000000 0.000000 0.000000
2.829054 1.000000 0.000000
764.299377 0.000000
0.000000 0.000000 0.000000 0.000000
0.000000 0.894371
8 0.020000 1.980000 0.001000
0.486000 0.396000 0.726000 0.501000 1.360000 6.610000 0.785000 0.785000
272000.000000 96.599998 0.003000
1.073000 0.050000 0.116600
0.125226 0.069383 0.000354 0.000000
0.000000

0.000000 0.034459 1.324181
0.506954 0.056330 8.702438 47.054478 205.864227
0.000000 0.053332 0.224406 0.000000 0.000000 0.000000
0.000000 0.000000 0.000000
2.854053 1.000000 0.000000
764.299377 0.000000
0.000000 0.000000 0.000000 0.000000
0.000000 0.894036
8 0.020000 2.000000 0.001000
0.486000 0.396000 0.726000 0.501000 1.360000 6.610000 0.785000 0.785000
272000.000000 96.599998 0.003000
1.073000 0.050000 0.116600
0.125291 0.069418 0.000355 0.000000
0.000000
1.000000
2.000000
0.000000 0.000000
0.000000
0
-0.680000
0 0
0.000000
1
0.000000
1.000000
1.000000
1.000000
0.000000 0.000000 0.000000
0.000000 0.000000
0.000000 0.000000 0.000000 0.000000 0.000000 0.000000 0.000000
0.000000 0.000000 0.000000 0.000000 0.000000 0.000000 0.000000
238
2.000000
1
C:\DNDC\sites\Ottawa\CEFSoilc.spf
-1.000000 -1.000000
0.000000
34
34
10.000000
105
0.000000
0.000000
256
0.000000
478801.500000
1
