7
Clay_loam
0.314000 0.490000 0.006410 0.726000 0.398000 1.000000 0.000000 0.000000
1.350000 6.610000 1 0.031000 0.500000 0.050000 0.010000 0.240000 0.750000
0.000000 0.020000 2.000000 270000.000000 96.599998 100
0.233300 1.944000 3.025300 0.000000 1
10.000000 10.000000 10.000000 5.000000 25.000000 100.000000
0.000000 0.030837 0.000000 0.000000 0.000000 0.000000
500.000000 0.000000 0.000000

20.346510 412.268799 2067.847412
20.503496 2.278243 493.636963 1816.382568 6290.904297
0.000000 25.477915 1.216486 1.010348 0.000000 0.000000
0.000064 0.005559 0.000183
-0.951221 0.166350 50.805958
764.299377 0.000000
0.668075 0.000000 0.000000 0.000000
0.000000 14.965351
7 0.020000 0.020000 0.031000
0.490000 0.314000 0.726000 0.398000 1.350000 6.610000 0.726000 0.726000
270000.000000 96.599998 0.006410
1.073000 0.050000 0.116600
3.976388 1.981982 0.001741 0.000000
0.000000

0.436420 21.889982 71.651421
17.254074 1.917178 273.351257 1674.346069 6284.210449
0.000000 0.000851 0.110366 0.505174 0.000000 0.000000
0.000002 0.000218 0.000085
-0.863121 0.174384 54.038162
764.299377 0.000000
0.509547 0.000000 0.000000 0.000000
0.000000 10.209413
7 0.020000 0.040000 0.031000
0.490000 0.314000 0.726000 0.398000 1.350000 6.610000 0.726000 0.726000
270000.000000 96.599998 0.006410
1.073000 0.050000 0.116600
3.976107 1.952555 0.001797 0.000000
0.000000

0.000000 15.132848 57.101940
17.266712 1.918580 271.485718 1673.276245 6284.341797
0.000000 0.000509 0.093776 0.252587 0.000000 0.000000
0.000001 0.000129 0.000060
-0.787483 0.182839 73.676582
764.299377 0.000000
0.464167 0.000000 0.000000 0.000000
0.000000 3.329697
7 0.020000 0.060000 0.031000
0.490000 0.314000 0.726000 0.398000 1.350000 6.610000 0.726000 0.726000
270000.000000 96.599998 0.006410
1.073000 0.050000 0.116600
3.975138 1.913890 0.001846 0.000000
0.000000

0.000000 13.134266 54.284435
17.299782 1.922252 270.919861 1673.250366 6284.262695
0.000000 0.000260 0.079433 0.126294 0.000000 0.000000
0.000000 0.000093 0.000051
-0.714368 0.191707 79.212700
764.299377 0.000000
0.420935 0.000000 0.000000 0.000000
0.000000 3.987354
7 0.020000 0.080000 0.031000
0.490000 0.314000 0.726000 0.398000 1.350000 6.610000 0.726000 0.726000
270000.000000 96.599998 0.006410
1.073000 0.050000 0.116600
3.974828 1.875289 0.001896 0.000000
0.000000

0.000000 12.222314 43.847012
14.131331 1.705774 217.905258 1349.559814 5067.951660
0.000000 0.000030 0.026628 0.063147 0.000000 0.000000
0.000000 0.000078 0.000007
-0.642142 0.201587 78.244476
764.299377 0.000000
0.000000 0.000000 0.000000 0.000000
0.000000 4.422378
7 0.020000 0.100000 0.025000
0.490000 0.314000 0.726000 0.398000 1.350000 6.610000 0.726000 0.726000
270000.000000 96.599998 0.006410
1.073000 0.050000 0.116600
3.205161 1.510220 0.001600 0.000000
0.000000

0.000000 11.434623 67.922005
14.138440 1.691508 218.839752 1347.905151 5067.774414
0.000000 0.000021 0.029192 0.031573 0.000000 0.000000
0.000000 0.000038 0.000001
-0.571102 0.212889 77.136879
764.299377 0.000000
0.000000 0.000000 0.000000 0.000000
0.000000 4.435937
7 0.020000 0.120000 0.025000
0.490000 0.314000 0.726000 0.398000 1.350000 6.610000 0.726000 0.726000
270000.000000 96.599998 0.006410
1.073000 0.050000 0.116600
3.205844 1.452474 0.001624 0.000000
0.000000

0.000000 6.558575 64.882812
14.158196 1.678952 219.774567 1347.772461 5067.638184
0.000000 0.000035 0.034741 0.015787 0.000000 0.000000
0.000000 0.000034 0.000001
-0.500971 0.226002 75.851814
764.299377 0.000000
0.000000 0.000000 0.000000 0.000000
0.000000 4.113321
7 0.020000 0.140000 0.025000
0.490000 0.314000 0.726000 0.398000 1.350000 6.610000 0.726000 0.726000
270000.000000 96.599998 0.006410
1.073000 0.050000 0.116600
3.206388 1.431671 0.001699 0.000000
0.000000

0.000000 7.002905 64.606079
14.174893 1.666132 220.645508 1347.364868 5067.520508
0.000000 0.000036 0.035933 0.007893 0.000000 0.000000
0.000000 0.000030 0.000000
-0.431357 0.241485 74.334488
764.299377 0.000000
0.000000 0.000000 0.000000 0.000000
0.000000 3.646953
7 0.020000 0.160000 0.025000
0.490000 0.314000 0.726000 0.398000 1.350000 6.610000 0.726000 0.726000
270000.000000 96.599998 0.006410
1.073000 0.050000 0.116600
3.206917 1.409433 0.001788 0.000000
0.000000

0.000000 6.347948 52.333324
11.358088 1.323160 177.321594 1077.920288 4053.934570
0.000000 0.000005 0.028846 0.003947 0.000000 0.000000
0.000000 0.000025 0.000000
-0.361490 0.260176 72.502762
764.299377 0.000000
0.000000 0.000000 0.000000 0.000000
0.000000 3.156531
7 0.020000 0.180000 0.020000
0.490000 0.314000 0.726000 0.398000 1.350000 6.610000 0.726000 0.726000
270000.000000 96.599998 0.006410
1.073000 0.050000 0.116600
2.565987 1.147878 0.001565 0.000000
0.000000

0.000000 5.753664 52.106335
11.375785 1.313062 178.089050 1077.909912 4053.876709
0.000000 0.000000 0.030276 0.001973 0.000000 0.000000
0.000000 0.000022 0.000000
-0.289962 0.283402 70.226562
764.299377 0.000000
0.000000 0.000000 0.000000 0.000000
0.000000 9.182774
7 0.020000 0.200000 0.020000
0.490000 0.314000 0.726000 0.398000 1.350000 6.610000 0.726000 0.726000
270000.000000 96.599998 0.006410
1.073000 0.050000 0.116600
2.566421 1.622635 0.002422 0.000000
0.000000

0.000000 5.226137 51.963978
11.396317 1.302328 179.075272 1077.898438 4053.772461
0.000000 0.000000 0.029892 0.000987 0.000000 0.000000
0.000000 0.000001 0.000000
-0.212865 0.313416 67.285210
764.299377 0.000000
0.000000 0.000000 0.000000 0.000000
0.000000 11.210046
7 0.020000 0.220000 0.020000
0.490000 0.314000 0.726000 0.398000 1.350000 6.610000 0.726000 0.726000
270000.000000 96.599998 0.006410
1.073000 0.050000 0.116600
2.566970 1.788087 0.002960 0.000000
0.000000

0.000000 4.750648 51.926815
11.423115 1.288890 180.405579 1077.893921 4053.605957
0.000000 0.000000 0.030437 0.000493 0.000000 0.000000
0.000000 0.000000 0.000000
-0.115788 0.354419 63.266914
764.299377 0.000000
0.000000 0.000000 0.000000 0.000000
0.000000 4.837215
7 0.020000 0.240000 0.020000
0.490000 0.314000 0.726000 0.398000 1.350000 6.610000 0.726000 0.726000
270000.000000 96.599998 0.006410
1.073000 0.050000 0.116600
2.567708 1.324084 0.002473 0.000000
0.000000

0.000000 4.307201 51.628811
11.429097 1.281935 180.329483 1077.878418 4053.668457
0.000000 0.000000 0.039745 0.000247 0.000000 0.000000
0.000000 0.000001 0.000000
-0.070838 0.421542 29.836933
764.299377 0.000000
0.000000 0.000000 0.000000 0.000000
0.000000 4.093414
7 0.020000 0.260000 0.020000
0.490000 0.314000 0.726000 0.398000 1.350000 6.610000 0.726000 0.726000
270000.000000 96.599998 0.006410
1.073000 0.050000 0.116600
2.567665 1.292227 0.002858 0.000000
0.000000

0.000000 3.945990 47.281303
10.326677 1.156085 166.110458 970.098206 3647.701904
0.000000 0.000000 0.020933 0.000123 0.000000 0.000000
0.000000 0.000000 0.000000
0.056077 0.547824 67.936966
764.299377 0.000000
0.000000 0.000000 0.000000 0.000000
0.000000 14.257266
7 0.020000 0.280000 0.018000
0.490000 0.314000 0.726000 0.398000 1.350000 6.610000 0.726000 0.726000
270000.000000 96.599998 0.000070
1.073000 0.050000 0.116600
2.312985 1.261411 0.003627 0.000000
0.000000

0.000000 3.588176 47.260971
10.338834 1.150144 167.147919 970.095520 3647.558838
0.000000 0.000000 0.018996 0.000062 0.000000 0.000000
0.000000 0.000000 0.000000
-0.008865 0.898854 11.520186
764.299377 0.000000
0.000000 0.000000 0.000000 0.000000
0.000000 9.957337
7 0.020000 0.300000 0.018000
0.490000 0.314000 0.726000 0.398000 1.350000 6.610000 0.726000 0.726000
270000.000000 96.599998 0.000070
1.073000 0.050000 0.116600
2.313544 1.167823 0.005480 0.000000
0.000000

0.000000 3.250967 47.028034
10.337317 1.152069 167.061371 970.088928 3647.574463
0.000000 0.000000 0.018900 0.000031 0.000000 0.000000
0.000000 0.000000 0.000000
0.022388 0.998988 0.000000
764.299377 0.000000
0.000000 0.000000 0.000000 0.000000
0.000000 7.588408
7 0.020000 0.320000 0.018000
0.490000 0.314000 0.726000 0.398000 1.350000 6.610000 0.726000 0.726000
270000.000000 96.599998 0.000070
1.073000 0.050000 0.116600
2.313500 1.163629 0.006065 0.000000
0.000000

0.000000 2.952260 41.362400
9.047334 1.015777 148.100128 847.780640 3187.250488
0.000000 0.000000 0.014195 0.000015 0.000000 0.000000
0.000000 0.000000 0.000000
0.077926 0.992165 0.000000
764.299377 0.000000
0.000000 0.000000 0.000000 0.000000
0.000000 6.241206
8 0.020000 0.340000 0.015500
0.483000 0.377000 0.726000 0.484000 1.370000 6.610000 0.770000 0.770000
274000.000000 96.599998 0.000070
1.073000 0.050000 0.116600
2.022820 1.018752 0.005118 0.000000
0.000000

0.000000 2.672986 41.162476
9.039804 1.022318 147.996078 847.777344 3187.276611
0.000000 0.000000 0.014929 0.000008 0.000000 0.000000
0.000000 0.000000 0.000000
0.132914 0.988239 0.000000
764.299377 0.000000
0.000000 0.000000 0.000000 0.000000
0.000000 5.570065
8 0.020000 0.360000 0.015500
0.483000 0.377000 0.726000 0.484000 1.370000 6.610000 0.770000 0.770000
274000.000000 96.599998 0.000070
1.073000 0.050000 0.116600
2.022765 1.016109 0.005084 0.000000
0.000000

0.000000 2.420592 40.987892
9.033674 1.028934 147.929901 847.772766 3187.292725
0.000000 0.000000 0.015916 0.000004 0.000000 0.000000
0.000000 0.000000 0.000000
0.187147 0.987460 0.000000
764.299377 0.000000
0.000000 0.000000 0.000000 0.000000
0.000000 5.268939
8 0.020000 0.380000 0.015500
0.483000 0.377000 0.726000 0.484000 1.370000 6.610000 0.770000 0.770000
274000.000000 96.599998 0.000070
1.073000 0.050000 0.116600
2.022728 1.015977 0.005080 0.000000
0.000000

0.000000 2.191877 40.826458
9.026461 1.035305 147.854874 847.770569 3187.318848
0.000000 0.000000 0.023195 0.000002 0.000000 0.000000
0.000000 0.000000 0.000000
0.240635 0.988115 0.000000
764.299377 0.000000
0.000000 0.000000 0.000000 0.000000
0.000000 5.157887
8 0.020000 0.400000 0.015500
0.483000 0.377000 0.726000 0.484000 1.370000 6.610000 0.770000 0.770000
274000.000000 96.599998 0.000070
1.073000 0.050000 0.116600
2.022689 1.015905 0.005083 0.000000
0.000000

0.000000 1.985690 40.689121
9.019778 1.041644 147.825241 847.766052 3187.327148
0.000000 0.000000 0.027632 0.000001 0.000000 0.000000
0.000000 0.000000 0.000000
0.293443 0.987481 0.000000
764.299377 0.000000
0.000000 0.000000 0.000000 0.000000
0.000000 5.120631
8 0.020000 0.420000 0.015500
0.483000 0.377000 0.726000 0.484000 1.370000 6.610000 0.770000 0.770000
274000.000000 96.599998 0.000070
1.073000 0.050000 0.116600
2.022676 1.015874 0.005079 0.000000
0.000000

0.000000 1.798757 40.558388
9.013090 1.047911 147.770294 847.765137 3187.351074
0.000000 0.000000 0.030476 0.000000 0.000000 0.000000
0.000000 0.000000 0.000000
0.345694 0.983465 0.000000
764.299377 0.000000
0.000000 0.000000 0.000000 0.000000
0.000000 5.120522
8 0.020000 0.440000 0.015500
0.483000 0.377000 0.726000 0.484000 1.370000 6.610000 0.770000 0.770000
274000.000000 96.599998 0.000070
1.073000 0.050000 0.116600
2.022646 1.015906 0.005059 0.000000
0.000000

0.000000 1.630244 40.443459
9.006744 1.054165 147.734299 847.762085 3187.365479
0.000000 0.000000 0.033659 0.000000 0.000000 0.000000
0.000000 0.000000 0.000000
0.397546 0.975440 0.000000
764.299377 0.000000
0.000000 0.000000 0.000000 0.000000
0.000000 5.124915
8 0.020000 0.460000 0.015500
0.483000 0.377000 0.726000 0.484000 1.370000 6.610000 0.770000 0.770000
274000.000000 96.599998 0.000070
1.073000 0.050000 0.116600
2.022624 1.015953 0.005018 0.000000
0.000000

0.000000 1.477494 40.338127
9.000490 1.060397 147.696411 847.759338 3187.380859
0.000000 0.000000 0.036432 0.000000 0.000000 0.000000
0.000000 0.000000 0.000000
0.449138 0.964899 0.000000
764.299377 0.000000
0.000000 0.000000 0.000000 0.000000
0.000000 5.137271
8 0.020000 0.480000 0.015500
0.483000 0.377000 0.726000 0.484000 1.370000 6.610000 0.770000 0.770000
274000.000000 96.599998 0.000070
1.073000 0.050000 0.116600
2.022607 1.016017 0.004964 0.000000
0.000000

0.000000 1.339805 40.247959
8.994463 1.066630 147.684433 847.756226 3187.387207
0.000000 0.000000 0.039651 0.000000 0.000000 0.000000
0.000000 0.000000 0.000000
0.500553 0.955007 0.000000
764.299377 0.000000
0.000000 0.000000 0.000000 0.000000
0.000000 5.143775
8 0.020000 0.500000 0.015500
0.483000 0.377000 0.726000 0.484000 1.370000 6.610000 0.770000 0.770000
274000.000000 96.599998 0.000070
1.073000 0.050000 0.116600
2.022598 1.016088 0.004913 0.000000
0.000000

0.000000 1.215120 40.160809
8.988142 1.072801 147.649124 847.754578 3187.401367
0.000000 0.000000 0.041921 0.000000 0.000000 0.000000
0.000000 0.000000 0.000000
0.551787 0.948585 0.000000
764.299377 0.000000
0.000000 0.000000 0.000000 0.000000
0.000000 5.153508
8 0.020000 0.520000 0.015500
0.483000 0.377000 0.726000 0.484000 1.370000 6.610000 0.770000 0.770000
274000.000000 96.599998 0.000070
1.073000 0.050000 0.116600
2.022580 1.016140 0.004881 0.000000
0.000000

0.000000 1.085133 20.512609
4.617054 0.554826 73.917732 437.559326 1645.556152
0.000000 0.000000 0.033700 0.000000 0.000000 0.000000
0.000000 0.000000 0.000000
0.605262 0.770000 0.000000
764.299377 0.000000
0.000000 0.000000 0.000000 0.000000
0.000000 4.708403
8 0.020000 0.540000 0.008000
0.483000 0.377000 0.726000 0.484000 1.370000 6.610000 0.770000 0.770000
274000.000000 96.599998 0.002410
1.073000 0.050000 0.116600
1.042676 0.534791 0.002080 0.000000
0.000000

0.000000 0.985400 20.458771
4.613979 0.558346 73.964554 437.557465 1645.554077
0.000000 0.000000 0.035137 0.000000 0.000000 0.000000
0.000000 0.000000 0.000000
0.661213 0.770000 0.000000
764.299377 0.000000
0.000000 0.000000 0.000000 0.000000
0.000000 4.419856
8 0.020000 0.560000 0.008000
0.483000 0.377000 0.726000 0.484000 1.370000 6.610000 0.770000 0.770000
274000.000000 96.599998 0.002410
1.073000 0.050000 0.116600
1.042701 0.526950 0.002049 0.000000
0.000000

0.000000 0.895418 20.420109
4.611281 0.561895 74.051315 437.555023 1645.547119
0.000000 0.000001 0.037757 0.000000 0.000000 0.000000
0.000000 0.000000 0.000000
0.716917 0.770000 0.000000
764.299377 0.000000
0.000000 0.000000 0.000000 0.000000
0.000000 4.226444
8 0.020000 0.580000 0.008000
0.483000 0.377000 0.726000 0.484000 1.370000 6.610000 0.770000 0.770000
274000.000000 96.599998 0.002410
1.073000 0.050000 0.116600
1.042749 0.526414 0.002047 0.000000
0.000000

0.000000 0.815444 20.405096
4.609315 0.565520 74.217072 437.552826 1645.522705
0.000000 0.000005 0.044291 0.000000 0.000000 0.000000
0.000000 0.000000 0.000000
0.772409 0.770000 0.000000
764.299377 0.000000
0.000000 0.000000 0.000000 0.000000
0.000000 4.076601
8 0.020000 0.600000 0.008000
0.483000 0.377000 0.726000 0.484000 1.370000 6.610000 0.770000 0.770000
274000.000000 96.599998 0.002410
1.073000 0.050000 0.116600
1.042840 0.526177 0.002046 0.000000
0.000000

0.000000 0.741580 20.374414
4.606556 0.569037 74.292534 437.551697 1645.516602
0.000000 0.000215 0.086442 0.000000 0.000000 0.000000
0.000000 0.000000 0.000000
0.827716 0.770000 0.000000
764.299377 0.000000
0.000000 0.000000 0.000000 0.000000
0.000000 3.981425
8 0.020000 0.620000 0.008000
0.483000 0.377000 0.726000 0.484000 1.370000 6.610000 0.770000 0.770000
274000.000000 96.599998 0.002410
1.073000 0.050000 0.116600
1.042881 0.526068 0.002046 0.000000
0.000000

0.000000 0.674946 20.353859
4.604026 0.572572 74.392731 437.549866 1645.508911
0.000000 0.001962 0.148533 0.000000 0.000000 0.000000
0.000000 0.000000 0.000000
0.882864 0.770000 0.000000
764.299377 0.000000
0.000000 0.000000 0.000000 0.000000
0.000000 3.915518
8 0.020000 0.640000 0.008000
0.483000 0.377000 0.726000 0.484000 1.370000 6.610000 0.770000 0.770000
274000.000000 96.599998 0.002410
1.073000 0.050000 0.116600
1.042935 0.525990 0.002046 0.000000
0.000000

0.000000 0.614226 20.327839
4.601131 0.576054 74.450813 437.548981 1645.504028
0.000000 0.002942 0.158054 0.000000 0.000000 0.000000
0.000000 0.000000 0.000000
0.937874 0.770000 0.000000
764.299377 0.000000
0.000000 0.000000 0.000000 0.000000
0.000000 3.878993
8 0.020000 0.660000 0.008000
0.483000 0.377000 0.726000 0.484000 1.370000 6.610000 0.770000 0.770000
274000.000000 96.599998 0.002410
1.073000 0.050000 0.116600
1.042969 0.525954 0.002045 0.000000
0.000000

0.000000 0.559414 20.311110
4.598174 0.579455 74.533539 437.548950 1645.493652
0.000000 0.003402 0.164461 0.000000 0.000000 0.000000
0.000000 0.000000 0.000000
0.991912 0.823041 0.000000
764.299377 0.000000
0.000000 0.000000 0.000000 0.000000
0.000000 3.880869
8 0.020000 0.680000 0.008000
0.483000 0.377000 0.726000 0.484000 1.370000 6.610000 0.770000 0.770000
274000.000000 96.599998 0.002410
1.073000 0.050000 0.116600
1.043012 0.525952 0.002186 0.000000
0.000000

0.000000 0.510875 20.321157
4.594266 0.582466 74.719543 437.549774 1645.457520
0.000000 0.003543 0.165823 0.000000 0.000000 0.000000
0.000000 0.000000 0.000000
1.042560 1.000000 0.000000
764.299377 0.000000
0.000000 0.000000 0.000000 0.000000
0.000000 4.063081
8 0.020000 0.700000 0.008000
0.483000 0.377000 0.726000 0.484000 1.370000 6.610000 0.770000 0.770000
274000.000000 96.599998 0.002410
1.073000 0.050000 0.116600
1.043114 0.525542 0.002654 0.000000
0.000000

0.000000 0.466798 20.340305
4.593174 0.585709 74.932503 437.548950 1645.416992
0.000000 0.003453 0.164419 0.000000 0.000000 0.000000
0.000000 0.000000 0.000000
1.090866 1.000000 0.000000
764.299377 0.000000
0.000000 0.000000 0.000000 0.000000
0.000000 3.884157
8 0.020000 0.720000 0.008000
0.483000 0.377000 0.726000 0.484000 1.370000 6.610000 0.770000 0.770000
274000.000000 96.599998 0.002410
1.073000 0.050000 0.116600
1.043229 0.525291 0.002653 0.000000
0.000000

0.000000 0.427178 12.766984
2.851346 0.365691 46.866127 271.479370 1020.823669
0.000000 0.002547 0.099630 0.000000 0.000000 0.000000
0.000000 0.000000 0.000000
1.139004 1.000000 0.000000
764.299377 0.000000
0.000000 0.000000 0.000000 0.000000
0.000000 3.561397
8 0.020000 0.740000 0.005000
0.486000 0.396000 0.726000 0.501000 1.360000 6.610000 0.785000 0.785000
272000.000000 96.599998 0.003000
1.073000 0.050000 0.116600
0.647460 0.327757 0.001676 0.000000
0.000000

0.000000 0.391680 12.788562
2.851246 0.367769 47.062130 271.478516 1020.788696
0.000000 0.002661 0.101464 0.000000 0.000000 0.000000
0.000000 0.000000 0.000000
1.186977 1.000000 0.000000
764.299377 0.000000
0.000000 0.000000 0.000000 0.000000
0.000000 3.094173
8 0.020000 0.760000 0.005000
0.486000 0.396000 0.726000 0.501000 1.360000 6.610000 0.785000 0.785000
272000.000000 96.599998 0.003000
1.073000 0.050000 0.116600
0.647566 0.325952 0.001667 0.000000
0.000000

0.000000 0.359944 12.848551
2.852549 0.370027 47.415691 271.476562 1020.734802
0.000000 0.002629 0.094133 0.000000 0.000000 0.000000
0.000000 0.000000 0.000000
1.234860 1.000000 0.000000
764.299377 0.000000
0.000000 0.000000 0.000000 0.000000
0.000000 4.299082
8 0.020000 0.780000 0.005000
0.486000 0.396000 0.726000 0.501000 1.360000 6.610000 0.785000 0.785000
272000.000000 96.599998 0.003000
1.073000 0.050000 0.116600
0.647754 0.326762 0.001671 0.000000
0.000000

0.000000 0.330400 12.879596
2.852656 0.372130 47.635124 271.475006 1020.700989
0.000000 0.001388 0.078948 0.000000 0.000000 0.000000
0.000000 0.000000 0.000000
1.282651 1.000000 0.000000
764.299377 0.000000
0.000000 0.000000 0.000000 0.000000
0.000000 2.626925
8 0.020000 0.800000 0.005000
0.486000 0.396000 0.726000 0.501000 1.360000 6.610000 0.785000 0.785000
272000.000000 96.599998 0.003000
1.073000 0.050000 0.116600
0.647870 0.325448 0.001664 0.000000
0.000000

0.000000 0.302786 12.913429
2.852817 0.374239 47.859673 271.474243 1020.676331
0.000000 0.000449 0.064948 0.000000 0.000000 0.000000
0.000000 0.000000 0.000000
1.330346 1.000000 0.000000
764.299377 0.000000
0.000000 0.000000 0.000000 0.000000
0.000000 2.289727
8 0.020000 0.820000 0.005000
0.486000 0.396000 0.726000 0.501000 1.360000 6.610000 0.785000 0.785000
272000.000000 96.599998 0.003000
1.073000 0.050000 0.116600
0.647989 0.325234 0.001663 0.000000
0.000000

0.000000 0.277613 12.942521
2.852691 0.376308 48.052750 271.472626 1020.652466
0.000000 0.000121 0.054867 0.000000 0.000000 0.000000
0.000000 0.000000 0.000000
1.377940 1.000000 0.000000
764.299377 0.000000
0.000000 0.000000 0.000000 0.000000
0.000000 2.202575
8 0.020000 0.840000 0.005000
0.486000 0.396000 0.726000 0.501000 1.360000 6.610000 0.785000 0.785000
272000.000000 96.599998 0.003000
1.073000 0.050000 0.116600
0.648091 0.325153 0.001663 0.000000
0.000000

0.000000 0.254832 12.967772
2.852431 0.378357 48.229881 271.471863 1020.631470
0.000000 0.000023 0.044185 0.000000 0.000000 0.000000
0.000000 0.000000 0.000000
1.425424 1.000000 0.000000
764.299377 0.000000
0.000000 0.000000 0.000000 0.000000
0.000000 2.099927
8 0.020000 0.860000 0.005000
0.486000 0.396000 0.726000 0.501000 1.360000 6.610000 0.785000 0.785000
272000.000000 96.599998 0.003000
1.073000 0.050000 0.116600
0.648183 0.325033 0.001662 0.000000
0.000000

0.000000 0.233947 12.973609
2.851337 0.380292 48.312725 271.471619 1020.618408
0.000000 0.000010 0.044001 0.000000 0.000000 0.000000
0.000000 0.000000 0.000000
1.472792 1.000000 0.000000
764.299377 0.000000
0.000000 0.000000 0.000000 0.000000
0.000000 2.040630
8 0.020000 0.880000 0.005000
0.486000 0.396000 0.726000 0.501000 1.360000 6.610000 0.785000 0.785000
272000.000000 96.599998 0.003000
1.073000 0.050000 0.116600
0.648227 0.324953 0.001662 0.000000
0.000000

0.000000 0.215047 12.976968
2.850101 0.382204 48.379307 271.471344 1020.607300
0.000000 0.000007 0.045746 0.000000 0.000000 0.000000
0.000000 0.000000 0.000000
1.520030 1.000000 0.000000
764.299377 0.000000
0.000000 0.000000 0.000000 0.000000
0.000000 2.012290
8 0.020000 0.900000 0.005000
0.486000 0.396000 0.726000 0.501000 1.360000 6.610000 0.785000 0.785000
272000.000000 96.599998 0.003000
1.073000 0.050000 0.116600
0.648261 0.324922 0.001662 0.000000
0.000000

0.000000 0.197931 12.983333
2.848940 0.384120 48.454056 271.470734 1020.596069
0.000000 0.000006 0.047491 0.000000 0.000000 0.000000
0.000000 0.000000 0.000000
1.567130 1.000000 0.000000
764.299377 0.000000
0.000000 0.000000 0.000000 0.000000
0.000000 1.987870
8 0.020000 0.920000 0.005000
0.486000 0.396000 0.726000 0.501000 1.360000 6.610000 0.785000 0.785000
272000.000000 96.599998 0.003000
1.073000 0.050000 0.116600
0.648300 0.324876 0.001661 0.000000
0.000000

0.000000 0.182493 2.695099
0.569802 0.077239 9.729420 54.295174 204.114227
0.000000 0.000000 0.001381 0.000000 0.000000 0.000000
0.000000 0.000000 0.000000
1.614078 1.000000 0.000000
764.299377 0.000000
0.000000 0.000000 0.000000 0.000000
0.000000 1.240802
8 0.020000 0.940000 0.001000
0.486000 0.396000 0.726000 0.501000 1.360000 6.610000 0.785000 0.785000
272000.000000 96.599998 0.003000
1.073000 0.050000 0.116600
0.129680 0.066622 0.000340 0.000000
0.000000

0.000000 0.168471 2.687443
0.569481 0.077608 9.734488 54.294964 204.113113
0.000000 0.000000 0.001122 0.000000 0.000000 0.000000
0.000000 0.000000 0.000000
1.660863 1.000000 0.000000
764.299377 0.000000
0.000000 0.000000 0.000000 0.000000
0.000000 0.571240
8 0.020000 0.960000 0.001000
0.486000 0.396000 0.726000 0.501000 1.360000 6.610000 0.785000 0.785000
272000.000000 96.599998 0.003000
1.073000 0.050000 0.116600
0.129683 0.064966 0.000332 0.000000
0.000000

0.000000 0.155794 2.679395
0.569115 0.077970 9.734143 54.294853 204.112671
0.000000 0.000000 0.001234 0.000000 0.000000 0.000000
0.000000 0.000000 0.000000
1.707470 1.000000 0.000000
764.299377 0.000000
0.000000 0.000000 0.000000 0.000000
0.000000 0.509207
8 0.020000 0.980000 0.001000
0.486000 0.396000 0.726000 0.501000 1.360000 6.610000 0.785000 0.785000
272000.000000 96.599998 0.003000
1.073000 0.050000 0.116600
0.129683 0.064959 0.000332 0.000000
0.000000

0.000000 0.144308 2.672077
0.568749 0.078329 9.733718 54.294769 204.112198
0.000000 0.000000 0.001365 0.000000 0.000000 0.000000
0.000000 0.000000 0.000000
1.753887 1.000000 0.000000
764.299377 0.000000
0.000000 0.000000 0.000000 0.000000
0.000000 0.495469
8 0.020000 1.000000 0.001000
0.486000 0.396000 0.726000 0.501000 1.360000 6.610000 0.785000 0.785000
272000.000000 96.599998 0.003000
1.073000 0.050000 0.116600
0.129682 0.064959 0.000332 0.000000
0.000000

0.000000 0.133930 2.665435
0.568385 0.078687 9.733189 54.294720 204.111694
0.000000 0.000000 0.001487 0.000000 0.000000 0.000000
0.000000 0.000000 0.000000
1.800099 1.000000 0.000000
764.299377 0.000000
0.000000 0.000000 0.000000 0.000000
0.000000 0.493782
8 0.020000 1.020000 0.001000
0.486000 0.396000 0.726000 0.501000 1.360000 6.610000 0.785000 0.785000
272000.000000 96.599998 0.003000
1.073000 0.050000 0.116600
0.129682 0.064960 0.000332 0.000000
0.000000

0.000000 0.124538 2.659402
0.568021 0.079044 9.732632 54.294559 204.111313
0.000000 0.000000 0.001596 0.000000 0.000000 0.000000
0.000000 0.000000 0.000000
1.846093 1.000000 0.000000
764.299377 0.000000
0.000000 0.000000 0.000000 0.000000
0.000000 0.494321
8 0.020000 1.040000 0.001000
0.486000 0.396000 0.726000 0.501000 1.360000 6.610000 0.785000 0.785000
272000.000000 96.599998 0.003000
1.073000 0.050000 0.116600
0.129682 0.064960 0.000332 0.000000
0.000000

0.000000 0.116029 2.653909
0.567660 0.079398 9.731999 54.294468 204.110870
0.000000 0.000000 0.001692 0.000000 0.000000 0.000000
0.000000 0.000000 0.000000
1.891855 1.000000 0.000000
764.299377 0.000000
0.000000 0.000000 0.000000 0.000000
0.000000 0.495038
8 0.020000 1.060000 0.001000
0.486000 0.396000 0.726000 0.501000 1.360000 6.610000 0.785000 0.785000
272000.000000 96.599998 0.003000
1.073000 0.050000 0.116600
0.129681 0.064961 0.000332 0.000000
0.000000

0.000000 0.108341 2.648896
0.567299 0.079750 9.731214 54.294380 204.110703
0.000000 0.000000 0.001801 0.000000 0.000000 0.000000
0.000000 0.000000 0.000000
1.937372 1.000000 0.000000
764.299377 0.000000
0.000000 0.000000 0.000000 0.000000
0.000000 0.495998
8 0.020000 1.080000 0.001000
0.486000 0.396000 0.726000 0.501000 1.360000 6.610000 0.785000 0.785000
272000.000000 96.599998 0.003000
1.073000 0.050000 0.116600
0.129681 0.064961 0.000332 0.000000
0.000000

0.000000 0.101384 2.644338
0.566940 0.080101 9.730429 54.294315 204.110092
0.000000 0.000000 0.001871 0.000000 0.000000 0.000000
0.000000 0.000000 0.000000
1.982630 1.000000 0.000000
764.299377 0.000000
0.000000 0.000000 0.000000 0.000000
0.000000 0.496999
8 0.020000 1.100000 0.001000
0.486000 0.396000 0.726000 0.501000 1.360000 6.610000 0.785000 0.785000
272000.000000 96.599998 0.003000
1.073000 0.050000 0.116600
0.129681 0.064962 0.000332 0.000000
0.000000

0.000000 0.095079 2.640198
0.566584 0.080449 9.729625 54.294327 204.109695
0.000000 0.000000 0.001950 0.000000 0.000000 0.000000
0.000000 0.000000 0.000000
2.027617 1.000000 0.000000
764.299377 0.000000
0.000000 0.000000 0.000000 0.000000
0.000000 0.498028
8 0.020000 1.120000 0.001000
0.486000 0.396000 0.726000 0.501000 1.360000 6.610000 0.785000 0.785000
272000.000000 96.599998 0.003000
1.073000 0.050000 0.116600
0.129680 0.064963 0.000332 0.000000
0.000000

0.000000 0.089384 2.636443
0.566231 0.080795 9.728864 54.294289 204.109482
0.000000 0.000000 0.001996 0.000000 0.000000 0.000000
0.000000 0.000000 0.000000
2.072320 1.000000 0.000000
764.299377 0.000000
0.000000 0.000000 0.000000 0.000000
0.000000 0.499016
8 0.020000 1.140000 0.001000
0.486000 0.396000 0.726000 0.501000 1.360000 6.610000 0.785000 0.785000
272000.000000 96.599998 0.003000
1.073000 0.050000 0.116600
0.129680 0.064963 0.000332 0.000000
0.000000

0.000000 0.084230 2.633001
0.565879 0.081139 9.728016 54.294327 204.109161
0.000000 0.000000 0.002168 0.000000 0.000000 0.000000
0.000000 0.000000 0.000000
2.116726 1.000000 0.000000
764.299377 0.000000
0.000000 0.000000 0.000000 0.000000
0.000000 0.500049
8 0.020000 1.159999 0.001000
0.486000 0.396000 0.726000 0.501000 1.360000 6.610000 0.785000 0.785000
272000.000000 96.599998 0.003000
1.073000 0.050000 0.116600
0.129679 0.064964 0.000332 0.000000
0.000000

0.000000 0.079567 2.629863
0.565528 0.081480 9.727089 54.294239 204.108688
0.000000 0.000000 0.005778 0.000000 0.000000 0.000000
0.000000 0.000000 0.000000
2.160824 1.000000 0.000000
764.299377 0.000000
0.000000 0.000000 0.000000 0.000000
0.000000 0.501097
8 0.020000 1.179999 0.001000
0.486000 0.396000 0.726000 0.501000 1.360000 6.610000 0.785000 0.785000
272000.000000 96.599998 0.003000
1.073000 0.050000 0.116600
0.129679 0.064965 0.000332 0.000000
0.000000

0.000000 0.075340 2.626998
0.565181 0.081819 9.726191 54.294254 204.108231
0.000000 0.000000 0.008069 0.000000 0.000000 0.000000
0.000000 0.000000 0.000000
2.204604 1.000000 0.000000
764.299377 0.000000
0.000000 0.000000 0.000000 0.000000
0.000000 0.502236
8 0.020000 1.199999 0.001000
0.486000 0.396000 0.726000 0.501000 1.360000 6.610000 0.785000 0.785000
272000.000000 96.599998 0.003000
1.073000 0.050000 0.116600
0.129678 0.064965 0.000332 0.000000
0.000000

0.000000 0.071523 2.624395
0.564836 0.082155 9.725290 54.294216 204.108047
0.000000 0.000000 0.008541 0.000000 0.000000 0.000000
0.000000 0.000000 0.000000
2.248053 1.000000 0.000000
764.299377 0.000000
0.000000 0.000000 0.000000 0.000000
0.000000 0.503159
8 0.020000 1.219999 0.001000
0.486000 0.396000 0.726000 0.501000 1.360000 6.610000 0.785000 0.785000
272000.000000 96.599998 0.003000
1.073000 0.050000 0.116600
0.129678 0.064966 0.000332 0.000000
0.000000

0.000000 0.068068 2.622040
0.564495 0.082489 9.724487 54.294205 204.107498
0.000000 0.000000 0.008996 0.000000 0.000000 0.000000
0.000000 0.000000 0.000000
2.291164 1.000000 0.000000
764.299377 0.000000
0.000000 0.000000 0.000000 0.000000
0.000000 0.504133
8 0.020000 1.239999 0.001000
0.486000 0.396000 0.726000 0.501000 1.360000 6.610000 0.785000 0.785000
272000.000000 96.599998 0.003000
1.073000 0.050000 0.116600
0.129678 0.064967 0.000332 0.000000
0.000000

0.000000 0.064942 2.619857
0.564156 0.082819 9.723529 54.294220 204.107117
0.000000 0.000000 0.009392 0.000000 0.000000 0.000000
0.000000 0.000000 0.000000
2.333925 1.000000 0.000000
764.299377 0.000000
0.000000 0.000000 0.000000 0.000000
0.000000 0.505196
8 0.020000 1.259999 0.001000
0.486000 0.396000 0.726000 0.501000 1.360000 6.610000 0.785000 0.785000
272000.000000 96.599998 0.003000
1.073000 0.050000 0.116600
0.129677 0.064967 0.000332 0.000000
0.000000

0.000000 0.062109 2.617862
0.563819 0.083147 9.722609 54.294201 204.107071
0.000000 0.000000 0.009747 0.000000 0.000000 0.000000
0.000000 0.000000 0.000000
2.376329 1.000000 0.000000
764.299377 0.000000
0.000000 0.000000 0.000000 0.000000
0.000000 0.506245
8 0.020000 1.279999 0.001000
0.486000 0.396000 0.726000 0.501000 1.360000 6.610000 0.785000 0.785000
272000.000000 96.599998 0.003000
1.073000 0.050000 0.116600
0.129677 0.064968 0.000332 0.000000
0.000000

0.000000 0.059549 2.616143
0.563489 0.083473 9.722111 54.294216 204.106552
0.000000 0.000000 0.010065 0.000000 0.000000 0.000000
0.000000 0.000000 0.000000
2.418367 1.000000 0.000000
764.299377 0.000000
0.000000 0.000000 0.000000 0.000000
0.000000 0.507009
8 0.020000 1.299999 0.001000
0.486000 0.396000 0.726000 0.501000 1.360000 6.610000 0.785000 0.785000
272000.000000 96.599998 0.003000
1.073000 0.050000 0.116600
0.129676 0.064968 0.000332 0.000000
0.000000

0.000000 0.057234 2.614556
0.563162 0.083796 9.721555 54.294270 204.106400
0.000000 0.000000 0.010306 0.000000 0.000000 0.000000
0.000000 0.000000 0.000000
2.460031 1.000000 0.000000
764.299377 0.000000
0.000000 0.000000 0.000000 0.000000
0.000000 0.507832
8 0.020000 1.319999 0.001000
0.486000 0.396000 0.726000 0.501000 1.360000 6.610000 0.785000 0.785000
272000.000000 96.599998 0.003000
1.073000 0.050000 0.116600
0.129676 0.064969 0.000332 0.000000
0.000000

0.000000 0.055138 2.613048
0.562835 0.084116 9.720706 54.294209 204.106323
0.000000 0.000000 0.010577 0.000000 0.000000 0.000000
0.000000 0.000000 0.000000
2.501315 1.000000 0.000000
764.299377 0.000000
0.000000 0.000000 0.000000 0.000000
0.000000 0.508939
8 0.020000 1.339999 0.001000
0.486000 0.396000 0.726000 0.501000 1.360000 6.610000 0.785000 0.785000
272000.000000 96.599998 0.003000
1.073000 0.050000 0.116600
0.129675 0.064970 0.000332 0.000000
0.000000

0.000000 0.053238 2.611647
0.562510 0.084432 9.719802 54.294224 204.106033
0.000000 0.000000 0.010800 0.000000 0.000000 0.000000
0.000000 0.000000 0.000000
2.542212 1.000000 0.000000
764.299377 0.000000
0.000000 0.000000 0.000000 0.000000
0.000000 0.509887
8 0.020000 1.359999 0.001000
0.486000 0.396000 0.726000 0.501000 1.360000 6.610000 0.785000 0.785000
272000.000000 96.599998 0.003000
1.073000 0.050000 0.116600
0.129675 0.064970 0.000332 0.000000
0.000000

0.000000 0.051523 2.610371
0.562190 0.084745 9.718950 54.294266 204.105682
0.000000 0.000000 0.010973 0.000000 0.000000 0.000000
0.000000 0.000000 0.000000
2.582716 1.000000 0.000000
764.299377 0.000000
0.000000 0.000000 0.000000 0.000000
0.000000 0.510908
8 0.020000 1.379999 0.001000
0.486000 0.396000 0.726000 0.501000 1.360000 6.610000 0.785000 0.785000
272000.000000 96.599998 0.003000
1.073000 0.050000 0.116600
0.129675 0.064971 0.000332 0.000000
0.000000

0.000000 0.049971 2.609208
0.561872 0.085056 9.718127 54.294235 204.105515
0.000000 0.000000 0.011162 0.000000 0.000000 0.000000
0.000000 0.000000 0.000000
2.622822 1.000000 0.000000
764.299377 0.000000
0.000000 0.000000 0.000000 0.000000
0.000000 0.511885
8 0.020000 1.399999 0.001000
0.486000 0.396000 0.726000 0.501000 1.360000 6.610000 0.785000 0.785000
272000.000000 96.599998 0.003000
1.073000 0.050000 0.116600
0.129674 0.064972 0.000332 0.000000
0.000000

0.000000 0.048566 2.608331
0.561565 0.085364 9.718142 54.294273 204.105255
0.000000 0.000000 0.011304 0.000000 0.000000 0.000000
0.000000 0.000000 0.000000
2.662525 1.000000 0.000000
764.299377 0.000000
0.000000 0.000000 0.000000 0.000000
0.000000 0.512332
8 0.020000 1.419999 0.001000
0.486000 0.396000 0.726000 0.501000 1.360000 6.610000 0.785000 0.785000
272000.000000 96.599998 0.003000
1.073000 0.050000 0.116600
0.129674 0.064972 0.000332 0.000000
0.000000

0.000000 0.047292 2.607569
0.561262 0.085669 9.718339 54.294228 204.104691
0.000000 0.000000 0.011441 0.000000 0.000000 0.000000
0.000000 0.000000 0.000000
2.701822 1.000000 0.000000
764.299377 0.000000
0.000000 0.000000 0.000000 0.000000
0.000000 0.512679
8 0.020000 1.439999 0.001000
0.486000 0.396000 0.726000 0.501000 1.360000 6.610000 0.785000 0.785000
272000.000000 96.599998 0.003000
1.073000 0.050000 0.116600
0.129674 0.064972 0.000332 0.000000
0.000000

0.000000 0.046142 2.606817
0.560960 0.085971 9.718208 54.294235 204.104080
0.000000 0.000000 0.011575 0.000000 0.000000 0.000000
0.000000 0.000000 0.000000
2.740707 1.000000 0.000000
764.299377 0.000000
0.000000 0.000000 0.000000 0.000000
0.000000 0.513220
8 0.020000 1.459999 0.001000
0.486000 0.396000 0.726000 0.501000 1.360000 6.610000 0.785000 0.785000
272000.000000 96.599998 0.003000
1.073000 0.050000 0.116600
0.129674 0.064972 0.000332 0.000000
0.000000

0.000000 0.045101 2.606010
0.560657 0.086269 9.717523 54.294209 204.103867
0.000000 0.000000 0.011696 0.000000 0.000000 0.000000
0.000000 0.000000 0.000000
2.779179 1.000000 0.000000
764.299377 0.000000
0.000000 0.000000 0.000000 0.000000
0.000000 0.514115
8 0.020000 1.479999 0.001000
0.486000 0.396000 0.726000 0.501000 1.360000 6.610000 0.785000 0.785000
272000.000000 96.599998 0.003000
1.073000 0.050000 0.116600
0.129674 0.064973 0.000332 0.000000
0.000000

0.000000 0.044160 2.605275
0.560357 0.086564 9.716903 54.294250 204.103653
0.000000 0.000000 0.011793 0.000000 0.000000 0.000000
0.000000 0.000000 0.000000
2.817234 1.000000 0.000000
764.299377 0.000000
0.000000 0.000000 0.000000 0.000000
0.000000 0.515092
8 0.020000 1.499999 0.001000
0.486000 0.396000 0.726000 0.501000 1.360000 6.610000 0.785000 0.785000
272000.000000 96.599998 0.003000
1.073000 0.050000 0.116600
0.129674 0.064973 0.000332 0.000000
0.000000

0.000000 0.043306 2.604625
0.560061 0.086855 9.716402 54.294235 204.103226
0.000000 0.000000 0.011887 0.000000 0.000000 0.000000
0.000000 0.000000 0.000000
2.854871 1.000000 0.000000
764.299377 0.000000
0.000000 0.000000 0.000000 0.000000
0.000000 0.515768
8 0.020000 1.519999 0.001000
0.486000 0.396000 0.726000 0.501000 1.360000 6.610000 0.785000 0.785000
272000.000000 96.599998 0.003000
1.073000 0.050000 0.116600
0.129673 0.064974 0.000332 0.000000
0.000000

0.000000 0.042535 2.603994
0.559768 0.087143 9.715787 54.294216 204.103287
0.000000 0.000000 0.011941 0.000000 0.000000 0.000000
0.000000 0.000000 0.000000
2.892087 1.000000 0.000000
764.299377 0.000000
0.000000 0.000000 0.000000 0.000000
0.000000 0.516627
8 0.020000 1.539999 0.001000
0.486000 0.396000 0.726000 0.501000 1.360000 6.610000 0.785000 0.785000
272000.000000 96.599998 0.003000
1.073000 0.050000 0.116600
0.129673 0.064974 0.000332 0.000000
0.000000

0.000000 0.041837 2.603426
0.559478 0.087428 9.715217 54.294216 204.103012
0.000000 0.000000 0.012022 0.000000 0.000000 0.000000
0.000000 0.000000 0.000000
2.928881 1.000000 0.000000
764.299377 0.000000
0.000000 0.000000 0.000000 0.000000
0.000000 0.517450
8 0.020000 1.559999 0.001000
0.486000 0.396000 0.726000 0.501000 1.360000 6.610000 0.785000 0.785000
272000.000000 96.599998 0.003000
1.073000 0.050000 0.116600
0.129673 0.064975 0.000332 0.000000
0.000000

0.000000 0.041206 2.602922
0.559193 0.087710 9.714735 54.294258 204.102844
0.000000 0.000000 0.012256 0.000000 0.000000 0.000000
0.000000 0.000000 0.000000
2.965253 1.000000 0.000000
764.299377 0.000000
0.000000 0.000000 0.000000 0.000000
0.000000 0.518222
8 0.020000 1.579999 0.001000
0.486000 0.396000 0.726000 0.501000 1.360000 6.610000 0.785000 0.785000
272000.000000 96.599998 0.003000
1.073000 0.050000 0.116600
0.129672 0.064975 0.000332 0.000000
0.000000

0.000000 0.040633 2.602498
0.558913 0.087989 9.714476 54.294266 204.102356
0.000000 0.000000 0.012355 0.000000 0.000000 0.000000
0.000000 0.000000 0.000000
3.001200 1.000000 0.000000
764.299377 0.000000
0.000000 0.000000 0.000000 0.000000
0.000000 0.518854
8 0.020000 1.599999 0.001000
0.486000 0.396000 0.726000 0.501000 1.360000 6.610000 0.785000 0.785000
272000.000000 96.599998 0.003000
1.073000 0.050000 0.116600
0.129672 0.064976 0.000332 0.000000
0.000000

0.000000 0.040116 2.602152
0.558637 0.088265 9.714387 54.294258 204.102280
0.000000 0.000000 0.012403 0.000000 0.000000 0.000000
0.000000 0.000000 0.000000
3.036724 1.000000 0.000000
764.299377 0.000000
0.000000 0.000000 0.000000 0.000000
0.000000 0.519373
8 0.020000 1.619999 0.001000
0.486000 0.396000 0.726000 0.501000 1.360000 6.610000 0.785000 0.785000
272000.000000 96.599998 0.003000
1.073000 0.050000 0.116600
0.129672 0.064976 0.000332 0.000000
0.000000

0.000000 0.039649 2.601832
0.558365 0.088537 9.714279 54.294331 204.102219
0.000000 0.000000 0.012419 0.000000 0.000000 0.000000
0.000000 0.000000 0.000000
3.071822 1.000000 0.000000
764.299377 0.000000
0.000000 0.000000 0.000000 0.000000
0.000000 0.519979
8 0.020000 1.639999 0.001000
0.486000 0.396000 0.726000 0.501000 1.360000 6.610000 0.785000 0.785000
272000.000000 96.599998 0.003000
1.073000 0.050000 0.116600
0.129672 0.064976 0.000332 0.000000
0.000000

0.000000 0.039225 2.601580
0.558098 0.088807 9.714325 54.294327 204.101608
0.000000 0.000000 0.012455 0.000000 0.000000 0.000000
0.000000 0.000000 0.000000
3.106497 1.000000 0.000000
764.299377 0.000000
0.000000 0.000000 0.000000 0.000000
0.000000 0.520258
8 0.020000 1.659999 0.001000
0.486000 0.396000 0.726000 0.501000 1.360000 6.610000 0.785000 0.785000
272000.000000 96.599998 0.003000
1.073000 0.050000 0.116600
0.129672 0.064976 0.000332 0.000000
0.000000

0.000000 0.038842 2.601377
0.557834 0.089073 9.714478 54.294304 204.101379
0.000000 0.000000 0.012555 0.000000 0.000000 0.000000
0.000000 0.000000 0.000000
3.140749 1.000000 0.000000
764.299377 0.000000
0.000000 0.000000 0.000000 0.000000
0.000000 0.520559
8 0.020000 1.679999 0.001000
0.486000 0.396000 0.726000 0.501000 1.360000 6.610000 0.785000 0.785000
272000.000000 96.599998 0.003000
1.073000 0.050000 0.116600
0.129672 0.064976 0.000332 0.000000
0.000000

0.000000 0.038496 2.604528
0.557699 0.089356 9.729170 54.294071 204.097656
0.000000 0.000000 0.012955 0.000000 0.000000 0.000000
0.000000 0.000000 0.000000
3.174579 1.000000 0.000000
764.299377 0.000000
0.000000 0.000000 0.000000 0.000000
0.000000 0.511189
8 0.020000 1.699999 0.001000
0.486000 0.396000 0.726000 0.501000 1.360000 6.610000 0.785000 0.785000
272000.000000 96.599998 0.003000
1.073000 0.050000 0.116600
0.129680 0.064969 0.000332 0.000000
0.000000

0.000000 0.038181 2.604899
0.557463 0.089619 9.731686 54.294121 204.096786
0.000000 0.000000 0.012523 0.000000 0.000000 0.000000
0.000000 0.000000 0.000000
3.207989 1.000000 0.000000
764.299377 0.000000
0.000000 0.000000 0.000000 0.000000
0.000000 0.509824
8 0.020000 1.719999 0.001000
0.486000 0.396000 0.726000 0.501000 1.360000 6.610000 0.785000 0.785000
272000.000000 96.599998 0.003000
1.073000 0.050000 0.116600
0.129681 0.064968 0.000332 0.000000
0.000000

0.000000 0.037898 2.605117
0.557222 0.089878 9.733396 54.294113 204.096405
0.000000 0.000000 0.012442 0.000000 0.000000 0.000000
0.000000 0.000000 0.000000
3.240978 1.000000 0.000000
764.299377 0.000000
0.000000 0.000000 0.000000 0.000000
0.000000 0.508935
8 0.020000 1.739999 0.001000
0.486000 0.396000 0.726000 0.501000 1.360000 6.610000 0.785000 0.785000
272000.000000 96.599998 0.003000
1.073000 0.050000 0.116600
0.129682 0.064967 0.000332 0.000000
0.000000

0.000000 0.037641 2.605939
0.557007 0.090137 9.737707 54.294052 204.095306
0.000000 0.000000 0.012440 0.000000 0.000000 0.000000
0.000000 0.000000 0.000000
3.273550 1.000000 0.000000
764.299377 0.000000
0.000000 0.000000 0.000000 0.000000
0.000000 0.506151
8 0.020000 1.759999 0.001000
0.486000 0.396000 0.726000 0.501000 1.360000 6.610000 0.785000 0.785000
272000.000000 96.599998 0.003000
1.073000 0.050000 0.116600
0.129684 0.064965 0.000332 0.000000
0.000000

0.000000 0.037408 2.606586
0.556789 0.090391 9.741153 54.294060 204.094528
0.000000 0.000000 0.012446 0.000000 0.000000 0.000000
0.000000 0.000000 0.000000
3.305705 1.000000 0.000000
764.299377 0.000000
0.000000 0.000000 0.000000 0.000000
0.000000 0.503958
8 0.020000 1.779999 0.001000
0.486000 0.396000 0.726000 0.501000 1.360000 6.610000 0.785000 0.785000
272000.000000 96.599998 0.003000
1.073000 0.050000 0.116600
0.129686 0.064964 0.000332 0.000000
0.000000

0.000000 0.037198 2.607466
0.556582 0.090644 9.745607 54.294041 204.093872
0.000000 0.000000 0.012408 0.000000 0.000000 0.000000
0.000000 0.000000 0.000000
3.337446 1.000000 0.000000
764.299377 0.000000
0.000000 0.000000 0.000000 0.000000
0.000000 0.501016
8 0.020000 1.799999 0.001000
0.486000 0.396000 0.726000 0.501000 1.360000 6.610000 0.785000 0.785000
272000.000000 96.599998 0.003000
1.073000 0.050000 0.116600
0.129688 0.064962 0.000332 0.000000
0.000000

0.000000 0.035200 2.607081
0.556372 0.090893 9.749392 54.294010 204.093048
0.000000 0.000045 0.053668 0.000000 0.000000 0.000000
0.000000 0.000000 0.000000
3.368773 1.000000 0.000000
764.299377 0.000000
0.000000 0.000000 0.000000 0.000000
0.000000 0.498276
8 0.020000 1.819999 0.001000
0.486000 0.396000 0.726000 0.501000 1.360000 6.610000 0.785000 0.785000
272000.000000 96.599998 0.003000
1.073000 0.050000 0.116600
0.129690 0.064960 0.000332 0.000000
0.000000

0.000000 0.035200 2.607421
0.556146 0.091135 9.750888 54.294048 204.092651
0.000000 0.000112 0.054360 0.000000 0.000000 0.000000
0.000000 0.000000 0.000000
3.399691 1.000000 0.000000
764.299377 0.000000
0.000000 0.000000 0.000000 0.000000
0.000000 0.497352
8 0.020000 1.839999 0.001000
0.486000 0.396000 0.726000 0.501000 1.360000 6.610000 0.785000 0.785000
272000.000000 96.599998 0.003000
1.073000 0.050000 0.116600
0.129691 0.064959 0.000332 0.000000
0.000000

0.000000 0.035200 2.607740
0.555922 0.091374 9.752278 54.294037 204.092194
0.000000 0.000171 0.054228 0.000000 0.000000 0.000000
0.000000 0.000000 0.000000
3.430200 1.000000 0.000000
764.299377 0.000000
0.000000 0.000000 0.000000 0.000000
0.000000 0.496531
8 0.020000 1.859999 0.001000
0.486000 0.396000 0.726000 0.501000 1.360000 6.610000 0.785000 0.785000
272000.000000 96.599998 0.003000
1.073000 0.050000 0.116600
0.129692 0.064959 0.000332 0.000000
0.000000

0.000000 0.035200 2.608033
0.555700 0.091610 9.753569 54.294033 204.091858
0.000000 0.000222 0.056513 0.000000 0.000000 0.000000
0.000000 0.000000 0.000000
3.460304 1.000000 0.000000
764.299377 0.000000
0.000000 0.000000 0.000000 0.000000
0.000000 0.495832
8 0.020000 1.879999 0.001000
0.486000 0.396000 0.726000 0.501000 1.360000 6.610000 0.785000 0.785000
272000.000000 96.599998 0.003000
1.073000 0.050000 0.116600
0.129693 0.064959 0.000332 0.000000
0.000000

0.000000 0.035199 2.608255
0.555478 0.091842 9.754511 54.293957 204.091507
0.000000 0.000225 0.054607 0.000000 0.000000 0.000000
0.000000 0.000000 0.000000
3.490004 1.000000 0.000000
764.299377 0.000000
0.000000 0.000000 0.000000 0.000000
0.000000 0.495521
8 0.020000 1.899999 0.001000
0.486000 0.396000 0.726000 0.501000 1.360000 6.610000 0.785000 0.785000
272000.000000 96.599998 0.003000
1.073000 0.050000 0.116600
0.129693 0.064958 0.000332 0.000000
0.000000

0.000000 0.035199 2.608588
0.555264 0.092072 9.755951 54.293991 204.090897
0.000000 0.000228 0.054887 0.000000 0.000000 0.000000
0.000000 0.000000 0.000000
3.519305 1.000000 0.000000
764.299377 0.000000
0.000000 0.000000 0.000000 0.000000
0.000000 0.494768
8 0.020000 1.919999 0.001000
0.486000 0.396000 0.726000 0.501000 1.360000 6.610000 0.785000 0.785000
272000.000000 96.599998 0.003000
1.073000 0.050000 0.116600
0.129694 0.064958 0.000332 0.000000
0.000000

0.000000 0.035199 2.609524
0.555075 0.092302 9.760016 54.293896 204.090225
0.000000 0.000227 0.055493 0.000000 0.000000 0.000000
0.000000 0.000000 0.000000
3.548207 1.000000 0.000000
764.299377 0.000000
0.000000 0.000000 0.000000 0.000000
0.000000 0.492127
8 0.020000 1.939999 0.001000
0.486000 0.396000 0.726000 0.501000 1.360000 6.610000 0.785000 0.785000
272000.000000 96.599998 0.003000
1.073000 0.050000 0.116600
0.129696 0.064956 0.000332 0.000000
0.000000

0.000000 0.035199 2.611813
0.554940 0.092538 9.769995 54.293713 204.089508
0.000000 0.000362 0.071405 0.000000 0.000000 0.000000
0.000000 0.000000 0.000000
3.576714 1.000000 0.000000
764.299377 0.000000
0.000000 0.000000 0.000000 0.000000
0.000000 0.484850
8 0.020000 1.959999 0.001000
0.486000 0.396000 0.726000 0.501000 1.360000 6.610000 0.785000 0.785000
272000.000000 96.599998 0.003000
1.073000 0.050000 0.116600
0.129701 0.064951 0.000332 0.000000
0.000000

0.000000 0.035199 2.625214
0.555224 0.092841 9.828543 54.293015 204.084488
0.000000 0.000463 0.074763 0.000000 0.000000 0.000000
0.000000 0.000000 0.000000
3.604829 1.000000 0.000000
764.299377 0.000000
0.000000 0.000000 0.000000 0.000000
0.000000 0.439398
8 0.020000 1.979999 0.001000
0.486000 0.396000 0.726000 0.501000 1.360000 6.610000 0.785000 0.785000
272000.000000 96.599998 0.003000
1.073000 0.050000 0.116600
0.129731 0.064921 0.000332 0.000000
0.000000

0.000000 0.035199 2.649292
0.555917 0.093208 9.933977 54.292133 204.075546
0.000000 0.000514 0.042491 0.000000 0.000000 0.000000
0.000000 0.000000 0.000000
3.632554 1.000000 0.000000
764.299377 0.000000
0.000000 0.000000 0.000000 0.000000
0.000000 0.350168
8 0.020000 1.999999 0.001000
0.486000 0.396000 0.726000 0.501000 1.360000 6.610000 0.785000 0.785000
272000.000000 96.599998 0.003000
1.073000 0.050000 0.116600
0.129785 0.064909 0.000331 0.000000
0.000000
1.000000
2.000000
0.000000 0.000000
0.000000
0
-0.700000
0 0
0.000000
1
0.000000
1.000000
1.000000
1.000000
0.000000 0.000000 0.000000
0.000000 0.000000
0.000000 0.000000 0.000000 0.000000 0.000000 0.000000 0.000000
0.000000 0.000000 0.000000 0.000000 0.000000 0.000000 0.000000
0
2.000000
1
C:\DNDC\sites\Ottawa\CEFSoilc.spf
-1.000000 -1.000000
0.000000
35
35
10.000000
109
0.000000
0.000000
256
0.000000
221.342834
1
