7
Clay_loam
0.314000 0.490000 0.006410 0.726000 0.398000 1.000000 0.000000 0.000000
1.350000 6.610000 1 0.031000 0.500000 0.050000 0.010000 0.240000 0.750000
0.000000 0.020000 2.000000 270000.000000 96.599998 100
0.233300 1.944000 3.025300 0.000000 1
10.000000 10.000000 10.000000 5.000000 25.000000 100.000000
0.000000 0.000000 0.000000 0.000000 10.243764 15.156132
500.000000 0.000000 0.000000

0.338676 96.840431 346.219147
15.409298 2.558960 150.667191 1475.379150 5564.606934
0.000000 14.869000 1.134890 1.010348 0.000000 0.000000
0.000200 0.002146 0.000315
-1.074866 0.150494 38.352993
764.299377 0.000000
0.598440 0.000000 0.000000 0.000000
0.000000 12.491265
7 0.020000 0.020000 0.031000
0.490000 0.314000 0.726000 0.398000 1.350000 6.610000 0.726000 0.726000
270000.000000 96.599998 0.006410
1.073000 0.050000 0.116600
21.923740 5.424581 0.004683 0.000000
0.000000

0.308355 36.532902 252.102554
15.331447 2.514930 147.098007 1476.007446 5565.203613
0.000000 0.029696 0.331594 0.505174 0.000000 0.000000
0.000001 0.002132 0.000259
-0.932963 0.158788 52.514744
764.299377 0.000000
0.513776 0.000000 0.000000 0.000000
0.000000 11.629381
7 0.020000 0.040000 0.031000
0.490000 0.314000 0.726000 0.398000 1.350000 6.610000 0.726000 0.726000
270000.000000 96.599998 0.006410
1.073000 0.050000 0.116600
21.902994 5.427323 0.005045 0.000000
0.000000

0.274069 32.164944 239.702545
15.374465 2.506781 148.591080 1476.597290 5564.669434
0.000000 0.020538 0.304489 0.252587 0.000000 0.000000
0.000001 0.000568 0.000194
-0.824722 0.167389 53.445976
764.299377 0.000000
0.453551 0.000000 0.000000 0.000000
0.000000 6.219912
7 0.020000 0.060000 0.031000
0.490000 0.314000 0.726000 0.398000 1.350000 6.610000 0.726000 0.726000
270000.000000 96.599998 0.006410
1.073000 0.050000 0.116600
21.911142 5.368790 0.005238 0.000000
0.000000

0.249038 29.409359 239.318298
15.440345 2.500233 153.367233 1476.544312 5563.336914
0.000000 0.018577 0.285047 0.126294 0.000000 0.000000
0.000000 0.000149 0.000076
-0.725542 0.176781 53.287159
764.299377 0.000000
0.399120 0.000000 0.000000 0.000000
0.000000 5.164138
7 0.020000 0.080000 0.031000
0.490000 0.314000 0.726000 0.398000 1.350000 6.610000 0.726000 0.726000
270000.000000 96.599998 0.006410
1.073000 0.050000 0.116600
21.937969 5.310250 0.005440 0.000000
0.000000

0.225830 26.925472 239.141922
15.679883 2.665980 158.519806 1476.534058 5561.872070
0.000000 0.017010 0.253072 0.063147 0.000000 0.000000
0.000000 0.000024 0.000004
-0.633837 0.187148 52.588070
764.299377 0.000000
0.000000 0.000000 0.000000 0.000000
0.000000 3.056365
7 0.020000 0.100000 0.025000
0.490000 0.314000 0.726000 0.398000 1.350000 6.610000 0.726000 0.726000
270000.000000 96.599998 0.006410
1.073000 0.050000 0.116600
21.966000 5.246119 0.005652 0.000000
0.000000

0.209375 30.114243 404.766754
16.280825 2.726838 239.494003 1461.341309 5538.897461
0.000000 0.020502 0.267652 0.031573 0.000000 0.000000
0.000000 0.000025 0.000000
-0.548770 0.198705 51.585461
764.299377 0.000000
0.000000 0.000000 0.000000 0.000000
0.000000 2.733810
7 0.020000 0.120000 0.025000
0.490000 0.314000 0.726000 0.398000 1.350000 6.610000 0.726000 0.726000
270000.000000 96.599998 0.006410
1.073000 0.050000 0.116600
22.329277 4.856436 0.005484 0.000000
0.000000

0.198641 24.037125 483.723846
16.576321 2.732767 245.960464 1487.184326 5514.677734
0.000000 0.016936 0.245898 0.015787 0.000000 0.000000
0.000000 0.000018 0.000000
-0.469735 0.211734 50.361694
764.299377 0.000000
0.000000 0.000000 0.000000 0.000000
0.000000 2.311217
7 0.020000 0.140000 0.025000
0.490000 0.314000 0.726000 0.398000 1.350000 6.610000 0.726000 0.726000
270000.000000 96.599998 0.006410
1.073000 0.050000 0.116600
22.659273 4.275101 0.005065 0.000000
0.000000

0.182620 47.616989 485.123108
16.464636 2.663390 245.820374 1478.917236 5514.137695
0.000000 0.014837 0.238819 0.007893 0.000000 0.000000
0.000000 0.000014 0.000000
-0.396352 0.226616 48.924839
764.299377 0.000000
0.000000 0.000000 0.000000 0.000000
0.000000 2.025178
7 0.020000 0.160000 0.025000
0.490000 0.314000 0.726000 0.398000 1.350000 6.610000 0.726000 0.726000
270000.000000 96.599998 0.006410
1.073000 0.050000 0.116600
22.670992 4.103134 0.005163 0.000000
0.000000

0.168962 46.949329 488.686096
16.473362 2.623319 247.467987 1479.858643 5512.977051
0.000000 0.012331 0.231889 0.003947 0.000000 0.000000
0.000000 0.000010 0.000000
-0.328335 0.243894 47.242367
764.299377 0.000000
0.000000 0.000000 0.000000 0.000000
0.000000 1.531567
7 0.020000 0.180000 0.020000
0.490000 0.314000 0.726000 0.398000 1.350000 6.610000 0.726000 0.726000
270000.000000 96.599998 0.006410
1.073000 0.050000 0.116600
22.692883 3.900811 0.005242 0.000000
0.000000

0.157163 45.822708 490.280243
16.468933 2.581070 248.988754 1479.844360 5512.543457
0.000000 0.015606 0.248439 0.001973 0.000000 0.000000
0.000000 0.000011 0.000000
-0.265503 0.264374 45.238251
764.299377 0.000000
0.000000 0.000000 0.000000 0.000000
0.000000 2.369093
7 0.020000 0.200000 0.020000
0.490000 0.314000 0.726000 0.398000 1.350000 6.610000 0.726000 0.726000
270000.000000 96.599998 0.006410
1.073000 0.050000 0.116600
22.705006 5.790502 0.008621 0.000000
0.000000

0.153329 57.627739 501.275024
16.647968 2.568222 253.136581 1498.859863 5501.922852
0.000000 0.038706 0.377725 0.000987 0.000000 0.000000
0.000000 0.000023 0.000000
-0.207803 0.289314 42.795261
764.299377 0.000000
0.000000 0.000000 0.000000 0.000000
0.000000 5.921032
7 0.020000 0.220000 0.020000
0.490000 0.314000 0.726000 0.398000 1.350000 6.610000 0.726000 0.726000
270000.000000 96.599998 0.006410
1.073000 0.050000 0.116600
22.840860 6.189535 0.010064 0.000000
0.000000

0.114253 32.448326 174.160294
9.490129 1.441108 145.230255 854.930237 4096.918457
0.000000 0.037550 0.325998 0.000493 0.000000 0.000000
0.000000 0.000020 0.000000
-0.155094 0.320811 39.708496
764.299377 0.000000
0.000000 0.000000 0.000000 0.000000
0.000000 6.580476
7 0.020000 0.240000 0.020000
0.490000 0.314000 0.726000 0.398000 1.350000 6.610000 0.726000 0.726000
270000.000000 96.599998 0.006410
1.073000 0.050000 0.116600
2.371202 2.697788 0.004633 0.000000
0.000000

0.103244 29.364044 158.773438
9.363593 1.338530 144.674713 850.460632 4096.724121
0.000000 0.036365 0.329699 0.000247 0.000000 0.000000
0.000000 0.000017 0.000000
-0.085313 0.360116 53.528217
764.299377 0.000000
0.000000 0.000000 0.000000 0.000000
0.000000 6.673849
7 0.020000 0.260000 0.020000
0.490000 0.314000 0.726000 0.398000 1.350000 6.610000 0.726000 0.726000
270000.000000 96.599998 0.006410
1.073000 0.050000 0.116600
2.373326 1.728895 0.003303 0.000000
0.000000

0.095951 30.625822 156.067337
8.793674 1.242419 137.906540 797.127136 3683.076416
0.000000 0.073096 0.326665 0.000123 0.000000 0.000000
0.000000 0.000029 0.000001
-0.038221 0.409792 57.140343
764.299377 0.000000
0.000000 0.000000 0.000000 0.000000
0.000000 21.867210
7 0.020000 0.280000 0.018000
0.490000 0.314000 0.726000 0.398000 1.350000 6.610000 0.726000 0.726000
270000.000000 96.599998 0.000070
1.073000 0.050000 0.116600
2.163038 2.470428 0.005416 0.000000
0.000000

0.087367 28.880795 145.617218
8.833050 1.234968 139.289825 800.730225 3681.570068
0.000000 0.020624 0.243954 0.000062 0.000000 0.000000
0.000000 0.000008 0.000000
-0.008348 0.479978 50.861660
764.299377 0.000000
0.000000 0.000000 0.000000 0.000000
0.000000 11.301419
7 0.020000 0.300000 0.018000
0.490000 0.314000 0.726000 0.398000 1.350000 6.610000 0.726000 0.726000
270000.000000 96.599998 0.000070
1.073000 0.050000 0.116600
2.170879 1.492342 0.003775 0.000000
0.000000

0.078881 26.061893 132.718689
8.760522 1.215032 138.209808 794.488037 3681.586426
0.000000 0.163054 0.486683 0.000031 0.000000 0.000000
0.000000 0.000046 0.000001
0.007956 0.595683 39.036686
764.299377 0.000000
0.000000 0.000000 0.000000 0.000000
0.000000 7.371325
7 0.020000 0.320000 0.018000
0.490000 0.314000 0.726000 0.398000 1.350000 6.610000 0.726000 0.726000
270000.000000 96.599998 0.000070
1.073000 0.050000 0.116600
2.170065 1.337959 0.004182 0.000000
0.000000

0.071748 24.577288 122.470360
7.904617 1.087233 126.387238 717.083557 3215.167725
0.000000 0.745445 0.606560 0.000015 0.000000 0.000000
0.000000 0.000070 0.000057
-0.007803 0.854372 13.664715
764.299377 0.000000
0.000000 0.000000 0.000000 0.000000
0.000000 5.533698
8 0.020000 0.340000 0.015500
0.483000 0.377000 0.726000 0.484000 1.370000 6.610000 0.770000 0.770000
274000.000000 96.599998 0.000070
1.073000 0.050000 0.116600
1.912739 1.165179 0.005049 0.000000
0.000000

0.064770 22.193117 111.780861
7.844002 1.068348 125.552979 712.365479 3215.191406
0.000000 1.417905 0.662233 0.000008 0.000000 0.000000
0.000000 0.000085 0.000070
0.000319 0.995219 0.000000
764.299377 0.000000
0.000000 0.000000 0.000000 0.000000
0.000000 4.773398
8 0.020000 0.360000 0.015500
0.483000 0.377000 0.726000 0.484000 1.370000 6.610000 0.770000 0.770000
274000.000000 96.599998 0.000070
1.073000 0.050000 0.116600
1.912284 1.127293 0.005684 0.000000
0.000000

0.058430 19.998285 102.019928
7.778505 1.053573 124.717140 707.866089 3215.306885
0.000000 1.800529 0.673045 0.000004 0.000000 0.000000
0.000000 0.000083 0.000068
0.036388 0.993740 0.000000
764.299377 0.000000
0.000000 0.000000 0.000000 0.000000
0.000000 4.571223
8 0.020000 0.380000 0.015500
0.483000 0.377000 0.726000 0.484000 1.370000 6.610000 0.770000 0.770000
274000.000000 96.599998 0.000070
1.073000 0.050000 0.116600
1.911673 1.118815 0.005632 0.000000
0.000000

0.052793 18.025255 93.208572
7.524597 0.844031 124.058968 703.926025 3215.367676
0.000000 1.871131 0.662816 0.000002 0.000000 0.000000
0.000000 0.000074 0.000061
0.071035 0.992541 0.000000
764.299377 0.000000
0.000000 0.000000 0.000000 0.000000
0.000000 4.578176
8 0.020000 0.400000 0.015500
0.483000 0.377000 0.726000 0.484000 1.370000 6.610000 0.770000 0.770000
274000.000000 96.599998 0.000070
1.073000 0.050000 0.116600
1.911055 1.117976 0.005621 0.000000
0.000000

0.047691 16.285332 85.376526
7.486075 0.843425 123.469765 700.675903 3215.440186
0.000000 1.760020 0.649261 0.000001 0.000000 0.000000
0.000000 0.000065 0.000053
0.104473 0.992072 0.000000
764.299377 0.000000
0.000000 0.000000 0.000000 0.000000
0.000000 4.657504
8 0.020000 0.420000 0.015500
0.483000 0.377000 0.726000 0.484000 1.370000 6.610000 0.770000 0.770000
274000.000000 96.599998 0.000070
1.073000 0.050000 0.116600
1.910915 1.117697 0.005617 0.000000
0.000000

0.043108 14.734416 78.321602
7.450838 0.843045 122.990425 697.661438 3215.541748
0.000000 1.578837 0.636589 0.000000 0.000000 0.000000
0.000000 0.000055 0.000045
0.136896 0.992232 0.000000
764.299377 0.000000
0.000000 0.000000 0.000000 0.000000
0.000000 4.740287
8 0.020000 0.440000 0.015500
0.483000 0.377000 0.726000 0.484000 1.370000 6.610000 0.770000 0.770000
274000.000000 96.599998 0.000070
1.073000 0.050000 0.116600
1.910781 1.118417 0.005622 0.000000
0.000000

0.038966 13.348057 72.006958
7.423089 0.843409 122.615677 695.188171 3215.589355
0.000000 1.391614 0.622428 0.000000 0.000000 0.000000
0.000000 0.000046 0.000038
0.168488 0.992526 0.000000
764.299377 0.000000
0.000000 0.000000 0.000000 0.000000
0.000000 4.814204
8 0.020000 0.460000 0.015500
0.483000 0.377000 0.726000 0.484000 1.370000 6.610000 0.770000 0.770000
274000.000000 96.599998 0.000070
1.073000 0.050000 0.116600
1.910858 1.115590 0.005609 0.000000
0.000000

0.035237 12.073711 66.249451
7.396075 0.843745 122.261078 692.936279 3215.662842
0.000000 1.214940 0.611622 0.000000 0.000000 0.000000
0.000000 0.000039 0.000032
0.199421 0.992321 0.000000
764.299377 0.000000
0.000000 0.000000 0.000000 0.000000
0.000000 4.870492
8 0.020000 0.480000 0.015500
0.483000 0.377000 0.726000 0.484000 1.370000 6.610000 0.770000 0.770000
274000.000000 96.599998 0.000070
1.073000 0.050000 0.116600
1.910901 1.115131 0.005606 0.000000
0.000000

0.031856 10.935886 61.098545
7.374355 0.844612 121.943314 691.216492 3215.728516
0.000000 1.047011 0.601034 0.000000 0.000000 0.000000
0.000000 0.000032 0.000026
0.229864 0.991040 0.000000
764.299377 0.000000
0.000000 0.000000 0.000000 0.000000
0.000000 4.919010
8 0.020000 0.500000 0.015500
0.483000 0.377000 0.726000 0.484000 1.370000 6.610000 0.770000 0.770000
274000.000000 96.599998 0.000070
1.073000 0.050000 0.116600
1.911149 1.114637 0.005596 0.000000
0.000000

0.028811 9.920884 56.478539
7.356143 0.845830 121.798157 689.697876 3215.764648
0.000000 0.895117 0.590503 0.000000 0.000000 0.000000
0.000000 0.000026 0.000022
0.259975 0.988279 0.000000
764.299377 0.000000
0.000000 0.000000 0.000000 0.000000
0.000000 4.949085
8 0.020000 0.520000 0.015500
0.483000 0.377000 0.726000 0.484000 1.370000 6.610000 0.770000 0.770000
274000.000000 96.599998 0.000070
1.073000 0.050000 0.116600
1.911462 1.114247 0.005579 0.000000
0.000000

0.024909 7.495593 41.959846
3.703857 0.427648 60.415154 347.974121 1662.863892
0.000000 0.814622 0.389393 0.000000 0.000000 0.000000
0.000000 0.000022 0.000018
0.291628 0.770000 0.000000
764.299377 0.000000
0.000000 0.000000 0.000000 0.000000
0.000000 4.542985
8 0.020000 0.540000 0.008000
0.483000 0.377000 0.726000 0.484000 1.370000 6.610000 0.770000 0.770000
274000.000000 96.599998 0.002410
1.073000 0.050000 0.116600
0.974432 0.689978 0.002685 0.000000
0.000000

0.022516 6.848371 38.662258
3.695213 0.428500 60.363964 347.290009 1662.742432
0.000000 0.665060 0.382537 0.000000 0.000000 0.000000
0.000000 0.000017 0.000014
0.325148 0.770000 0.000000
764.299377 0.000000
0.000000 0.000000 0.000000 0.000000
0.000000 4.252254
8 0.020000 0.560000 0.008000
0.483000 0.377000 0.726000 0.484000 1.370000 6.610000 0.770000 0.770000
274000.000000 96.599998 0.002410
1.073000 0.050000 0.116600
0.975201 0.612172 0.002382 0.000000
0.000000

0.020367 6.291263 35.770557
3.690856 0.429843 60.397972 346.989471 1662.567627
0.000000 0.569999 0.380722 0.000000 0.000000 0.000000
0.000000 0.000014 0.000012
0.358657 0.770000 0.000000
764.299377 0.000000
0.000000 0.000000 0.000000 0.000000
0.000000 4.120325
8 0.020000 0.580000 0.008000
0.483000 0.377000 0.726000 0.484000 1.370000 6.610000 0.770000 0.770000
274000.000000 96.599998 0.002410
1.073000 0.050000 0.116600
0.976159 0.597201 0.002323 0.000000
0.000000

0.018424 5.784863 33.158615
3.689548 0.431545 60.526180 346.928711 1662.357910
0.000000 0.595364 0.390192 0.000000 0.000000 0.000000
0.000000 0.000013 0.000011
0.392244 0.770000 0.000000
764.299377 0.000000
0.000000 0.000000 0.000000 0.000000
0.000000 4.181021
8 0.020000 0.600000 0.008000
0.483000 0.377000 0.726000 0.484000 1.370000 6.610000 0.770000 0.770000
274000.000000 96.599998 0.002410
1.073000 0.050000 0.116600
0.977208 0.595185 0.002315 0.000000
0.000000

0.016640 5.301767 30.734110
3.689898 0.433471 60.619728 346.898193 1662.194336
0.000000 0.688543 0.404193 0.000000 0.000000 0.000000
0.000000 0.000012 0.000010
0.425989 0.770000 0.000000
764.299377 0.000000
0.000000 0.000000 0.000000 0.000000
0.000000 4.183184
8 0.020000 0.620000 0.008000
0.483000 0.377000 0.726000 0.484000 1.370000 6.610000 0.770000 0.770000
274000.000000 96.599998 0.002410
1.073000 0.050000 0.116600
0.978141 0.590723 0.002298 0.000000
0.000000

0.015053 4.869879 28.566967
3.690600 0.435422 60.776890 347.042236 1662.042847
0.000000 0.751701 0.412705 0.000000 0.000000 0.000000
0.000000 0.000012 0.000010
0.459780 0.787849 0.000000
764.299377 0.000000
0.000000 0.000000 0.000000 0.000000
0.000000 4.123435
8 0.020000 0.640000 0.008000
0.483000 0.377000 0.726000 0.484000 1.370000 6.610000 0.770000 0.770000
274000.000000 96.599998 0.002410
1.073000 0.050000 0.116600
0.979139 0.587673 0.002339 0.000000
0.000000

0.013632 4.478386 26.616228
3.692060 0.437360 60.946388 347.360077 1661.854492
0.000000 0.783622 0.418642 0.000000 0.000000 0.000000
0.000000 0.000011 0.000009
0.491770 1.000000 0.000000
764.299377 0.000000
0.000000 0.000000 0.000000 0.000000
0.000000 4.112477
8 0.020000 0.660000 0.008000
0.483000 0.377000 0.726000 0.484000 1.370000 6.610000 0.770000 0.770000
274000.000000 96.599998 0.002410
1.073000 0.050000 0.116600
0.980168 0.585113 0.002956 0.000000
0.000000

0.012411 4.139056 24.923412
3.698796 0.439839 61.238140 348.162415 1661.612549
0.000000 0.707793 0.423176 0.000000 0.000000 0.000000
0.000000 0.000009 0.000007
0.522415 1.000000 0.000000
764.299377 0.000000
0.000000 0.000000 0.000000 0.000000
0.000000 4.212130
8 0.020000 0.680000 0.008000
0.483000 0.377000 0.726000 0.484000 1.370000 6.610000 0.770000 0.770000
274000.000000 96.599998 0.002410
1.073000 0.050000 0.116600
0.981490 0.589548 0.002978 0.000000
0.000000

0.011318 3.843340 23.444862
3.710352 0.442945 61.595364 349.267090 1661.302856
0.000000 0.703473 0.430584 0.000000 0.000000 0.000000
0.000000 0.000008 0.000006
0.553465 1.000000 0.000000
764.299377 0.000000
0.000000 0.000000 0.000000 0.000000
0.000000 4.128052
8 0.020000 0.700000 0.008000
0.483000 0.377000 0.726000 0.484000 1.370000 6.610000 0.770000 0.770000
274000.000000 96.599998 0.002410
1.073000 0.050000 0.116600
0.982983 0.586180 0.002961 0.000000
0.000000

0.010298 3.588344 22.181639
3.726454 0.446632 62.020630 350.809509 1660.976440
0.000000 0.688196 0.439538 0.000000 0.000000 0.000000
0.000000 0.000007 0.000006
0.584951 1.000000 0.000000
764.299377 0.000000
0.000000 0.000000 0.000000 0.000000
0.000000 4.174432
8 0.020000 0.720000 0.008000
0.483000 0.377000 0.726000 0.484000 1.370000 6.610000 0.770000 0.770000
274000.000000 96.599998 0.002410
1.073000 0.050000 0.116600
0.984709 0.587183 0.002966 0.000000
0.000000

0.009424 3.438679 19.087305
2.375323 0.285833 39.782722 223.437485 1030.155884
0.000000 1.024714 0.330058 0.000000 0.000000 0.000000
0.000000 0.000008 0.000006
0.616851 1.000000 0.000000
764.299377 0.000000
0.000000 0.000000 0.000000 0.000000
0.000000 3.392830
8 0.020000 0.740000 0.005000
0.486000 0.396000 0.726000 0.501000 1.360000 6.610000 0.785000 0.785000
272000.000000 96.599998 0.003000
1.073000 0.050000 0.116600
0.613895 0.378871 0.001938 0.000000
0.000000

0.008565 3.220967 18.020370
2.387170 0.288421 40.136292 224.520172 1029.836426
0.000000 1.360219 0.345607 0.000000 0.000000 0.000000
0.000000 0.000008 0.000006
0.649179 1.000000 0.000000
764.299377 0.000000
0.000000 0.000000 0.000000 0.000000
0.000000 4.029558
8 0.020000 0.760000 0.005000
0.486000 0.396000 0.726000 0.501000 1.360000 6.610000 0.785000 0.785000
272000.000000 96.599998 0.003000
1.073000 0.050000 0.116600
0.615175 0.366544 0.001875 0.000000
0.000000

0.007843 3.034538 17.091616
2.400267 0.291191 40.564800 225.668503 1029.568237
0.000000 1.389741 0.343751 0.000000 0.000000 0.000000
0.000000 0.000007 0.000006
0.681992 1.000000 0.000000
764.299377 0.000000
0.000000 0.000000 0.000000 0.000000
0.000000 3.286289
8 0.020000 0.780000 0.005000
0.486000 0.396000 0.726000 0.501000 1.360000 6.610000 0.785000 0.785000
272000.000000 96.599998 0.003000
1.073000 0.050000 0.116600
0.616489 0.363802 0.001861 0.000000
0.000000

0.007158 2.731437 16.015043
2.414153 0.294090 40.942654 226.960999 1029.232666
0.000000 1.161695 0.337886 0.000000 0.000000 0.000000
0.000000 0.000006 0.000005
0.715297 1.000000 0.000000
764.299377 0.000000
0.000000 0.000000 0.000000 0.000000
0.000000 2.903301
8 0.020000 0.800000 0.005000
0.486000 0.396000 0.726000 0.501000 1.360000 6.610000 0.785000 0.785000
272000.000000 96.599998 0.003000
1.073000 0.050000 0.116600
0.617940 0.359420 0.001838 0.000000
0.000000

0.000000 1.397207 12.827924
2.432202 0.297531 41.377083 228.691376 1028.879150
0.000000 0.787569 0.343383 0.000000 0.000000 0.000000
0.000000 0.000004 0.000003
0.749094 1.000000 0.000000
764.299377 0.000000
0.000000 0.000000 0.000000 0.000000
0.000000 2.798100
8 0.020000 0.820000 0.005000
0.486000 0.396000 0.726000 0.501000 1.360000 6.610000 0.785000 0.785000
272000.000000 96.599998 0.003000
1.073000 0.050000 0.116600
0.619583 0.355637 0.001819 0.000000
0.000000

0.000000 1.342087 12.423885
2.450039 0.300983 41.795685 230.381683 1028.581909
0.000000 0.496451 0.326871 0.000000 0.000000 0.000000
0.000000 0.000003 0.000002
0.783378 1.000000 0.000000
764.299377 0.000000
0.000000 0.000000 0.000000 0.000000
0.000000 2.643403
8 0.020000 0.840000 0.005000
0.486000 0.396000 0.726000 0.501000 1.360000 6.610000 0.785000 0.785000
272000.000000 96.599998 0.003000
1.073000 0.050000 0.116600
0.621026 0.353259 0.001807 0.000000
0.000000

0.000000 1.176708 11.801488
2.461706 0.303712 42.077694 231.529373 1028.334839
0.000000 0.338870 0.313335 0.000000 0.000000 0.000000
0.000000 0.000002 0.000002
0.818141 1.000000 0.000000
764.299377 0.000000
0.000000 0.000000 0.000000 0.000000
0.000000 2.598441
8 0.020000 0.860000 0.005000
0.486000 0.396000 0.726000 0.501000 1.360000 6.610000 0.785000 0.785000
272000.000000 96.599998 0.003000
1.073000 0.050000 0.116600
0.622160 0.352968 0.001805 0.000000
0.000000

0.000000 1.118167 11.416068
2.471776 0.306274 42.353992 232.505096 1028.175049
0.000000 0.268514 0.306864 0.000000 0.000000 0.000000
0.000000 0.000001 0.000001
0.853371 1.000000 0.000000
764.299377 0.000000
0.000000 0.000000 0.000000 0.000000
0.000000 2.529634
8 0.020000 0.880000 0.005000
0.486000 0.396000 0.726000 0.501000 1.360000 6.610000 0.785000 0.785000
272000.000000 96.599998 0.003000
1.073000 0.050000 0.116600
0.623036 0.349697 0.001788 0.000000
0.000000

0.000000 1.060982 11.065811
2.481182 0.308782 42.658573 233.381287 1028.023193
0.000000 0.229880 0.300261 0.000000 0.000000 0.000000
0.000000 0.000001 0.000001
0.889055 1.000000 0.000000
764.299377 0.000000
0.000000 0.000000 0.000000 0.000000
0.000000 2.494067
8 0.020000 0.900000 0.005000
0.486000 0.396000 0.726000 0.501000 1.360000 6.610000 0.785000 0.785000
272000.000000 96.599998 0.003000
1.073000 0.050000 0.116600
0.623856 0.348934 0.001785 0.000000
0.000000

0.000000 0.807753 9.947600
2.492626 0.311573 42.956303 234.501312 1027.781860
0.000000 0.192414 0.293533 0.000000 0.000000 0.000000
0.000000 0.000001 0.000001
0.925173 1.000000 0.000000
764.299377 0.000000
0.000000 0.000000 0.000000 0.000000
0.000000 2.360569
8 0.020000 0.920000 0.005000
0.486000 0.396000 0.726000 0.501000 1.360000 6.610000 0.785000 0.785000
272000.000000 96.599998 0.003000
1.073000 0.050000 0.116600
0.624920 0.349847 0.001789 0.000000
0.000000

0.000000 0.780935 5.097367
0.514572 0.064605 8.883948 48.395832 205.531036
0.000000 0.258151 0.153173 0.000000 0.000000 0.000000
0.000000 0.000001 0.000001
0.961708 1.000000 0.000000
764.299377 0.000000
0.000000 0.000000 0.000000 0.000000
0.000000 1.280991
8 0.020000 0.940000 0.001000
0.486000 0.396000 0.726000 0.501000 1.360000 6.610000 0.785000 0.785000
272000.000000 96.599998 0.003000
1.073000 0.050000 0.116600
0.125216 0.076558 0.000391 0.000000
0.000000

0.000000 0.765221 4.851925
0.516807 0.065176 8.928752 48.629848 205.476196
0.000000 0.234995 0.157563 0.000000 0.000000 0.000000
0.000000 0.000001 0.000001
0.998637 1.000000 0.000000
764.299377 0.000000
0.000000 0.000000 0.000000 0.000000
0.000000 1.095223
8 0.020000 0.960000 0.001000
0.486000 0.396000 0.726000 0.501000 1.360000 6.610000 0.785000 0.785000
272000.000000 96.599998 0.003000
1.073000 0.050000 0.116600
0.125473 0.070944 0.000362 0.000000
0.000000

0.000000 0.777310 4.676771
0.520278 0.065909 8.995132 48.979939 205.400208
0.000000 0.205655 0.161652 0.000000 0.000000 0.000000
0.000000 0.000001 0.000000
1.035937 1.000000 0.000000
764.299377 0.000000
0.000000 0.000000 0.000000 0.000000
0.000000 1.069452
8 0.020000 0.980000 0.001000
0.486000 0.396000 0.726000 0.501000 1.360000 6.610000 0.785000 0.785000
272000.000000 96.599998 0.003000
1.073000 0.050000 0.116600
0.125805 0.069130 0.000353 0.000000
0.000000

0.000000 0.755474 4.474897
0.525457 0.066867 9.090869 49.492569 205.297424
0.000000 0.179286 0.160119 0.000000 0.000000 0.000000
0.000000 0.000000 0.000000
1.073584 1.000000 0.000000
764.299377 0.000000
0.000000 0.000000 0.000000 0.000000
0.000000 0.993191
8 0.020000 1.000000 0.001000
0.486000 0.396000 0.726000 0.501000 1.360000 6.610000 0.785000 0.785000
272000.000000 96.599998 0.003000
1.073000 0.050000 0.116600
0.126289 0.068538 0.000350 0.000000
0.000000

0.000000 0.710572 4.248282
0.526554 0.067311 9.116096 49.621540 205.266891
0.000000 0.157535 0.156691 0.000000 0.000000 0.000000
0.000000 0.000000 0.000000
1.111552 1.000000 0.000000
764.299377 0.000000
0.000000 0.000000 0.000000 0.000000
0.000000 0.993908
8 0.020000 1.020000 0.001000
0.486000 0.396000 0.726000 0.501000 1.360000 6.610000 0.785000 0.785000
272000.000000 96.599998 0.003000
1.073000 0.050000 0.116600
0.126427 0.068131 0.000348 0.000000
0.000000

0.000000 0.668095 4.027845
0.526588 0.067623 9.122923 49.650593 205.249069
0.000000 0.137529 0.152525 0.000000 0.000000 0.000000
0.000000 0.000000 0.000000
1.149815 1.000000 0.000000
764.299377 0.000000
0.000000 0.000000 0.000000 0.000000
0.000000 0.993178
8 0.020000 1.040000 0.001000
0.486000 0.396000 0.726000 0.501000 1.360000 6.610000 0.785000 0.785000
272000.000000 96.599998 0.003000
1.073000 0.050000 0.116600
0.126494 0.068036 0.000347 0.000000
0.000000

0.000000 0.568575 3.727539
0.525230 0.067759 9.104171 49.551373 205.246017
0.000000 0.116405 0.147934 0.000000 0.000000 0.000000
0.000000 0.000000 0.000000
1.188347 1.000000 0.000000
764.299377 0.000000
0.000000 0.000000 0.000000 0.000000
0.000000 0.982397
8 0.020000 1.060000 0.001000
0.486000 0.396000 0.726000 0.501000 1.360000 6.610000 0.785000 0.785000
272000.000000 96.599998 0.003000
1.073000 0.050000 0.116600
0.126506 0.067957 0.000347 0.000000
0.000000

0.000000 0.525543 3.535375
0.524617 0.067991 9.099648 49.519794 205.244019
0.000000 0.093751 0.142554 0.000000 0.000000 0.000000
0.000000 0.000000 0.000000
1.227120 1.000000 0.000000
764.299377 0.000000
0.000000 0.000000 0.000000 0.000000
0.000000 0.992153
8 0.020000 1.080000 0.001000
0.486000 0.396000 0.726000 0.501000 1.360000 6.610000 0.785000 0.785000
272000.000000 96.599998 0.003000
1.073000 0.050000 0.116600
0.126520 0.068232 0.000348 0.000000
0.000000

0.000000 0.486121 3.360790
0.524023 0.068227 9.095714 49.489681 205.243683
0.000000 0.071685 0.136187 0.000000 0.000000 0.000000
0.000000 0.000000 0.000000
1.266106 1.000000 0.000000
764.299377 0.000000
0.000000 0.000000 0.000000 0.000000
0.000000 0.972637
8 0.020000 1.100000 0.001000
0.486000 0.396000 0.726000 0.501000 1.360000 6.610000 0.785000 0.785000
272000.000000 96.599998 0.003000
1.073000 0.050000 0.116600
0.126533 0.067917 0.000347 0.000000
0.000000

0.000000 0.450380 3.202944
0.523472 0.068470 9.091659 49.464489 205.243790
0.000000 0.052607 0.128948 0.000000 0.000000 0.000000
0.000000 0.000000 0.000000
1.305279 1.000000 0.000000
764.299377 0.000000
0.000000 0.000000 0.000000 0.000000
0.000000 0.998217
8 0.020000 1.120000 0.001000
0.486000 0.396000 0.726000 0.501000 1.360000 6.610000 0.785000 0.785000
272000.000000 96.599998 0.003000
1.073000 0.050000 0.116600
0.126541 0.067892 0.000347 0.000000
0.000000

0.000000 0.417770 3.060017
0.522958 0.068718 9.089030 49.441837 205.244049
0.000000 0.037790 0.121666 0.000000 0.000000 0.000000
0.000000 0.000000 0.000000
1.344608 1.000000 0.000000
764.299377 0.000000
0.000000 0.000000 0.000000 0.000000
0.000000 0.974665
8 0.020000 1.140000 0.001000
0.486000 0.396000 0.726000 0.501000 1.360000 6.610000 0.785000 0.785000
272000.000000 96.599998 0.003000
1.073000 0.050000 0.116600
0.126553 0.068087 0.000348 0.000000
0.000000

0.000000 0.361996 2.884899
0.522140 0.068927 9.081117 49.391228 205.242218
0.000000 0.027200 0.115227 0.000000 0.000000 0.000000
0.000000 0.000000 0.000000
1.384068 1.000000 0.000000
764.299377 0.000000
0.000000 0.000000 0.000000 0.000000
0.000000 0.966429
8 0.020000 1.160000 0.001000
0.486000 0.396000 0.726000 0.501000 1.360000 6.610000 0.785000 0.785000
272000.000000 96.599998 0.003000
1.073000 0.050000 0.116600
0.126565 0.068057 0.000348 0.000000
0.000000

0.000000 0.337576 2.772882
0.521755 0.069194 9.080538 49.380997 205.242035
0.000000 0.020019 0.110140 0.000000 0.000000 0.000000
0.000000 0.000000 0.000000
1.423629 1.000000 0.000000
764.299377 0.000000
0.000000 0.000000 0.000000 0.000000
0.000000 0.957482
8 0.020000 1.180000 0.001000
0.486000 0.396000 0.726000 0.501000 1.360000 6.610000 0.785000 0.785000
272000.000000 96.599998 0.003000
1.073000 0.050000 0.116600
0.126579 0.067857 0.000347 0.000000
0.000000

0.000000 0.315456 2.671425
0.521367 0.069461 9.079879 49.370434 205.242081
0.000000 0.015333 0.106790 0.000000 0.000000 0.000000
0.000000 0.000000 0.000000
1.463265 1.000000 0.000000
764.299377 0.000000
0.000000 0.000000 0.000000 0.000000
0.000000 0.963805
8 0.020000 1.200000 0.001000
0.486000 0.396000 0.726000 0.501000 1.360000 6.610000 0.785000 0.785000
272000.000000 96.599998 0.003000
1.073000 0.050000 0.116600
0.126588 0.067788 0.000346 0.000000
0.000000

0.000000 0.295507 2.580278
0.521038 0.069736 9.080548 49.365055 205.240036
0.000000 0.012332 0.104952 0.000000 0.000000 0.000000
0.000000 0.000000 0.000000
1.502949 1.000000 0.000000
764.299377 0.000000
0.000000 0.000000 0.000000 0.000000
0.000000 0.948855
8 0.020000 1.220000 0.001000
0.486000 0.396000 0.726000 0.501000 1.360000 6.610000 0.785000 0.785000
272000.000000 96.599998 0.003000
1.073000 0.050000 0.116600
0.126601 0.067756 0.000346 0.000000
0.000000

0.000000 0.260895 2.467203
0.520469 0.069979 9.076087 49.338242 205.237839
0.000000 0.010448 0.104422 0.000000 0.000000 0.000000
0.000000 0.000000 0.000000
1.542652 1.000000 0.000000
764.299377 0.000000
0.000000 0.000000 0.000000 0.000000
0.000000 1.004181
8 0.020000 1.240000 0.001000
0.486000 0.396000 0.726000 0.501000 1.360000 6.610000 0.785000 0.785000
272000.000000 96.599998 0.003000
1.073000 0.050000 0.116600
0.126611 0.067775 0.000346 0.000000
0.000000

0.000000 0.246010 2.395795
0.520196 0.070261 9.077565 49.338169 205.236923
0.000000 0.009299 0.104795 0.000000 0.000000 0.000000
0.000000 0.000000 0.000000
1.582350 1.000000 0.000000
764.299377 0.000000
0.000000 0.000000 0.000000 0.000000
0.000000 0.971505
8 0.020000 1.260000 0.001000
0.486000 0.396000 0.726000 0.501000 1.360000 6.610000 0.785000 0.785000
272000.000000 96.599998 0.003000
1.073000 0.050000 0.116600
0.126624 0.067709 0.000346 0.000000
0.000000

0.000000 0.232346 2.331086
0.519931 0.070544 9.078749 49.339142 205.236649
0.000000 0.008701 0.105866 0.000000 0.000000 0.000000
0.000000 0.000000 0.000000
1.622016 1.000000 0.000000
764.299377 0.000000
0.000000 0.000000 0.000000 0.000000
0.000000 0.966811
8 0.020000 1.280000 0.001000
0.486000 0.396000 0.726000 0.501000 1.360000 6.610000 0.785000 0.785000
272000.000000 96.599998 0.003000
1.073000 0.050000 0.116600
0.126635 0.069705 0.000356 0.000000
0.000000

0.000000 0.220141 2.273068
0.519689 0.070830 9.079995 49.342670 205.235367
0.000000 0.008539 0.107509 0.000000 0.000000 0.000000
0.000000 0.000000 0.000000
1.661623 1.000000 0.000000
764.299377 0.000000
0.000000 0.000000 0.000000 0.000000
0.000000 0.959477
8 0.020000 1.300000 0.001000
0.486000 0.396000 0.726000 0.501000 1.360000 6.610000 0.785000 0.785000
272000.000000 96.599998 0.003000
1.073000 0.050000 0.116600
0.126643 0.067882 0.000347 0.000000
0.000000

0.000000 0.208986 2.220626
0.519458 0.071117 9.082232 49.346283 205.235046
0.000000 0.008646 0.109474 0.000000 0.000000 0.000000
0.000000 0.000000 0.000000
1.701149 1.000000 0.000000
764.299377 0.000000
0.000000 0.000000 0.000000 0.000000
0.000000 0.947260
8 0.020000 1.320000 0.001000
0.486000 0.396000 0.726000 0.501000 1.360000 6.610000 0.785000 0.785000
272000.000000 96.599998 0.003000
1.073000 0.050000 0.116600
0.126655 0.068120 0.000348 0.000000
0.000000

0.000000 0.189573 2.155105
0.519084 0.071383 9.081144 49.337227 205.233322
0.000000 0.008823 0.111578 0.000000 0.000000 0.000000
0.000000 0.000000 0.000000
1.740567 1.000000 0.000000
764.299377 0.000000
0.000000 0.000000 0.000000 0.000000
0.000000 0.952146
8 0.020000 1.340000 0.001000
0.486000 0.396000 0.726000 0.501000 1.360000 6.610000 0.785000 0.785000
272000.000000 96.599998 0.003000
1.073000 0.050000 0.116600
0.126666 0.067947 0.000347 0.000000
0.000000

0.000000 0.181283 2.114021
0.518871 0.071671 9.083139 49.342754 205.233154
0.000000 0.008917 0.113556 0.000000 0.000000 0.000000
0.000000 0.000000 0.000000
1.779855 1.000000 0.000000
764.299377 0.000000
0.000000 0.000000 0.000000 0.000000
0.000000 0.942731
8 0.020000 1.360000 0.001000
0.486000 0.396000 0.726000 0.501000 1.360000 6.610000 0.785000 0.785000
272000.000000 96.599998 0.003000
1.073000 0.050000 0.116600
0.126676 0.067847 0.000346 0.000000
0.000000

0.000000 0.173782 2.077113
0.518670 0.071959 9.084827 49.349808 205.233627
0.000000 0.008915 0.115530 0.000000 0.000000 0.000000
0.000000 0.000000 0.000000
1.818990 1.000000 0.000000
764.299377 0.000000
0.000000 0.000000 0.000000 0.000000
0.000000 0.933269
8 0.020000 1.380000 0.001000
0.486000 0.396000 0.726000 0.501000 1.360000 6.610000 0.785000 0.785000
272000.000000 96.599998 0.003000
1.073000 0.050000 0.116600
0.126686 0.067815 0.000346 0.000000
0.000000

0.000000 0.167107 2.044286
0.518488 0.072248 9.087558 49.357899 205.234467
0.000000 0.008862 0.117255 0.000000 0.000000 0.000000
0.000000 0.000000 0.000000
1.857949 1.000000 0.000000
764.299377 0.000000
0.000000 0.000000 0.000000 0.000000
0.000000 0.932261
8 0.020000 1.400000 0.001000
0.486000 0.396000 0.726000 0.501000 1.360000 6.610000 0.785000 0.785000
272000.000000 96.599998 0.003000
1.073000 0.050000 0.116600
0.126696 0.067810 0.000346 0.000000
0.000000

0.000000 0.160943 2.014362
0.518299 0.072535 9.089355 49.365849 205.235153
0.000000 0.008874 0.119106 0.000000 0.000000 0.000000
0.000000 0.000000 0.000000
1.896710 1.000000 0.000000
764.299377 0.000000
0.000000 0.000000 0.000000 0.000000
0.000000 0.929485
8 0.020000 1.420000 0.001000
0.486000 0.396000 0.726000 0.501000 1.360000 6.610000 0.785000 0.785000
272000.000000 96.599998 0.003000
1.073000 0.050000 0.116600
0.126705 0.067775 0.000346 0.000000
0.000000

0.000000 0.150144 1.976725
0.518016 0.072807 9.088240 49.366150 205.234833
0.000000 0.009052 0.121180 0.000000 0.000000 0.000000
0.000000 0.000000 0.000000
1.935253 1.000000 0.000000
764.299377 0.000000
0.000000 0.000000 0.000000 0.000000
0.000000 1.003761
8 0.020000 1.440000 0.001000
0.486000 0.396000 0.726000 0.501000 1.360000 6.610000 0.785000 0.785000
272000.000000 96.599998 0.003000
1.073000 0.050000 0.116600
0.126713 0.067859 0.000347 0.000000
0.000000

0.000000 0.145622 1.953609
0.517845 0.073092 9.089631 49.376137 205.235229
0.000000 0.009385 0.123396 0.000000 0.000000 0.000000
0.000000 0.000000 0.000000
1.973557 1.000000 0.000000
764.299377 0.000000
0.000000 0.000000 0.000000 0.000000
0.000000 0.971879
8 0.020000 1.460000 0.001000
0.486000 0.396000 0.726000 0.501000 1.360000 6.610000 0.785000 0.785000
272000.000000 96.599998 0.003000
1.073000 0.050000 0.116600
0.126722 0.067830 0.000346 0.000000
0.000000

0.000000 0.141618 1.933263
0.517697 0.073379 9.092785 49.386745 205.234818
0.000000 0.009738 0.125466 0.000000 0.000000 0.000000
0.000000 0.000000 0.000000
2.011604 1.000000 0.000000
764.299377 0.000000
0.000000 0.000000 0.000000 0.000000
0.000000 0.952633
8 0.020000 1.480000 0.001000
0.486000 0.396000 0.726000 0.501000 1.360000 6.610000 0.785000 0.785000
272000.000000 96.599998 0.003000
1.073000 0.050000 0.116600
0.126732 0.068352 0.000349 0.000000
0.000000

0.000000 0.137974 1.914523
0.517521 0.073660 9.095387 49.394569 205.235916
0.000000 0.009977 0.127433 0.000000 0.000000 0.000000
0.000000 0.000000 0.000000
2.049375 1.000000 0.000000
764.299377 0.000000
0.000000 0.000000 0.000000 0.000000
0.000000 0.945785
8 0.020000 1.500000 0.001000
0.486000 0.396000 0.726000 0.501000 1.360000 6.610000 0.785000 0.785000
272000.000000 96.599998 0.003000
1.073000 0.050000 0.116600
0.126740 0.067894 0.000347 0.000000
0.000000

0.000000 0.106632 1.733324
0.517209 0.073920 9.095807 49.390469 205.235886
0.000000 0.010175 0.130925 0.000000 0.000000 0.000000
0.000000 0.000000 0.000000
2.086853 1.000000 0.000000
764.299377 0.000000
0.000000 0.000000 0.000000 0.000000
0.000000 0.936512
8 0.020000 1.520000 0.001000
0.486000 0.396000 0.726000 0.501000 1.360000 6.610000 0.785000 0.785000
272000.000000 96.599998 0.003000
1.073000 0.050000 0.116600
0.126748 0.067804 0.000346 0.000000
0.000000

0.000000 0.106331 1.733994
0.517058 0.074200 9.098716 49.400093 205.237427
0.000000 0.010224 0.132714 0.000000 0.000000 0.000000
0.000000 0.000000 0.000000
2.124020 1.000000 0.000000
764.299377 0.000000
0.000000 0.000000 0.000000 0.000000
0.000000 0.953746
8 0.020000 1.540000 0.001000
0.486000 0.396000 0.726000 0.501000 1.360000 6.610000 0.785000 0.785000
272000.000000 96.599998 0.003000
1.073000 0.050000 0.116600
0.126756 0.067852 0.000347 0.000000
0.000000

0.000000 0.103443 1.729073
0.516862 0.074470 9.100828 49.405312 205.237839
0.000000 0.010257 0.134555 0.000000 0.000000 0.000000
0.000000 0.000000 0.000000
2.160860 1.000000 0.000000
764.299377 0.000000
0.000000 0.000000 0.000000 0.000000
0.000000 0.939605
8 0.020000 1.560000 0.001000
0.486000 0.396000 0.726000 0.501000 1.360000 6.610000 0.785000 0.785000
272000.000000 96.599998 0.003000
1.073000 0.050000 0.116600
0.126765 0.067780 0.000346 0.000000
0.000000

0.000000 0.103468 1.730382
0.516715 0.074745 9.103736 49.414867 205.239166
0.000000 0.010296 0.136324 0.000000 0.000000 0.000000
0.000000 0.000000 0.000000
2.197360 1.000000 0.000000
764.299377 0.000000
0.000000 0.000000 0.000000 0.000000
0.000000 0.939403
8 0.020000 1.580000 0.001000
0.486000 0.396000 0.726000 0.501000 1.360000 6.610000 0.785000 0.785000
272000.000000 96.599998 0.003000
1.073000 0.050000 0.116600
0.126772 0.067795 0.000346 0.000000
0.000000

0.000000 0.103579 1.732311
0.516598 0.075022 9.107102 49.427174 205.238235
0.000000 0.010346 0.138044 0.000000 0.000000 0.000000
0.000000 0.000000 0.000000
2.233503 1.000000 0.000000
764.299377 0.000000
0.000000 0.000000 0.000000 0.000000
0.000000 0.938837
8 0.020000 1.600000 0.001000
0.486000 0.396000 0.726000 0.501000 1.360000 6.610000 0.785000 0.785000
272000.000000 96.599998 0.003000
1.073000 0.050000 0.116600
0.126780 0.067825 0.000346 0.000000
0.000000

0.000000 0.103690 1.733874
0.516462 0.075293 9.110086 49.437428 205.238632
0.000000 0.010398 0.139709 0.000000 0.000000 0.000000
0.000000 0.000000 0.000000
2.269278 1.000000 0.000000
764.299377 0.000000
0.000000 0.000000 0.000000 0.000000
0.000000 0.932740
8 0.020000 1.620000 0.001000
0.486000 0.396000 0.726000 0.501000 1.360000 6.610000 0.785000 0.785000
272000.000000 96.599998 0.003000
1.073000 0.050000 0.116600
0.126788 0.068344 0.000349 0.000000
0.000000

0.000000 0.103790 1.735616
0.516337 0.075563 9.113240 49.448441 205.239502
0.000000 0.010447 0.141348 0.000000 0.000000 0.000000
0.000000 0.000000 0.000000
2.304671 1.000000 0.000000
764.299377 0.000000
0.000000 0.000000 0.000000 0.000000
0.000000 0.939277
8 0.020000 1.640000 0.001000
0.486000 0.396000 0.726000 0.501000 1.360000 6.610000 0.785000 0.785000
272000.000000 96.599998 0.003000
1.073000 0.050000 0.116600
0.126796 0.067832 0.000346 0.000000
0.000000

0.000000 0.103931 1.737426
0.516214 0.075830 9.116332 49.459396 205.240082
0.000000 0.010488 0.142979 0.000000 0.000000 0.000000
0.000000 0.000000 0.000000
2.339671 1.000000 0.000000
764.299377 0.000000
0.000000 0.000000 0.000000 0.000000
0.000000 0.932015
8 0.020000 1.660000 0.001000
0.486000 0.396000 0.726000 0.501000 1.360000 6.610000 0.785000 0.785000
272000.000000 96.599998 0.003000
1.073000 0.050000 0.116600
0.126803 0.067844 0.000346 0.000000
0.000000

0.000000 0.102694 1.736113
0.516071 0.076091 9.119055 49.468243 205.241226
0.000000 0.010515 0.144512 0.000000 0.000000 0.000000
0.000000 0.000000 0.000000
2.374268 1.000000 0.000000
764.299377 0.000000
0.000000 0.000000 0.000000 0.000000
0.000000 0.926363
8 0.020000 1.680000 0.001000
0.486000 0.396000 0.726000 0.501000 1.360000 6.610000 0.785000 0.785000
272000.000000 96.599998 0.003000
1.073000 0.050000 0.116600
0.126812 0.067806 0.000346 0.000000
0.000000

0.000000 0.102913 1.739832
0.516047 0.076366 9.123816 49.488266 205.240738
0.000000 0.010539 0.146184 0.000000 0.000000 0.000000
0.000000 0.000000 0.000000
2.408451 1.000000 0.000000
764.299377 0.000000
0.000000 0.000000 0.000000 0.000000
0.000000 0.939552
8 0.020000 1.700000 0.001000
0.486000 0.396000 0.726000 0.501000 1.360000 6.610000 0.785000 0.785000
272000.000000 96.599998 0.003000
1.073000 0.050000 0.116600
0.126827 0.067809 0.000346 0.000000
0.000000

0.000000 0.103240 1.742364
0.515957 0.076629 9.127329 49.501575 205.240585
0.000000 0.010564 0.147928 0.000000 0.000000 0.000000
0.000000 0.000000 0.000000
2.442212 1.000000 0.000000
764.299377 0.000000
0.000000 0.000000 0.000000 0.000000
0.000000 0.930794
8 0.020000 1.720000 0.001000
0.486000 0.396000 0.726000 0.501000 1.360000 6.610000 0.785000 0.785000
272000.000000 96.599998 0.003000
1.073000 0.050000 0.116600
0.126835 0.067805 0.000346 0.000000
0.000000

0.000000 0.103560 1.744979
0.515871 0.076888 9.130871 49.515064 205.240814
0.000000 0.010599 0.149784 0.000000 0.000000 0.000000
0.000000 0.000000 0.000000
2.475541 1.000000 0.000000
764.299377 0.000000
0.000000 0.000000 0.000000 0.000000
0.000000 0.921636
8 0.020000 1.740000 0.001000
0.486000 0.396000 0.726000 0.501000 1.360000 6.610000 0.785000 0.785000
272000.000000 96.599998 0.003000
1.073000 0.050000 0.116600
0.126844 0.067789 0.000346 0.000000
0.000000

0.000000 0.103930 1.747908
0.515807 0.077147 9.134713 49.530361 205.240158
0.000000 0.010640 0.151631 0.000000 0.000000 0.000000
0.000000 0.000000 0.000000
2.508433 1.000000 0.000000
764.299377 0.000000
0.000000 0.000000 0.000000 0.000000
0.000000 0.918674
8 0.020000 1.760000 0.001000
0.486000 0.396000 0.726000 0.501000 1.360000 6.610000 0.785000 0.785000
272000.000000 96.599998 0.003000
1.073000 0.050000 0.116600
0.126854 0.067764 0.000346 0.000000
0.000000

0.000000 0.104247 1.750682
0.515733 0.077402 9.138354 49.544460 205.239990
0.000000 0.010697 0.153587 0.000000 0.000000 0.000000
0.000000 0.000000 0.000000
2.540880 1.000000 0.000000
764.299377 0.000000
0.000000 0.000000 0.000000 0.000000
0.000000 0.941440
8 0.020000 1.780000 0.001000
0.486000 0.396000 0.726000 0.501000 1.360000 6.610000 0.785000 0.785000
272000.000000 96.599998 0.003000
1.073000 0.050000 0.116600
0.126867 0.067807 0.000346 0.000000
0.000000

0.000000 0.104566 1.753407
0.515662 0.077653 9.141958 49.558506 205.241211
0.000000 0.010761 0.155495 0.000000 0.000000 0.000000
0.000000 0.000000 0.000000
2.572876 1.000000 0.000000
764.299377 0.000000
0.000000 0.000000 0.000000 0.000000
0.000000 0.924342
8 0.020000 1.800000 0.001000
0.486000 0.396000 0.726000 0.501000 1.360000 6.610000 0.785000 0.785000
272000.000000 96.599998 0.003000
1.073000 0.050000 0.116600
0.126875 0.067753 0.000346 0.000000
0.000000

0.000000 0.104616 1.755529
0.515592 0.077901 9.145535 49.572411 205.241974
0.000000 0.010820 0.157241 0.000000 0.000000 0.000000
0.000000 0.000000 0.000000
2.604418 1.000000 0.000000
764.299377 0.000000
0.000000 0.000000 0.000000 0.000000
0.000000 0.922654
8 0.020000 1.820000 0.001000
0.486000 0.396000 0.726000 0.501000 1.360000 6.610000 0.785000 0.785000
272000.000000 96.599998 0.003000
1.073000 0.050000 0.116600
0.126882 0.067761 0.000346 0.000000
0.000000

0.000000 0.105008 1.758137
0.515516 0.078144 9.148944 49.585461 205.241974
0.000000 0.010864 0.158847 0.000000 0.000000 0.000000
0.000000 0.000000 0.000000
2.635500 1.000000 0.000000
764.299377 0.000000
0.000000 0.000000 0.000000 0.000000
0.000000 0.920330
8 0.020000 1.840000 0.001000
0.486000 0.396000 0.726000 0.501000 1.360000 6.610000 0.785000 0.785000
272000.000000 96.599998 0.003000
1.073000 0.050000 0.116600
0.126894 0.067736 0.000346 0.000000
0.000000

0.000000 0.105357 1.760665
0.515440 0.078384 9.152268 49.598114 205.241150
0.000000 0.010881 0.160284 0.000000 0.000000 0.000000
0.000000 0.000000 0.000000
2.666121 1.000000 0.000000
764.299377 0.000000
0.000000 0.000000 0.000000 0.000000
0.000000 0.918736
8 0.020000 1.860000 0.001000
0.486000 0.396000 0.726000 0.501000 1.360000 6.610000 0.785000 0.785000
272000.000000 96.599998 0.003000
1.073000 0.050000 0.116600
0.126901 0.067715 0.000346 0.000000
0.000000

0.000000 0.105756 1.763292
0.515370 0.078621 9.155651 49.611130 205.240509
0.000000 0.010864 0.161529 0.000000 0.000000 0.000000
0.000000 0.000000 0.000000
2.696277 1.000000 0.000000
764.299377 0.000000
0.000000 0.000000 0.000000 0.000000
0.000000 0.916525
8 0.020000 1.880000 0.001000
0.486000 0.396000 0.726000 0.501000 1.360000 6.610000 0.785000 0.785000
272000.000000 96.599998 0.003000
1.073000 0.050000 0.116600
0.126910 0.067729 0.000346 0.000000
0.000000

0.000000 0.106093 1.765570
0.515283 0.078852 9.158679 49.622147 205.240906
0.000000 0.010824 0.162845 0.000000 0.000000 0.000000
0.000000 0.000000 0.000000
2.725966 1.000000 0.000000
764.299377 0.000000
0.000000 0.000000 0.000000 0.000000
0.000000 0.919291
8 0.020000 1.900000 0.001000
0.486000 0.396000 0.726000 0.501000 1.360000 6.610000 0.785000 0.785000
272000.000000 96.599998 0.003000
1.073000 0.050000 0.116600
0.126919 0.067732 0.000346 0.000000
0.000000

0.000000 0.106492 1.768236
0.515222 0.079083 9.162109 49.635464 205.240494
0.000000 0.010769 0.164230 0.000000 0.000000 0.000000
0.000000 0.000000 0.000000
2.755188 1.000000 0.000000
764.299377 0.000000
0.000000 0.000000 0.000000 0.000000
0.000000 0.916646
8 0.020000 1.920000 0.001000
0.486000 0.396000 0.726000 0.501000 1.360000 6.610000 0.785000 0.785000
272000.000000 96.599998 0.003000
1.073000 0.050000 0.116600
0.126925 0.067726 0.000346 0.000000
0.000000

0.000000 0.106852 1.771176
0.515180 0.079313 9.165796 49.650234 205.239914
0.000000 0.010710 0.165685 0.000000 0.000000 0.000000
0.000000 0.000000 0.000000
2.783943 1.000000 0.000000
764.299377 0.000000
0.000000 0.000000 0.000000 0.000000
0.000000 0.913230
8 0.020000 1.940000 0.001000
0.486000 0.396000 0.726000 0.501000 1.360000 6.610000 0.785000 0.785000
272000.000000 96.599998 0.003000
1.073000 0.050000 0.116600
0.126939 0.067694 0.000346 0.000000
0.000000

0.000000 0.107237 1.775021
0.515191 0.079547 9.170379 49.669788 205.239120
0.000000 0.010657 0.167284 0.000000 0.000000 0.000000
0.000000 0.000000 0.000000
2.812232 1.000000 0.000000
764.299377 0.000000
0.000000 0.000000 0.000000 0.000000
0.000000 0.911781
8 0.020000 1.960000 0.001000
0.486000 0.396000 0.726000 0.501000 1.360000 6.610000 0.785000 0.785000
272000.000000 96.599998 0.003000
1.073000 0.050000 0.116600
0.126948 0.067687 0.000346 0.000000
0.000000

0.000000 0.107620 1.785776
0.515602 0.079840 9.182017 49.727711 205.234772
0.000000 0.010614 0.168981 0.000000 0.000000 0.000000
0.000000 0.000000 0.000000
2.840055 1.000000 0.000000
764.299377 0.000000
0.000000 0.000000 0.000000 0.000000
0.000000 0.909536
8 0.020000 1.980000 0.001000
0.486000 0.396000 0.726000 0.501000 1.360000 6.610000 0.785000 0.785000
272000.000000 96.599998 0.003000
1.073000 0.050000 0.116600
0.126988 0.067632 0.000345 0.000000
0.000000

0.000000 0.107995 1.803055
0.516391 0.080189 9.200315 49.821743 205.228165
0.000000 0.068321 0.249610 0.000000 0.000000 0.000000
0.000000 0.000000 0.000000
2.867415 1.000000 0.000000
764.299377 0.000000
0.000000 0.000000 0.000000 0.000000
0.000000 0.913192
8 0.020000 2.000000 0.001000
0.486000 0.396000 0.726000 0.501000 1.360000 6.610000 0.785000 0.785000
272000.000000 96.599998 0.003000
1.073000 0.050000 0.116600
0.127047 0.067663 0.000346 0.000000
0.000000
1.000000
2.000000
0.000000 0.000000
0.000000
0
-0.660000
0 0
0.000000
1
0.000000
1.000000
1.000000
1.000000
0.000000 0.000000 0.000000
0.000000 0.000000
0.000000 0.000000 0.000000 0.000000 0.000000 0.000000 0.000000
0.000000 0.000000 0.000000 0.000000 0.000000 0.000000 0.000000
601
2.000000
1
C:\DNDC\sites\Ottawa\CEFSoilc.spf
-1.000000 -1.000000
0.000000
33
33
10.000000
104
0.000000
0.000000
258
0.000000
304155.437500
1
