7
Clay_loam
0.314000 0.490000 0.006410 0.726000 0.398000 1.000000 0.000000 0.000000
1.350000 6.610000 1 0.031000 0.500000 0.050000 0.010000 0.240000 0.750000
0.000000 0.020000 2.000000 270000.000000 96.599998 100
0.233300 1.944000 3.025300 0.000000 1
10.000000 10.000000 10.000000 5.000000 25.000000 100.000000
0.000000 0.000000 0.001511 0.000000 0.000000 0.000000
500.000000 0.000000 0.000000

0.000000 65.989388 798.712708
13.460228 2.238741 117.260345 1025.027222 5810.185547
0.000000 1.075252 0.418950 1.010348 0.000000 0.000000
0.000045 0.002272 0.000599
-0.280713 0.259069 45.759243
764.299377 0.000000
0.000000 0.000000 0.000000 0.000000
0.000000 9.720119
7 0.020000 0.020000 0.031000
0.490000 0.314000 0.726000 0.398000 1.350000 6.610000 0.726000 0.726000
270000.000000 96.599998 0.006410
1.073000 0.050000 0.116600
16.436378 9.473927 0.014560 0.000000
0.000000

0.000000 64.615311 798.551514
14.280313 2.184535 116.447067 1025.166016 5810.520996
0.000000 0.291320 0.365124 0.505174 0.000000 0.000000
0.000043 0.001847 0.000471
-0.177169 0.306333 41.127335
764.299377 0.000000
0.000000 0.000000 0.000000 0.000000
0.000000 10.198681
7 0.020000 0.040000 0.031000
0.490000 0.314000 0.726000 0.398000 1.350000 6.610000 0.726000 0.726000
270000.000000 96.599998 0.006410
1.073000 0.050000 0.116600
16.431837 9.469855 0.016884 0.000000
0.000000

0.000000 65.343788 798.812073
14.211360 2.056127 116.968208 1024.876099 5810.300293
0.000000 0.385374 0.435946 0.252587 0.000000 0.000000
0.000030 0.000009 0.000000
-0.110550 0.360972 35.772724
764.299377 0.000000
0.000000 0.000000 0.000000 0.000000
0.000000 10.648458
7 0.020000 0.060000 0.031000
0.490000 0.314000 0.726000 0.398000 1.350000 6.610000 0.726000 0.726000
270000.000000 96.599998 0.006410
1.073000 0.050000 0.116600
16.434858 9.475209 0.019588 0.000000
0.000000

0.000000 65.833481 799.198059
14.193665 1.952034 117.270813 1024.722778 5810.166016
0.000000 0.486864 0.454696 0.126294 0.000000 0.000000
0.000003 0.000005 0.000000
-0.056787 0.460346 26.034101
764.299377 0.000000
0.000000 0.000000 0.000000 0.000000
0.000000 10.276905
7 0.020000 0.080000 0.031000
0.490000 0.314000 0.726000 0.398000 1.350000 6.610000 0.726000 0.726000
270000.000000 96.599998 0.006410
1.073000 0.050000 0.116600
16.436600 9.469041 0.024473 0.000000
0.000000

0.000000 65.235466 798.851440
14.482547 1.889084 116.989914 1024.817261 5810.281250
0.000000 0.550250 0.477118 0.063147 0.000000 0.000000
0.000002 0.000000 0.000000
-0.048884 0.726000 0.000000
764.299377 0.000000
0.000000 0.000000 0.000000 0.000000
0.000000 10.264587
7 0.020000 0.100000 0.025000
0.490000 0.314000 0.726000 0.398000 1.350000 6.610000 0.726000 0.726000
270000.000000 96.599998 0.006410
1.073000 0.050000 0.116600
16.435011 9.457705 0.037488 0.000000
0.000000

0.000000 64.550858 799.530701
14.724338 1.822432 116.653717 1024.907593 5810.409668
0.000000 0.644763 0.435557 0.031573 0.000000 0.000000
0.000002 0.000000 0.000000
0.030391 0.726000 0.000000
764.299377 0.000000
0.000000 0.000000 0.000000 0.000000
0.000000 11.049026
7 0.020000 0.120000 0.025000
0.490000 0.314000 0.726000 0.398000 1.350000 6.610000 0.726000 0.726000
270000.000000 96.599998 0.006410
1.073000 0.050000 0.116600
16.433117 9.459538 0.037555 0.000000
0.000000

0.000000 63.858929 799.082275
15.307879 1.805236 116.283890 1024.754028 5810.549316
0.000000 0.668511 0.446786 0.015787 0.000000 0.000000
0.000000 0.000000 0.000000
0.108929 0.726000 0.000000
764.299377 0.000000
0.000000 0.000000 0.000000 0.000000
0.000000 11.380210
7 0.020000 0.140000 0.025000
0.490000 0.314000 0.726000 0.398000 1.350000 6.610000 0.726000 0.726000
270000.000000 96.599998 0.006410
1.073000 0.050000 0.116600
16.431185 9.461469 0.037563 0.000000
0.000000

0.000000 66.168640 798.861206
15.312262 1.776911 116.022034 1024.004883 5810.603027
0.000000 0.681336 0.452396 0.007893 0.000000 0.000000
0.000000 0.000000 0.000000
0.186728 0.726000 0.000000
764.299377 0.000000
0.000000 0.000000 0.000000 0.000000
0.000000 11.547051
7 0.020000 0.160000 0.025000
0.490000 0.314000 0.726000 0.398000 1.350000 6.610000 0.726000 0.726000
270000.000000 96.599998 0.006410
1.073000 0.050000 0.116600
16.430201 9.462440 0.037566 0.000000
0.000000

0.000000 65.511719 798.354370
15.766154 1.860178 115.604897 1023.877869 5810.755371
0.000000 0.612037 0.473169 0.003947 0.000000 0.000000
0.000000 0.000000 0.000000
0.263794 0.726000 0.000000
764.299377 0.000000
0.000000 0.000000 0.000000 0.000000
0.000000 11.061632
7 0.020000 0.180000 0.020000
0.490000 0.314000 0.726000 0.398000 1.350000 6.610000 0.726000 0.726000
270000.000000 96.599998 0.006410
1.073000 0.050000 0.116600
16.427982 9.459446 0.037554 0.000000
0.000000

0.000000 65.312195 798.194763
15.934633 1.957737 115.467216 1023.749023 5810.796387
0.000000 0.656991 0.507738 0.001973 0.000000 0.000000
0.000000 0.000000 0.000000
0.340134 0.726000 0.000000
764.299377 0.000000
0.000000 0.000000 0.000000 0.000000
0.000000 12.023035
7 0.020000 0.200000 0.020000
0.490000 0.314000 0.726000 0.398000 1.350000 6.610000 0.726000 0.726000
270000.000000 96.599998 0.006410
1.073000 0.050000 0.116600
16.427303 9.464887 0.037576 0.000000
0.000000

0.000000 90.091225 810.784241
10.950992 1.430739 128.319061 1017.177795 5805.612793
0.000000 0.276085 0.236846 0.000987 0.000000 0.000000
0.000000 0.000000 0.000000
0.415759 0.726000 0.000000
764.299377 0.000000
0.000000 0.000000 0.000000 0.000000
0.000000 2.904297
7 0.020000 0.220000 0.020000
0.490000 0.314000 0.726000 0.398000 1.350000 6.610000 0.726000 0.726000
270000.000000 96.599998 0.006410
1.073000 0.050000 0.116600
16.498968 9.386633 0.037186 0.000000
0.000000

0.000000 30.372147 382.864838
8.552747 1.176742 132.601791 793.173706 4112.426270
0.000000 0.147698 0.165059 0.000493 0.000000 0.000000
0.000000 0.000000 0.000000
0.490685 0.726000 0.000000
764.299377 0.000000
0.000000 0.000000 0.000000 0.000000
0.000000 2.071826
7 0.020000 0.240000 0.020000
0.490000 0.314000 0.726000 0.398000 1.350000 6.610000 0.726000 0.726000
270000.000000 96.599998 0.006410
1.073000 0.050000 0.116600
2.229443 6.063210 0.023582 0.000000
0.000000

0.000000 27.601286 346.806000
8.324420 1.200803 130.004593 778.662231 4111.435547
0.000000 0.126236 0.174322 0.000247 0.000000 0.000000
0.000000 0.000000 0.000000
0.564931 0.726000 0.000000
764.299377 0.000000
0.000000 0.000000 0.000000 0.000000
0.000000 2.349262
7 0.020000 0.260000 0.020000
0.490000 0.314000 0.726000 0.398000 1.350000 6.610000 0.726000 0.726000
270000.000000 96.599998 0.006410
1.073000 0.050000 0.116600
2.232291 3.321830 0.012729 0.000000
0.000000

0.000000 29.143770 346.128113
7.910750 1.190799 127.247719 747.117432 3697.905273
0.000000 1.476575 0.378390 0.000123 0.000000 0.000000
0.000000 0.000000 0.000000
0.635854 0.848044 0.000000
764.299377 0.000000
0.000000 0.000000 0.000000 0.000000
0.000000 16.345819
7 0.020000 0.280000 0.018000
0.490000 0.314000 0.726000 0.398000 1.350000 6.610000 0.726000 0.726000
270000.000000 96.599998 0.000070
1.073000 0.050000 0.116600
2.055173 4.093870 0.018402 0.000000
0.000000

0.000001 27.653128 322.554718
7.848232 1.226794 127.713593 746.726501 3695.799561
0.000000 2.089036 0.389981 0.000062 0.000000 0.000000
0.000000 0.000000 0.000000
0.702626 0.902891 0.000000
764.299377 0.000000
0.000000 0.000000 0.000000 0.000000
0.000000 10.855894
7 0.020000 0.300000 0.018000
0.490000 0.314000 0.726000 0.398000 1.350000 6.610000 0.726000 0.726000
270000.000000 96.599998 0.000070
1.073000 0.050000 0.116600
2.068478 1.904017 0.009005 0.000000
0.000000

0.000001 25.083336 293.476868
7.657353 1.240702 125.292519 732.780701 3695.027588
0.000000 1.776135 0.326154 0.000031 0.000000 0.000000
0.000000 0.000000 0.000000
0.767851 0.897798 0.000000
764.299377 0.000000
0.000000 0.000000 0.000000 0.000000
0.000000 6.920490
7 0.020000 0.320000 0.018000
0.490000 0.314000 0.726000 0.398000 1.350000 6.610000 0.726000 0.726000
270000.000000 96.599998 0.000070
1.073000 0.050000 0.116600
2.067897 1.488462 0.006984 0.000000
0.000000

0.000001 23.763378 273.834778
7.016678 1.177039 116.961937 675.500183 3227.620361
0.000000 1.029265 0.247857 0.000015 0.000000 0.000000
0.000000 0.000000 0.000000
0.832650 0.903850 0.000000
764.299377 0.000000
0.000000 0.000000 0.000000 0.000000
0.000000 5.512681
8 0.020000 0.340000 0.015500
0.483000 0.377000 0.726000 0.484000 1.370000 6.610000 0.770000 0.770000
274000.000000 96.599998 0.000070
1.073000 0.050000 0.116600
1.834079 1.274503 0.005841 0.000000
0.000000

0.000001 21.508821 247.614792
6.852810 1.188086 115.082214 664.787537 3227.206543
0.000000 0.424644 0.208010 0.000008 0.000000 0.000000
0.000000 0.000000 0.000000
0.896895 0.907364 0.000000
764.299377 0.000000
0.000000 0.000000 0.000000 0.000000
0.000000 5.103608
8 0.020000 0.360000 0.015500
0.483000 0.377000 0.726000 0.484000 1.370000 6.610000 0.770000 0.770000
274000.000000 96.599998 0.000070
1.073000 0.050000 0.116600
1.833651 1.209978 0.005565 0.000000
0.000000

0.000001 19.467127 223.842789
6.701339 1.198650 113.363365 654.846680 3226.917480
0.000000 0.125283 0.164052 0.000004 0.000000 0.000000
0.000000 0.000000 0.000000
0.960312 0.918456 0.000000
764.299377 0.000000
0.000000 0.000000 0.000000 0.000000
0.000000 4.963168
8 0.020000 0.380000 0.015500
0.483000 0.377000 0.726000 0.484000 1.370000 6.610000 0.770000 0.770000
274000.000000 96.599998 0.000070
1.073000 0.050000 0.116600
1.833075 1.194308 0.005559 0.000000
0.000000

0.000001 17.611153 202.443359
6.562552 1.209014 111.763939 645.660522 3226.649414
0.000000 0.030937 0.124470 0.000002 0.000000 0.000000
0.000000 0.000000 0.000000
1.022778 0.931384 0.000000
764.299377 0.000000
0.000000 0.000000 0.000000 0.000000
0.000000 4.909361
8 0.020000 0.400000 0.015500
0.483000 0.377000 0.726000 0.484000 1.370000 6.610000 0.770000 0.770000
274000.000000 96.599998 0.000070
1.073000 0.050000 0.116600
1.832439 1.191516 0.005624 0.000000
0.000000

0.000001 15.946143 183.448471
6.443542 1.220806 110.424545 637.945312 3226.432861
0.000000 0.011269 0.106380 0.000001 0.000000 0.000000
0.000000 0.000000 0.000000
1.084311 0.943628 0.000000
764.299377 0.000000
0.000000 0.000000 0.000000 0.000000
0.000000 4.898576
8 0.020000 0.420000 0.015500
0.483000 0.377000 0.726000 0.484000 1.370000 6.610000 0.770000 0.770000
274000.000000 96.599998 0.000070
1.073000 0.050000 0.116600
1.832397 1.190663 0.005694 0.000000
0.000000

0.000000 14.443125 166.434860
6.335829 1.232764 109.218658 630.906067 3226.296875
0.000000 0.008330 0.104149 0.000000 0.000000 0.000000
0.000000 0.000000 0.000000
1.144981 0.954389 0.000000
764.299377 0.000000
0.000000 0.000000 0.000000 0.000000
0.000000 4.910021
8 0.020000 0.440000 0.015500
0.483000 0.377000 0.726000 0.484000 1.370000 6.610000 0.770000 0.770000
274000.000000 96.599998 0.000070
1.073000 0.050000 0.116600
1.832366 1.191012 0.005761 0.000000
0.000000

0.000000 13.086143 151.164505
6.241624 1.245582 108.166916 624.845764 3226.169434
0.000000 0.145896 0.196200 0.000000 0.000000 0.000000
0.000000 0.000000 0.000000
1.204872 0.963366 0.000000
764.299377 0.000000
0.000000 0.000000 0.000000 0.000000
0.000000 4.909296
8 0.020000 0.460000 0.015500
0.483000 0.377000 0.726000 0.484000 1.370000 6.610000 0.770000 0.770000
274000.000000 96.599998 0.000070
1.073000 0.050000 0.116600
1.832588 1.188464 0.005802 0.000000
0.000000

0.000000 11.855095 137.292313
6.155967 1.258518 107.221863 619.293274 3226.079346
0.000000 0.461857 0.243180 0.000000 0.000000 0.000000
0.000000 0.000000 0.000000
1.264070 0.970294 0.000000
764.299377 0.000000
0.000000 0.000000 0.000000 0.000000
0.000000 4.906316
8 0.020000 0.480000 0.015500
0.483000 0.377000 0.726000 0.484000 1.370000 6.610000 0.770000 0.770000
274000.000000 96.599998 0.000070
1.073000 0.050000 0.116600
1.832751 1.187699 0.005840 0.000000
0.000000

0.000000 10.743924 124.781342
6.081358 1.272292 106.400101 614.593201 3226.047852
0.000000 0.697467 0.258890 0.000000 0.000000 0.000000
0.000000 0.000000 0.000000
1.322671 0.974847 0.000000
764.299377 0.000000
0.000000 0.000000 0.000000 0.000000
0.000000 4.932083
8 0.020000 0.500000 0.015500
0.483000 0.377000 0.726000 0.484000 1.370000 6.610000 0.770000 0.770000
274000.000000 96.599998 0.000070
1.073000 0.050000 0.116600
1.833144 1.187033 0.005865 0.000000
0.000000

0.000000 9.736007 113.465744
6.015088 1.286552 105.697784 610.500488 3226.018311
0.000000 0.780887 0.265511 0.000000 0.000000 0.000000
0.000000 0.000000 0.000000
1.380771 0.976711 0.000000
764.299377 0.000000
0.000000 0.000000 0.000000 0.000000
0.000000 4.980621
8 0.020000 0.520000 0.015500
0.483000 0.377000 0.726000 0.484000 1.370000 6.610000 0.770000 0.770000
274000.000000 96.599998 0.000070
1.073000 0.050000 0.116600
1.833607 1.186395 0.005872 0.000000
0.000000

0.000000 7.024038 88.019417
3.060967 0.667596 52.131813 308.114502 1669.388062
0.000000 0.742020 0.174992 0.000000 0.000000 0.000000
0.000000 0.000000 0.000000
1.441694 0.770000 0.000000
764.299377 0.000000
0.000000 0.000000 0.000000 0.000000
0.000000 4.675680
8 0.020000 0.540000 0.008000
0.483000 0.377000 0.726000 0.484000 1.370000 6.610000 0.770000 0.770000
274000.000000 96.599998 0.002410
1.073000 0.050000 0.116600
0.923647 0.799852 0.003115 0.000000
0.000000

0.000000 6.411307 80.295578
3.017835 0.673466 51.734627 305.434265 1669.124268
0.000000 0.592060 0.171545 0.000000 0.000000 0.000000
0.000000 0.000000 0.000000
1.505899 0.770000 0.000000
764.299377 0.000000
0.000000 0.000000 0.000000 0.000000
0.000000 4.358943
8 0.020000 0.560000 0.008000
0.483000 0.377000 0.726000 0.484000 1.370000 6.610000 0.770000 0.770000
274000.000000 96.599998 0.002410
1.073000 0.050000 0.116600
0.924926 0.672375 0.002617 0.000000
0.000000

0.000000 5.858380 73.366402
2.982865 0.680537 51.462502 303.492004 1668.850708
0.000000 0.504763 0.171261 0.000000 0.000000 0.000000
0.000000 0.000000 0.000000
1.569787 0.770000 0.000000
764.299377 0.000000
0.000000 0.000000 0.000000 0.000000
0.000000 4.513322
8 0.020000 0.580000 0.008000
0.483000 0.377000 0.726000 0.484000 1.370000 6.610000 0.770000 0.770000
274000.000000 96.599998 0.002410
1.073000 0.050000 0.116600
0.926490 0.648220 0.002522 0.000000
0.000000

0.000000 5.366104 67.134575
2.954410 0.688556 51.311588 302.109009 1668.555908
0.000000 0.378623 0.164717 0.000000 0.000000 0.000000
0.000000 0.000000 0.000000
1.633377 0.770000 0.000000
764.299377 0.000000
0.000000 0.000000 0.000000 0.000000
0.000000 4.508646
8 0.020000 0.600000 0.008000
0.483000 0.377000 0.726000 0.484000 1.370000 6.610000 0.770000 0.770000
274000.000000 96.599998 0.002410
1.073000 0.050000 0.116600
0.928241 0.644126 0.002506 0.000000
0.000000

0.000000 4.924278 61.530010
2.929859 0.697005 51.216702 301.119324 1668.313354
0.000000 0.246871 0.155740 0.000000 0.000000 0.000000
0.000000 0.000000 0.000000
1.696685 0.770000 0.000000
764.299377 0.000000
0.000000 0.000000 0.000000 0.000000
0.000000 4.482658
8 0.020000 0.620000 0.008000
0.483000 0.377000 0.726000 0.484000 1.370000 6.610000 0.770000 0.770000
274000.000000 96.599998 0.002410
1.073000 0.050000 0.116600
0.930043 0.639792 0.002490 0.000000
0.000000

0.000000 4.528093 56.495922
2.908964 0.705875 51.209972 300.677460 1668.040771
0.000000 0.191390 0.151177 0.000000 0.000000 0.000000
0.000000 0.000000 0.000000
1.759726 0.770000 0.000000
764.299377 0.000000
0.000000 0.000000 0.000000 0.000000
0.000000 4.293880
8 0.020000 0.640000 0.008000
0.483000 0.377000 0.726000 0.484000 1.370000 6.610000 0.770000 0.770000
274000.000000 96.599998 0.002410
1.073000 0.050000 0.116600
0.932042 0.634671 0.002470 0.000000
0.000000

0.000000 4.161004 51.872768
2.889143 0.714552 51.264824 300.495667 1667.764282
0.000000 0.175705 0.148324 0.000000 0.000000 0.000000
0.000000 0.000000 0.000000
1.822511 0.770000 0.000000
764.299377 0.000000
0.000000 0.000000 0.000000 0.000000
0.000000 4.212414
8 0.020000 0.660000 0.008000
0.483000 0.377000 0.726000 0.484000 1.370000 6.610000 0.770000 0.770000
274000.000000 96.599998 0.002410
1.073000 0.050000 0.116600
0.934023 0.631602 0.002457 0.000000
0.000000

0.000000 3.834037 47.712589
2.862850 0.721600 51.412273 300.903381 1667.457397
0.000000 0.181469 0.152942 0.000000 0.000000 0.000000
0.000000 0.000000 0.000000
1.882314 0.927792 0.000000
764.299377 0.000000
0.000000 0.000000 0.000000 0.000000
0.000000 4.141609
8 0.020000 0.680000 0.008000
0.483000 0.377000 0.726000 0.484000 1.370000 6.610000 0.770000 0.770000
274000.000000 96.599998 0.002410
1.073000 0.050000 0.116600
0.936256 0.638115 0.002992 0.000000
0.000000

0.000000 3.529159 43.976650
2.861196 0.732858 51.561985 301.992218 1667.119141
0.000000 0.212651 0.149516 0.000000 0.000000 0.000000
0.000000 0.000000 0.000000
1.938333 1.000000 0.000000
764.299377 0.000000
0.000000 0.000000 0.000000 0.000000
0.000000 4.127046
8 0.020000 0.700000 0.008000
0.483000 0.377000 0.726000 0.484000 1.370000 6.610000 0.770000 0.770000
274000.000000 96.599998 0.002410
1.073000 0.050000 0.116600
0.938783 0.632912 0.003198 0.000000
0.000000

0.000000 3.258118 39.839325
2.867680 0.745824 51.949467 303.659119 1666.713013
0.000000 0.276429 0.161869 0.000000 0.000000 0.000000
0.000000 0.000000 0.000000
1.993114 1.000000 0.000000
764.299377 0.000000
0.000000 0.000000 0.000000 0.000000
0.000000 4.070825
8 0.020000 0.720000 0.008000
0.483000 0.377000 0.726000 0.484000 1.370000 6.610000 0.770000 0.770000
274000.000000 96.599998 0.002410
1.073000 0.050000 0.116600
0.942163 0.634358 0.003206 0.000000
0.000000

0.000000 3.122600 36.822540
1.880661 0.496153 34.304249 199.230621 1034.045654
0.000000 0.372770 0.122759 0.000000 0.000000 0.000000
0.000000 0.000000 0.000000
2.047570 1.000000 0.000000
764.299377 0.000000
0.000000 0.000000 0.000000 0.000000
0.000000 3.474603
8 0.020000 0.740000 0.005000
0.486000 0.396000 0.726000 0.501000 1.360000 6.610000 0.785000 0.785000
272000.000000 96.599998 0.003000
1.073000 0.050000 0.116600
0.589700 0.414471 0.002120 0.000000
0.000000

0.000000 2.943042 34.288452
1.887565 0.505133 34.637192 200.547470 1033.636108
0.000000 0.623154 0.130906 0.000000 0.000000 0.000000
0.000000 0.000000 0.000000
2.101704 1.000000 0.000000
764.299377 0.000000
0.000000 0.000000 0.000000 0.000000
0.000000 3.324781
8 0.020000 0.760000 0.005000
0.486000 0.396000 0.726000 0.501000 1.360000 6.610000 0.785000 0.785000
272000.000000 96.599998 0.003000
1.073000 0.050000 0.116600
0.591960 0.394099 0.002016 0.000000
0.000000

0.000000 2.785250 32.019558
1.897653 0.514903 35.039753 202.178162 1033.286987
0.000000 0.871389 0.136540 0.000000 0.000000 0.000000
0.000000 0.000000 0.000000
2.155598 1.000000 0.000000
764.299377 0.000000
0.000000 0.000000 0.000000 0.000000
0.000000 3.251700
8 0.020000 0.780000 0.005000
0.486000 0.396000 0.726000 0.501000 1.360000 6.610000 0.785000 0.785000
272000.000000 96.599998 0.003000
1.073000 0.050000 0.116600
0.594334 0.387187 0.001981 0.000000
0.000000

0.000000 2.644632 29.861553
1.909043 0.524983 35.503689 203.902054 1032.881470
0.000000 1.013651 0.140369 0.000000 0.000000 0.000000
0.000000 0.000000 0.000000
2.209251 1.000000 0.000000
764.299377 0.000000
0.000000 0.000000 0.000000 0.000000
0.000000 3.188180
8 0.020000 0.800000 0.005000
0.486000 0.396000 0.726000 0.501000 1.360000 6.610000 0.785000 0.785000
272000.000000 96.599998 0.003000
1.073000 0.050000 0.116600
0.596867 0.382770 0.001958 0.000000
0.000000

0.000000 2.429183 26.747869
1.917653 0.534272 35.901718 205.374298 1032.465698
0.000000 1.005917 0.142668 0.000000 0.000000 0.000000
0.000000 0.000000 0.000000
2.262661 1.000000 0.000000
764.299377 0.000000
0.000000 0.000000 0.000000 0.000000
0.000000 3.114120
8 0.020000 0.820000 0.005000
0.486000 0.396000 0.726000 0.501000 1.360000 6.610000 0.785000 0.785000
272000.000000 96.599998 0.003000
1.073000 0.050000 0.116600
0.599501 0.377310 0.001930 0.000000
0.000000

0.000000 2.288500 25.025839
1.932944 0.545367 36.415924 207.522964 1032.157227
0.000000 1.158123 0.146760 0.000000 0.000000 0.000000
0.000000 0.000000 0.000000
2.315824 1.000000 0.000000
764.299377 0.000000
0.000000 0.000000 0.000000 0.000000
0.000000 3.064607
8 0.020000 0.840000 0.005000
0.486000 0.396000 0.726000 0.501000 1.360000 6.610000 0.785000 0.785000
272000.000000 96.599998 0.003000
1.073000 0.050000 0.116600
0.601792 0.373346 0.001910 0.000000
0.000000

0.000000 2.131882 23.261703
1.942577 0.554839 36.815872 209.069885 1031.881348
0.000000 2.864628 0.154770 0.000000 0.000000 0.000000
0.000000 0.000000 0.000000
2.368734 1.000000 0.000000
764.299377 0.000000
0.000000 0.000000 0.000000 0.000000
0.000000 2.992353
8 0.020000 0.860000 0.005000
0.486000 0.396000 0.726000 0.501000 1.360000 6.610000 0.785000 0.785000
272000.000000 96.599998 0.003000
1.073000 0.050000 0.116600
0.603692 0.373248 0.001909 0.000000
0.000000

0.000000 2.016799 21.844879
1.954453 0.564905 37.266613 210.832504 1031.655396
0.000000 3.835674 0.158508 0.000000 0.000000 0.000000
0.000000 0.000000 0.000000
2.421385 1.000000 0.000000
764.299377 0.000000
0.000000 0.000000 0.000000 0.000000
0.000000 2.928832
8 0.020000 0.880000 0.005000
0.486000 0.396000 0.726000 0.501000 1.360000 6.610000 0.785000 0.785000
272000.000000 96.599998 0.003000
1.073000 0.050000 0.116600
0.605528 0.367557 0.001880 0.000000
0.000000

0.000000 1.933582 20.641888
1.967785 0.575361 37.771614 212.713898 1031.442749
0.000000 3.135875 0.160421 0.000000 0.000000 0.000000
0.000000 0.000000 0.000000
2.473768 1.000000 0.000000
764.299377 0.000000
0.000000 0.000000 0.000000 0.000000
0.000000 2.908171
8 0.020000 0.900000 0.005000
0.486000 0.396000 0.726000 0.501000 1.360000 6.610000 0.785000 0.785000
272000.000000 96.599998 0.003000
1.073000 0.050000 0.116600
0.607425 0.365746 0.001871 0.000000
0.000000

0.000000 1.356595 14.749250
1.973975 0.583801 38.107994 214.045578 1031.194092
0.000000 1.929661 0.188903 0.000000 0.000000 0.000000
0.000000 0.000000 0.000000
2.525877 1.000000 0.000000
764.299377 0.000000
0.000000 0.000000 0.000000 0.000000
0.000000 2.821829
8 0.020000 0.920000 0.005000
0.486000 0.396000 0.726000 0.501000 1.360000 6.610000 0.785000 0.785000
272000.000000 96.599998 0.003000
1.073000 0.050000 0.116600
0.609125 0.365762 0.001871 0.000000
0.000000

0.000000 1.266805 11.290717
0.426335 0.127250 8.210153 46.028435 206.291321
0.000000 1.066228 0.089415 0.000000 0.000000 0.000000
0.000000 0.000000 0.000000
2.577702 1.000000 0.000000
764.299377 0.000000
0.000000 0.000000 0.000000 0.000000
0.000000 1.382228
8 0.020000 0.940000 0.001000
0.486000 0.396000 0.726000 0.501000 1.360000 6.610000 0.785000 0.785000
272000.000000 96.599998 0.003000
1.073000 0.050000 0.116600
0.122160 0.081475 0.000416 0.000000
0.000000

0.000000 1.198092 10.500297
0.426812 0.128764 8.261191 46.201855 206.228470
0.000000 0.548194 0.089546 0.000000 0.000000 0.000000
0.000000 0.000000 0.000000
2.629233 1.000000 0.000000
764.299377 0.000000
0.000000 0.000000 0.000000 0.000000
0.000000 1.229501
8 0.020000 0.960000 0.001000
0.486000 0.396000 0.726000 0.501000 1.360000 6.610000 0.785000 0.785000
272000.000000 96.599998 0.003000
1.073000 0.050000 0.116600
0.122549 0.074062 0.000378 0.000000
0.000000

0.000000 1.152673 9.850885
0.428769 0.130707 8.351707 46.517746 206.147018
0.000000 0.287583 0.092207 0.000000 0.000000 0.000000
0.000000 0.000000 0.000000
2.680460 1.000000 0.000000
764.299377 0.000000
0.000000 0.000000 0.000000 0.000000
0.000000 1.162673
8 0.020000 0.980000 0.001000
0.486000 0.396000 0.726000 0.501000 1.360000 6.610000 0.785000 0.785000
272000.000000 96.599998 0.003000
1.073000 0.050000 0.116600
0.123028 0.071955 0.000367 0.000000
0.000000

0.000000 1.140931 9.322614
0.432968 0.133328 8.569740 46.986614 206.030472
0.000000 0.180614 0.104886 0.000000 0.000000 0.000000
0.000000 0.000000 0.000000
2.731373 1.000000 0.000000
764.299377 0.000000
0.000000 0.000000 0.000000 0.000000
0.000000 1.004178
8 0.020000 1.000000 0.001000
0.486000 0.396000 0.726000 0.501000 1.360000 6.610000 0.785000 0.785000
272000.000000 96.599998 0.003000
1.073000 0.050000 0.116600
0.123733 0.071214 0.000364 0.000000
0.000000

0.000000 1.083490 8.692391
0.432677 0.134560 8.589359 47.082645 205.977859
0.000000 0.140166 0.101878 0.000000 0.000000 0.000000
0.000000 0.000000 0.000000
2.781960 1.000000 0.000000
764.299377 0.000000
0.000000 0.000000 0.000000 0.000000
0.000000 1.029862
8 0.020000 1.020000 0.001000
0.486000 0.396000 0.726000 0.501000 1.360000 6.610000 0.785000 0.785000
272000.000000 96.599998 0.003000
1.073000 0.050000 0.116600
0.123968 0.070589 0.000360 0.000000
0.000000

0.000000 0.988506 7.993109
0.430788 0.135272 8.577140 47.007366 205.961639
0.000000 0.118280 0.098818 0.000000 0.000000 0.000000
0.000000 0.000000 0.000000
2.832211 1.000000 0.000000
764.299377 0.000000
0.000000 0.000000 0.000000 0.000000
0.000000 0.976359
8 0.020000 1.040000 0.001000
0.486000 0.396000 0.726000 0.501000 1.360000 6.610000 0.785000 0.785000
272000.000000 96.599998 0.003000
1.073000 0.050000 0.116600
0.124044 0.070444 0.000360 0.000000
0.000000

0.000000 0.890199 7.295094
0.427708 0.135574 8.540521 46.798855 205.954208
0.000000 0.098720 0.094662 0.000000 0.000000 0.000000
0.000000 0.000000 0.000000
2.882116 1.000000 0.000000
764.299377 0.000000
0.000000 0.000000 0.000000 0.000000
0.000000 0.985349
8 0.020000 1.060000 0.001000
0.486000 0.396000 0.726000 0.501000 1.360000 6.610000 0.785000 0.785000
272000.000000 96.599998 0.003000
1.073000 0.050000 0.116600
0.124067 0.070376 0.000359 0.000000
0.000000

0.000000 0.809903 6.713398
0.425569 0.136136 8.521000 46.686924 205.951508
0.000000 0.078713 0.088807 0.000000 0.000000 0.000000
0.000000 0.000000 0.000000
2.931661 1.000000 0.000000
764.299377 0.000000
0.000000 0.000000 0.000000 0.000000
0.000000 0.975423
8 0.020000 1.080000 0.001000
0.486000 0.396000 0.726000 0.501000 1.360000 6.610000 0.785000 0.785000
272000.000000 96.599998 0.003000
1.073000 0.050000 0.116600
0.124089 0.070627 0.000361 0.000000
0.000000

0.000000 0.737468 6.187309
0.423576 0.136713 8.504420 46.585587 205.949707
0.000000 0.058947 0.080552 0.000000 0.000000 0.000000
0.000000 0.000000 0.000000
2.980839 1.000000 0.000000
764.299377 0.000000
0.000000 0.000000 0.000000 0.000000
0.000000 0.969683
8 0.020000 1.100000 0.001000
0.486000 0.396000 0.726000 0.501000 1.360000 6.610000 0.785000 0.785000
272000.000000 96.599998 0.003000
1.073000 0.050000 0.116600
0.124112 0.070362 0.000359 0.000000
0.000000

0.000000 0.671299 5.709861
0.421722 0.137304 8.488927 46.496307 205.950073
0.000000 0.040729 0.069925 0.000000 0.000000 0.000000
0.000000 0.000000 0.000000
3.029636 1.000000 0.000000
764.299377 0.000000
0.000000 0.000000 0.000000 0.000000
0.000000 0.966432
8 0.020000 1.120000 0.001000
0.486000 0.396000 0.726000 0.501000 1.360000 6.610000 0.785000 0.785000
272000.000000 96.599998 0.003000
1.073000 0.050000 0.116600
0.124129 0.070282 0.000359 0.000000
0.000000

0.000000 0.611429 5.278180
0.420007 0.137911 8.475814 46.418056 205.948410
0.000000 0.025516 0.058216 0.000000 0.000000 0.000000
0.000000 0.000000 0.000000
3.078043 1.000000 0.000000
764.299377 0.000000
0.000000 0.000000 0.000000 0.000000
0.000000 0.961228
8 0.020000 1.140000 0.001000
0.486000 0.396000 0.726000 0.501000 1.360000 6.610000 0.785000 0.785000
272000.000000 96.599998 0.003000
1.073000 0.050000 0.116600
0.124151 0.070459 0.000360 0.000000
0.000000

0.000000 0.551232 4.856007
0.418023 0.138401 8.456151 46.308083 205.945389
0.000000 0.014662 0.048809 0.000000 0.000000 0.000000
0.000000 0.000000 0.000000
3.126051 1.000000 0.000000
764.299377 0.000000
0.000000 0.000000 0.000000 0.000000
0.000000 0.962276
8 0.020000 1.160000 0.001000
0.486000 0.396000 0.726000 0.501000 1.360000 6.610000 0.785000 0.785000
272000.000000 96.599998 0.003000
1.073000 0.050000 0.116600
0.124170 0.070442 0.000360 0.000000
0.000000

0.000000 0.502365 4.505136
0.416599 0.139047 8.447481 46.254662 205.944931
0.000000 0.008400 0.044533 0.000000 0.000000 0.000000
0.000000 0.000000 0.000000
3.173648 1.000000 0.000000
764.299377 0.000000
0.000000 0.000000 0.000000 0.000000
0.000000 0.951576
8 0.020000 1.180000 0.001000
0.486000 0.396000 0.726000 0.501000 1.360000 6.610000 0.785000 0.785000
272000.000000 96.599998 0.003000
1.073000 0.050000 0.116600
0.124196 0.070257 0.000359 0.000000
0.000000

0.000000 0.457861 4.187303
0.415257 0.139696 8.439449 46.207657 205.945114
0.000000 0.005414 0.044423 0.000000 0.000000 0.000000
0.000000 0.000000 0.000000
3.220827 1.000000 0.000000
764.299377 0.000000
0.000000 0.000000 0.000000 0.000000
0.000000 0.978387
8 0.020000 1.200000 0.001000
0.486000 0.396000 0.726000 0.501000 1.360000 6.610000 0.785000 0.785000
272000.000000 96.599998 0.003000
1.073000 0.050000 0.116600
0.124213 0.070155 0.000358 0.000000
0.000000

0.000000 0.417589 3.899973
0.414028 0.140358 8.433572 46.169678 205.944031
0.000000 0.004255 0.046404 0.000000 0.000000 0.000000
0.000000 0.000000 0.000000
3.267578 1.000000 0.000000
764.299377 0.000000
0.000000 0.000000 0.000000 0.000000
0.000000 0.955793
8 0.020000 1.220000 0.001000
0.486000 0.396000 0.726000 0.501000 1.360000 6.610000 0.785000 0.785000
272000.000000 96.599998 0.003000
1.073000 0.050000 0.116600
0.124236 0.070109 0.000358 0.000000
0.000000

0.000000 0.377497 3.619617
0.412605 0.140931 8.423162 46.108032 205.940567
0.000000 0.004065 0.049460 0.000000 0.000000 0.000000
0.000000 0.000000 0.000000
3.313893 1.000000 0.000000
764.299377 0.000000
0.000000 0.000000 0.000000 0.000000
0.000000 0.951134
8 0.020000 1.240000 0.001000
0.486000 0.396000 0.726000 0.501000 1.360000 6.610000 0.785000 0.785000
272000.000000 96.599998 0.003000
1.073000 0.050000 0.116600
0.124253 0.070105 0.000358 0.000000
0.000000

0.000000 0.344651 3.386474
0.411557 0.141608 8.419543 46.084885 205.940170
0.000000 0.004326 0.052489 0.000000 0.000000 0.000000
0.000000 0.000000 0.000000
3.359763 1.000000 0.000000
764.299377 0.000000
0.000000 0.000000 0.000000 0.000000
0.000000 0.952009
8 0.020000 1.260000 0.001000
0.486000 0.396000 0.726000 0.501000 1.360000 6.610000 0.785000 0.785000
272000.000000 96.599998 0.003000
1.073000 0.050000 0.116600
0.124274 0.070038 0.000358 0.000000
0.000000

0.000000 0.314782 3.175013
0.410548 0.142277 8.416854 46.062901 205.942322
0.000000 0.004764 0.055172 0.000000 0.000000 0.000000
0.000000 0.000000 0.000000
3.405181 1.000000 0.000000
764.299377 0.000000
0.000000 0.000000 0.000000 0.000000
0.000000 0.946409
8 0.020000 1.280000 0.001000
0.486000 0.396000 0.726000 0.501000 1.360000 6.610000 0.785000 0.785000
272000.000000 96.599998 0.003000
1.073000 0.050000 0.116600
0.124291 0.072007 0.000368 0.000000
0.000000

0.000000 0.287852 2.985008
0.409634 0.142959 8.415670 46.049210 205.940643
0.000000 0.005527 0.059375 0.000000 0.000000 0.000000
0.000000 0.000000 0.000000
3.450141 1.000000 0.000000
764.299377 0.000000
0.000000 0.000000 0.000000 0.000000
0.000000 0.941301
8 0.020000 1.300000 0.001000
0.486000 0.396000 0.726000 0.501000 1.360000 6.610000 0.785000 0.785000
272000.000000 96.599998 0.003000
1.073000 0.050000 0.116600
0.124312 0.070186 0.000358 0.000000
0.000000

0.000000 0.263303 2.812590
0.408756 0.143633 8.414760 46.037205 205.941635
0.000000 0.006599 0.063675 0.000000 0.000000 0.000000
0.000000 0.000000 0.000000
3.494635 1.000000 0.000000
764.299377 0.000000
0.000000 0.000000 0.000000 0.000000
0.000000 0.941747
8 0.020000 1.320000 0.001000
0.486000 0.396000 0.726000 0.501000 1.360000 6.610000 0.785000 0.785000
272000.000000 96.599998 0.003000
1.073000 0.050000 0.116600
0.124332 0.070433 0.000360 0.000000
0.000000

0.000000 0.239009 2.644727
0.407776 0.144251 8.411415 46.012005 205.939621
0.000000 0.007857 0.067535 0.000000 0.000000 0.000000
0.000000 0.000000 0.000000
3.538658 1.000000 0.000000
764.299377 0.000000
0.000000 0.000000 0.000000 0.000000
0.000000 0.946338
8 0.020000 1.340000 0.001000
0.486000 0.396000 0.726000 0.501000 1.360000 6.610000 0.785000 0.785000
272000.000000 96.599998 0.003000
1.073000 0.050000 0.116600
0.124349 0.070266 0.000359 0.000000
0.000000

0.000000 0.218986 2.504575
0.406985 0.144917 8.411460 46.005409 205.940155
0.000000 0.009135 0.070777 0.000000 0.000000 0.000000
0.000000 0.000000 0.000000
3.582205 1.000000 0.000000
764.299377 0.000000
0.000000 0.000000 0.000000 0.000000
0.000000 0.937918
8 0.020000 1.360000 0.001000
0.486000 0.396000 0.726000 0.501000 1.360000 6.610000 0.785000 0.785000
272000.000000 96.599998 0.003000
1.073000 0.050000 0.116600
0.124367 0.070142 0.000358 0.000000
0.000000

0.000000 0.200827 2.378029
0.406245 0.145583 8.412175 46.002567 205.942368
0.000000 0.010353 0.073633 0.000000 0.000000 0.000000
0.000000 0.000000 0.000000
3.625269 1.000000 0.000000
764.299377 0.000000
0.000000 0.000000 0.000000 0.000000
0.000000 0.932730
8 0.020000 1.380000 0.001000
0.486000 0.396000 0.726000 0.501000 1.360000 6.610000 0.785000 0.785000
272000.000000 96.599998 0.003000
1.073000 0.050000 0.116600
0.124385 0.070106 0.000358 0.000000
0.000000

0.000000 0.184317 2.263553
0.405539 0.146243 8.413268 46.001785 205.945709
0.000000 0.011489 0.076227 0.000000 0.000000 0.000000
0.000000 0.000000 0.000000
3.667847 1.000000 0.000000
764.299377 0.000000
0.000000 0.000000 0.000000 0.000000
0.000000 0.934838
8 0.020000 1.400000 0.001000
0.486000 0.396000 0.726000 0.501000 1.360000 6.610000 0.785000 0.785000
272000.000000 96.599998 0.003000
1.073000 0.050000 0.116600
0.124399 0.070098 0.000358 0.000000
0.000000

0.000000 0.169456 2.160554
0.404882 0.146904 8.415009 46.004662 205.947021
0.000000 0.012533 0.078558 0.000000 0.000000 0.000000
0.000000 0.000000 0.000000
3.709935 1.000000 0.000000
764.299377 0.000000
0.000000 0.000000 0.000000 0.000000
0.000000 0.929344
8 0.020000 1.420000 0.001000
0.486000 0.396000 0.726000 0.501000 1.360000 6.610000 0.785000 0.785000
272000.000000 96.599998 0.003000
1.073000 0.050000 0.116600
0.124419 0.070017 0.000358 0.000000
0.000000

0.000000 0.154698 2.059840
0.404138 0.147517 8.414680 45.996334 205.946594
0.000000 0.013518 0.080830 0.000000 0.000000 0.000000
0.000000 0.000000 0.000000
3.751528 1.000000 0.000000
764.299377 0.000000
0.000000 0.000000 0.000000 0.000000
0.000000 0.927006
8 0.020000 1.440000 0.001000
0.486000 0.396000 0.726000 0.501000 1.360000 6.610000 0.785000 0.785000
272000.000000 96.599998 0.003000
1.073000 0.050000 0.116600
0.124432 0.070111 0.000358 0.000000
0.000000

0.000000 0.142566 1.976459
0.403548 0.148169 8.417143 46.003342 205.947662
0.000000 0.014442 0.082921 0.000000 0.000000 0.000000
0.000000 0.000000 0.000000
3.792624 1.000000 0.000000
764.299377 0.000000
0.000000 0.000000 0.000000 0.000000
0.000000 0.939479
8 0.020000 1.460000 0.001000
0.486000 0.396000 0.726000 0.501000 1.360000 6.610000 0.785000 0.785000
272000.000000 96.599998 0.003000
1.073000 0.050000 0.116600
0.124450 0.070117 0.000358 0.000000
0.000000

0.000000 0.131573 1.901266
0.402990 0.148818 8.419997 46.012543 205.948624
0.000000 0.015317 0.084931 0.000000 0.000000 0.000000
0.000000 0.000000 0.000000
3.833220 1.000000 0.000000
764.299377 0.000000
0.000000 0.000000 0.000000 0.000000
0.000000 0.927772
8 0.020000 1.480000 0.001000
0.486000 0.396000 0.726000 0.501000 1.360000 6.610000 0.785000 0.785000
272000.000000 96.599998 0.003000
1.073000 0.050000 0.116600
0.124464 0.070584 0.000360 0.000000
0.000000

0.000000 0.121628 1.833234
0.402439 0.149454 8.422681 46.020935 205.950470
0.000000 0.016480 0.088180 0.000000 0.000000 0.000000
0.000000 0.000000 0.000000
3.873313 1.000000 0.000000
764.299377 0.000000
0.000000 0.000000 0.000000 0.000000
0.000000 0.926278
8 0.020000 1.500000 0.001000
0.486000 0.396000 0.726000 0.501000 1.360000 6.610000 0.785000 0.785000
272000.000000 96.599998 0.003000
1.073000 0.050000 0.116600
0.124482 0.070168 0.000358 0.000000
0.000000

0.000000 0.045763 1.346619
0.401079 0.149791 8.411653 45.954468 205.950943
0.000000 0.019143 0.095855 0.000000 0.000000 0.000000
0.000000 0.000000 0.000000
3.912902 1.000000 0.000000
764.299377 0.000000
0.000000 0.000000 0.000000 0.000000
0.000000 0.923587
8 0.020000 1.520000 0.001000
0.486000 0.396000 0.726000 0.501000 1.360000 6.610000 0.785000 0.785000
272000.000000 96.599998 0.003000
1.073000 0.050000 0.116600
0.124497 0.070039 0.000358 0.000000
0.000000

0.000000 0.043810 1.331382
0.400647 0.150439 8.415971 45.971718 205.953690
0.000000 0.021962 0.099604 0.000000 0.000000 0.000000
0.000000 0.000000 0.000000
3.951984 1.000000 0.000000
764.299377 0.000000
0.000000 0.000000 0.000000 0.000000
0.000000 0.923107
8 0.020000 1.540000 0.001000
0.486000 0.396000 0.726000 0.501000 1.360000 6.610000 0.785000 0.785000
272000.000000 96.599998 0.003000
1.073000 0.050000 0.116600
0.124512 0.070078 0.000358 0.000000
0.000000

0.000000 0.041464 1.314221
0.400193 0.151065 8.419572 45.985401 205.954727
0.000000 0.024532 0.102969 0.000000 0.000000 0.000000
0.000000 0.000000 0.000000
3.990559 1.000000 0.000000
764.299377 0.000000
0.000000 0.000000 0.000000 0.000000
0.000000 0.920219
8 0.020000 1.560000 0.001000
0.486000 0.396000 0.726000 0.501000 1.360000 6.610000 0.785000 0.785000
272000.000000 96.599998 0.003000
1.073000 0.050000 0.116600
0.124526 0.070012 0.000358 0.000000
0.000000

0.000000 0.039932 1.302366
0.399776 0.151691 8.423725 46.002026 205.957001
0.000000 0.026753 0.105965 0.000000 0.000000 0.000000
0.000000 0.000000 0.000000
4.028626 1.000000 0.000000
764.299377 0.000000
0.000000 0.000000 0.000000 0.000000
0.000000 0.915249
8 0.020000 1.580000 0.001000
0.486000 0.396000 0.726000 0.501000 1.360000 6.610000 0.785000 0.785000
272000.000000 96.599998 0.003000
1.073000 0.050000 0.116600
0.124542 0.070003 0.000358 0.000000
0.000000

0.000000 0.038586 1.292421
0.399406 0.152322 8.428652 46.022873 205.957199
0.000000 0.028649 0.108551 0.000000 0.000000 0.000000
0.000000 0.000000 0.000000
4.066185 1.000000 0.000000
764.299377 0.000000
0.000000 0.000000 0.000000 0.000000
0.000000 0.913154
8 0.020000 1.600000 0.001000
0.486000 0.396000 0.726000 0.501000 1.360000 6.610000 0.785000 0.785000
272000.000000 96.599998 0.003000
1.073000 0.050000 0.116600
0.124557 0.070015 0.000358 0.000000
0.000000

0.000000 0.037384 1.283461
0.399027 0.152937 8.433172 46.041714 205.959198
0.000000 0.030245 0.110812 0.000000 0.000000 0.000000
0.000000 0.000000 0.000000
4.103233 1.000000 0.000000
764.299377 0.000000
0.000000 0.000000 0.000000 0.000000
0.000000 0.911772
8 0.020000 1.620000 0.001000
0.486000 0.396000 0.726000 0.501000 1.360000 6.610000 0.785000 0.785000
272000.000000 96.599998 0.003000
1.073000 0.050000 0.116600
0.124571 0.070565 0.000360 0.000000
0.000000

0.000000 0.036308 1.275765
0.398673 0.153549 8.437985 46.062195 205.961105
0.000000 0.031550 0.112740 0.000000 0.000000 0.000000
0.000000 0.000000 0.000000
4.139774 1.000000 0.000000
764.299377 0.000000
0.000000 0.000000 0.000000 0.000000
0.000000 0.909203
8 0.020000 1.640000 0.001000
0.486000 0.396000 0.726000 0.501000 1.360000 6.610000 0.785000 0.785000
272000.000000 96.599998 0.003000
1.073000 0.050000 0.116600
0.124586 0.070014 0.000358 0.000000
0.000000

0.000000 0.035359 1.269097
0.398326 0.154151 8.442785 46.082527 205.962906
0.000000 0.032612 0.114510 0.000000 0.000000 0.000000
0.000000 0.000000 0.000000
4.175805 1.000000 0.000000
764.299377 0.000000
0.000000 0.000000 0.000000 0.000000
0.000000 0.907014
8 0.020000 1.660000 0.001000
0.486000 0.396000 0.726000 0.501000 1.360000 6.610000 0.785000 0.785000
272000.000000 96.599998 0.003000
1.073000 0.050000 0.116600
0.124601 0.070014 0.000358 0.000000
0.000000

0.000000 0.034166 1.260965
0.397952 0.154731 8.446825 46.098846 205.965698
0.000000 0.033488 0.116153 0.000000 0.000000 0.000000
0.000000 0.000000 0.000000
4.211329 1.000000 0.000000
764.299377 0.000000
0.000000 0.000000 0.000000 0.000000
0.000000 0.923394
8 0.020000 1.680000 0.001000
0.486000 0.396000 0.726000 0.501000 1.360000 6.610000 0.785000 0.785000
272000.000000 96.599998 0.003000
1.073000 0.050000 0.116600
0.124617 0.070009 0.000358 0.000000
0.000000

0.000000 0.033415 1.257065
0.397686 0.155341 8.452944 46.126476 205.966827
0.000000 0.034213 0.117750 0.000000 0.000000 0.000000
0.000000 0.000000 0.000000
4.246346 1.000000 0.000000
764.299377 0.000000
0.000000 0.000000 0.000000 0.000000
0.000000 0.909783
8 0.020000 1.700000 0.001000
0.486000 0.396000 0.726000 0.501000 1.360000 6.610000 0.785000 0.785000
272000.000000 96.599998 0.003000
1.073000 0.050000 0.116600
0.124637 0.069995 0.000357 0.000000
0.000000

0.000000 0.032784 1.253233
0.397382 0.155925 8.458074 46.148861 205.967361
0.000000 0.034792 0.119193 0.000000 0.000000 0.000000
0.000000 0.000000 0.000000
4.280856 1.000000 0.000000
764.299377 0.000000
0.000000 0.000000 0.000000 0.000000
0.000000 0.909535
8 0.020000 1.720000 0.001000
0.486000 0.396000 0.726000 0.501000 1.360000 6.610000 0.785000 0.785000
272000.000000 96.599998 0.003000
1.073000 0.050000 0.116600
0.124652 0.069966 0.000357 0.000000
0.000000

0.000000 0.032212 1.249887
0.397074 0.156496 8.462930 46.169689 205.968735
0.000000 0.035263 0.120598 0.000000 0.000000 0.000000
0.000000 0.000000 0.000000
4.314861 1.000000 0.000000
764.299377 0.000000
0.000000 0.000000 0.000000 0.000000
0.000000 0.906421
8 0.020000 1.740000 0.001000
0.486000 0.396000 0.726000 0.501000 1.360000 6.610000 0.785000 0.785000
272000.000000 96.599998 0.003000
1.073000 0.050000 0.116600
0.124667 0.069986 0.000357 0.000000
0.000000

0.000000 0.031724 1.247371
0.396791 0.157066 8.468129 46.192570 205.969940
0.000000 0.035604 0.121863 0.000000 0.000000 0.000000
0.000000 0.000000 0.000000
4.348363 1.000000 0.000000
764.299377 0.000000
0.000000 0.000000 0.000000 0.000000
0.000000 0.905007
8 0.020000 1.760000 0.001000
0.486000 0.396000 0.726000 0.501000 1.360000 6.610000 0.785000 0.785000
272000.000000 96.599998 0.003000
1.073000 0.050000 0.116600
0.124684 0.069930 0.000357 0.000000
0.000000

0.000000 0.031284 1.245277
0.396504 0.157623 8.473072 46.214096 205.971909
0.000000 0.035748 0.122821 0.000000 0.000000 0.000000
0.000000 0.000000 0.000000
4.381363 1.000000 0.000000
764.299377 0.000000
0.000000 0.000000 0.000000 0.000000
0.000000 0.900554
8 0.020000 1.780000 0.001000
0.486000 0.396000 0.726000 0.501000 1.360000 6.610000 0.785000 0.785000
272000.000000 96.599998 0.003000
1.073000 0.050000 0.116600
0.124702 0.069941 0.000357 0.000000
0.000000

0.000000 0.030894 1.243500
0.396217 0.158170 8.477853 46.234627 205.974869
0.000000 0.035659 0.123485 0.000000 0.000000 0.000000
0.000000 0.000000 0.000000
4.413864 1.000000 0.000000
764.299377 0.000000
0.000000 0.000000 0.000000 0.000000
0.000000 0.906643
8 0.020000 1.800000 0.001000
0.486000 0.396000 0.726000 0.501000 1.360000 6.610000 0.785000 0.785000
272000.000000 96.599998 0.003000
1.073000 0.050000 0.116600
0.124715 0.069913 0.000357 0.000000
0.000000

0.000000 0.025662 1.200856
0.395884 0.158690 8.481792 46.250809 205.976364
0.000000 0.035411 0.124192 0.000000 0.000000 0.000000
0.000000 0.000000 0.000000
4.445868 1.000000 0.000000
764.299377 0.000000
0.000000 0.000000 0.000000 0.000000
0.000000 0.901632
8 0.020000 1.820000 0.001000
0.486000 0.396000 0.726000 0.501000 1.360000 6.610000 0.785000 0.785000
272000.000000 96.599998 0.003000
1.073000 0.050000 0.116600
0.124727 0.069927 0.000357 0.000000
0.000000

0.000000 0.025864 1.203945
0.395623 0.159226 8.486756 46.272594 205.977585
0.000000 0.034903 0.124329 0.000000 0.000000 0.000000
0.000000 0.000000 0.000000
4.477376 1.000000 0.000000
764.299377 0.000000
0.000000 0.000000 0.000000 0.000000
0.000000 0.899447
8 0.020000 1.840000 0.001000
0.486000 0.396000 0.726000 0.501000 1.360000 6.610000 0.785000 0.785000
272000.000000 96.599998 0.003000
1.073000 0.050000 0.116600
0.124745 0.069867 0.000357 0.000000
0.000000

0.000000 0.026060 1.207066
0.395371 0.159756 8.491745 46.294430 205.978271
0.000000 0.034189 0.124378 0.000000 0.000000 0.000000
0.000000 0.000000 0.000000
4.508394 1.000000 0.000000
764.299377 0.000000
0.000000 0.000000 0.000000 0.000000
0.000000 0.898313
8 0.020000 1.860000 0.001000
0.486000 0.396000 0.726000 0.501000 1.360000 6.610000 0.785000 0.785000
272000.000000 96.599998 0.003000
1.073000 0.050000 0.116600
0.124757 0.069847 0.000357 0.000000
0.000000

0.000000 0.026264 1.210166
0.395122 0.160277 8.496645 46.316013 205.978439
0.000000 0.033386 0.124502 0.000000 0.000000 0.000000
0.000000 0.000000 0.000000
4.538921 1.000000 0.000000
764.299377 0.000000
0.000000 0.000000 0.000000 0.000000
0.000000 0.896675
8 0.020000 1.880000 0.001000
0.486000 0.396000 0.726000 0.501000 1.360000 6.610000 0.785000 0.785000
272000.000000 96.599998 0.003000
1.073000 0.050000 0.116600
0.124775 0.069853 0.000357 0.000000
0.000000

0.000000 0.026447 1.212976
0.394862 0.160784 8.501177 46.335335 205.979355
0.000000 0.032603 0.124757 0.000000 0.000000 0.000000
0.000000 0.000000 0.000000
4.568961 1.000000 0.000000
764.299377 0.000000
0.000000 0.000000 0.000000 0.000000
0.000000 0.895589
8 0.020000 1.900000 0.001000
0.486000 0.396000 0.726000 0.501000 1.360000 6.610000 0.785000 0.785000
272000.000000 96.599998 0.003000
1.073000 0.050000 0.116600
0.124787 0.069858 0.000357 0.000000
0.000000

0.000000 0.026647 1.216037
0.394626 0.161291 8.506051 46.356781 205.979889
0.000000 0.031934 0.125278 0.000000 0.000000 0.000000
0.000000 0.000000 0.000000
4.598517 1.000000 0.000000
764.299377 0.000000
0.000000 0.000000 0.000000 0.000000
0.000000 0.893948
8 0.020000 1.920000 0.001000
0.486000 0.396000 0.726000 0.501000 1.360000 6.610000 0.785000 0.785000
272000.000000 96.599998 0.003000
1.073000 0.050000 0.116600
0.124800 0.069841 0.000357 0.000000
0.000000

0.000000 0.026840 1.219347
0.394413 0.161798 8.511250 46.380043 205.980789
0.000000 0.031400 0.125945 0.000000 0.000000 0.000000
0.000000 0.000000 0.000000
4.627592 1.000000 0.000000
764.299377 0.000000
0.000000 0.000000 0.000000 0.000000
0.000000 0.892561
8 0.020000 1.940000 0.001000
0.486000 0.396000 0.726000 0.501000 1.360000 6.610000 0.785000 0.785000
272000.000000 96.599998 0.003000
1.073000 0.050000 0.116600
0.124818 0.069802 0.000356 0.000000
0.000000

0.000000 0.027043 1.223294
0.394245 0.162314 8.517294 46.407902 205.981384
0.000000 0.031001 0.126790 0.000000 0.000000 0.000000
0.000000 0.000000 0.000000
4.656189 1.000000 0.000000
764.299377 0.000000
0.000000 0.000000 0.000000 0.000000
0.000000 0.891221
8 0.020000 1.960000 0.001000
0.486000 0.396000 0.726000 0.501000 1.360000 6.610000 0.785000 0.785000
272000.000000 96.599998 0.003000
1.073000 0.050000 0.116600
0.124834 0.069788 0.000356 0.000000
0.000000

0.000000 0.027242 1.231938
0.394388 0.162949 8.529898 46.471554 205.979218
0.000000 0.030722 0.127808 0.000000 0.000000 0.000000
0.000000 0.000000 0.000000
4.684312 1.000000 0.000000
764.299377 0.000000
0.000000 0.000000 0.000000 0.000000
0.000000 0.890181
8 0.020000 1.980000 0.001000
0.486000 0.396000 0.726000 0.501000 1.360000 6.610000 0.785000 0.785000
272000.000000 96.599998 0.003000
1.073000 0.050000 0.116600
0.124878 0.069729 0.000356 0.000000
0.000000

0.000000 0.027446 1.245209
0.394835 0.163703 8.548941 46.570332 205.975647
0.000000 0.118015 0.172323 0.000000 0.000000 0.000000
0.000000 0.000000 0.000000
4.711963 1.000000 0.000000
764.299377 0.000000
0.000000 0.000000 0.000000 0.000000
0.000000 0.889565
8 0.020000 2.000000 0.001000
0.486000 0.396000 0.726000 0.501000 1.360000 6.610000 0.785000 0.785000
272000.000000 96.599998 0.003000
1.073000 0.050000 0.116600
0.124944 0.069763 0.000356 0.000000
0.000000
1.000000
2.000000
0.000000 0.000000
0.000000
0
-0.680000
0 0
0.000000
1
0.000000
1.000000
1.000000
1.000000
0.000000 0.000000 0.000000
0.000000 0.000000
0.000000 0.000000 0.000000 0.000000 0.000000 0.000000 0.000000
0.000000 0.000000 0.000000 0.000000 0.000000 0.000000 0.000000
226
2.000000
1
C:\DNDC\sites\Ottawa\CEFSoilc.spf
-1.000000 -1.000000
0.000000
34
34
10.000000
105
0.000000
0.000000
256
0.000000
486085.500000
1
