7
Clay_loam
0.314000 0.490000 0.006410 0.726000 0.398000 1.000000 0.000000 0.000000
1.350000 6.610000 1 0.031000 0.500000 0.050000 0.010000 0.240000 0.750000
0.000000 0.020000 2.000000 270000.000000 96.599998 100
0.233300 1.944000 3.025300 0.000000 1
10.000000 10.000000 10.000000 5.000000 25.000000 100.000000
0.000000 0.000000 0.024050 0.000000 0.000000 0.000000
500.000000 0.000000 0.000000

28.630457 636.770142 5471.152344
46.424305 11.847223 1185.842651 5942.687500 6519.344238
0.000000 29.034967 2.655158 1.010348 0.000000 0.000000
0.000209 0.002721 0.000064
-2.731535 0.099770 41.366787
764.299377 0.000000
15.763103 0.000000 0.000000 0.000000
0.000000 28.922459
7 0.020000 0.020000 0.031000
0.490000 0.314000 0.726000 0.398000 1.350000 6.610000 0.726000 0.726000
270000.000000 96.599998 0.006410
1.073000 0.050000 0.116600
168.545883 4.665004 0.002500 0.000000
0.000000

0.988008 49.517155 338.896515
12.675528 3.070816 276.889343 1648.254883 6326.482910
0.000000 4.302969 1.072759 0.505174 0.000000 0.000000
0.000111 0.002442 0.000063
-2.491278 0.104452 44.006916
764.299377 0.000000
3.845644 0.000000 0.000000 0.000000
0.000000 12.347764
7 0.020000 0.040000 0.031000
0.490000 0.314000 0.726000 0.398000 1.350000 6.610000 0.726000 0.726000
270000.000000 96.599998 0.006410
1.073000 0.050000 0.116600
3.827975 1.916389 0.001052 0.000000
0.000000

0.000003 29.353720 41.793293
11.853638 2.744789 254.806625 1509.164185 6322.335938
0.000000 4.058089 0.994234 0.252587 0.000000 0.000000
0.000081 0.001302 0.000042
-2.318388 0.108262 44.805035
764.299377 0.000000
3.288463 0.000000 0.000000 0.000000
0.000000 10.945839
7 0.020000 0.060000 0.031000
0.490000 0.314000 0.726000 0.398000 1.350000 6.610000 0.726000 0.726000
270000.000000 96.599998 0.006410
1.073000 0.050000 0.116600
3.829591 1.952475 0.001111 0.000000
0.000000

0.000000 25.882847 37.051464
12.094642 2.669547 254.893448 1503.471191 6321.577148
0.000000 1.174961 0.837673 0.126294 0.000000 0.000000
0.000055 0.000764 0.000027
-2.152488 0.112334 44.421387
764.299377 0.000000
3.058480 0.000000 0.000000 0.000000
0.000000 10.947163
7 0.020000 0.080000 0.031000
0.490000 0.314000 0.726000 0.398000 1.350000 6.610000 0.726000 0.726000
270000.000000 96.599998 0.006410
1.073000 0.050000 0.116600
3.832699 1.855656 0.001095 0.000000
0.000000

0.000000 24.085365 34.284695
10.106609 2.120405 208.123825 1223.850952 5098.180176
0.000000 0.000986 0.275225 0.063147 0.000000 0.000000
0.000002 0.000122 0.000024
-1.992304 0.116734 43.636707
764.299377 0.000000
2.320731 0.000000 0.000000 0.000000
0.000000 9.992170
7 0.020000 0.100000 0.025000
0.490000 0.314000 0.726000 0.398000 1.350000 6.610000 0.726000 0.726000
270000.000000 96.599998 0.006410
1.073000 0.050000 0.116600
3.093469 1.453800 0.000889 0.000000
0.000000

0.000000 20.883846 108.891029
10.290897 2.051723 205.523117 1220.660767 5098.427734
0.000000 0.000893 0.257337 0.031573 0.000000 0.000000
0.000001 0.000069 0.000001
-1.848526 0.121227 59.257835
764.299377 0.000000
2.152504 0.000000 0.000000 0.000000
0.000000 3.495152
7 0.020000 0.120000 0.025000
0.490000 0.314000 0.726000 0.398000 1.350000 6.610000 0.726000 0.726000
270000.000000 96.599998 0.006410
1.073000 0.050000 0.116600
3.090459 1.253738 0.000795 0.000000
0.000000

0.000000 13.904639 88.892181
10.399640 1.972305 204.178970 1210.212280 5097.497559
0.000000 0.000861 0.244791 0.015787 0.000000 0.000000
0.000001 0.000007 0.000000
-1.716307 0.125783 58.817276
764.299377 0.000000
1.982700 0.000000 0.000000 0.000000
0.000000 4.668688
7 0.020000 0.140000 0.025000
0.490000 0.314000 0.726000 0.398000 1.350000 6.610000 0.726000 0.726000
270000.000000 96.599998 0.006410
1.073000 0.050000 0.116600
3.094380 1.185038 0.000779 0.000000
0.000000

0.000000 42.827118 84.635941
10.540217 1.904235 203.175766 1202.353516 5096.413086
0.000000 0.000855 0.231589 0.007893 0.000000 0.000000
0.000000 0.000004 0.000000
-1.589483 0.130671 58.340561
764.299377 0.000000
1.825793 0.000000 0.000000 0.000000
0.000000 3.764686
7 0.020000 0.160000 0.025000
0.490000 0.314000 0.726000 0.398000 1.350000 6.610000 0.726000 0.726000
270000.000000 96.599998 0.006410
1.073000 0.050000 0.116600
3.098619 1.068992 0.000730 0.000000
0.000000

0.000000 39.923626 74.670738
8.666762 1.488997 164.405426 969.169861 4076.580078
0.000000 0.000346 0.173898 0.003947 0.000000 0.000000
0.000000 0.000004 0.000000
-1.467723 0.135943 57.824936
764.299377 0.000000
1.358026 0.000000 0.000000 0.000000
0.000000 1.937048
7 0.020000 0.180000 0.020000
0.490000 0.314000 0.726000 0.398000 1.350000 6.610000 0.726000 0.726000
270000.000000 96.599998 0.006410
1.073000 0.050000 0.116600
2.482323 0.846355 0.000600 0.000000
0.000000

0.000000 37.192730 71.078217
8.948005 1.550437 165.277313 970.003906 4076.000488
0.000000 0.000184 0.141319 0.001973 0.000000 0.000000
0.000000 0.000003 0.000000
-1.350742 0.141658 57.265247
764.299377 0.000000
1.029184 0.000000 0.000000 0.000000
0.000000 4.624557
7 0.020000 0.200000 0.020000
0.490000 0.314000 0.726000 0.398000 1.350000 6.610000 0.726000 0.726000
270000.000000 96.599998 0.006410
1.073000 0.050000 0.116600
2.485480 1.953221 0.001454 0.000000
0.000000

0.000000 34.612587 67.887154
9.118903 1.488700 166.150848 971.545776 4075.389160
0.000000 0.000169 0.132861 0.000987 0.000000 0.000000
0.000000 0.000003 0.000000
-1.238221 0.147893 56.654526
764.299377 0.000000
0.949875 0.000000 0.000000 0.000000
0.000000 6.353764
7 0.020000 0.220000 0.020000
0.490000 0.314000 0.726000 0.398000 1.350000 6.610000 0.726000 0.726000
270000.000000 96.599998 0.006410
1.073000 0.050000 0.116600
2.488811 2.509596 0.001957 0.000000
0.000000

0.000000 32.328278 65.181999
9.291997 1.425305 167.404297 973.660522 4074.660889
0.000000 0.000153 0.126062 0.000493 0.000000 0.000000
0.000000 0.000002 0.000000
-1.129863 0.154743 55.983185
764.299377 0.000000
0.871377 0.000000 0.000000 0.000000
0.000000 5.676232
7 0.020000 0.240000 0.020000
0.490000 0.314000 0.726000 0.398000 1.350000 6.610000 0.726000 0.726000
270000.000000 96.599998 0.006410
1.073000 0.050000 0.116600
2.492498 1.534184 0.001244 0.000000
0.000000

0.000000 29.586025 61.975697
9.647055 1.586113 167.788223 972.960388 4074.532227
0.000000 0.000051 0.080881 0.000247 0.000000 0.000000
0.000000 0.000002 0.000000
-1.025374 0.162333 55.239342
764.299377 0.000000
0.356482 0.000000 0.000000 0.000000
0.000000 4.330715
7 0.020000 0.260000 0.020000
0.490000 0.314000 0.726000 0.398000 1.350000 6.610000 0.726000 0.726000
270000.000000 96.599998 0.006410
1.073000 0.050000 0.116600
2.493703 1.363049 0.001158 0.000000
0.000000

0.000000 30.035208 59.953133
8.930116 1.383136 155.830612 890.014709 3664.227051
0.000000 0.000011 0.057608 0.000123 0.000000 0.000000
0.000000 0.000002 0.000000
-0.931381 0.170361 71.907593
764.299377 0.000000
0.296423 0.000000 0.000000 0.000000
0.000000 14.950342
7 0.020000 0.280000 0.018000
0.490000 0.314000 0.726000 0.398000 1.350000 6.610000 0.726000 0.726000
270000.000000 96.599998 0.000070
1.073000 0.050000 0.116600
2.255915 1.688286 0.001508 0.000000
0.000000

0.000000 28.157665 58.040424
9.040661 1.332209 156.979507 892.774902 3663.372803
0.000000 0.000011 0.053744 0.000062 0.000000 0.000000
0.000000 0.000000 0.000000
-0.845802 0.178691 77.329361
764.299377 0.000000
0.270031 0.000000 0.000000 0.000000
0.000000 10.003298
7 0.020000 0.300000 0.018000
0.490000 0.314000 0.726000 0.398000 1.350000 6.610000 0.726000 0.726000
270000.000000 96.599998 0.000070
1.073000 0.050000 0.116600
2.259357 1.275735 0.001192 0.000000
0.000000

0.000000 25.198935 54.987968
9.082463 1.288942 156.165375 891.340698 3663.538330
0.000000 0.000010 0.050304 0.000031 0.000000 0.000000
0.000000 0.000000 0.000000
-0.765018 0.187737 78.450043
764.299377 0.000000
0.243601 0.000000 0.000000 0.000000
0.000000 7.417590
7 0.020000 0.320000 0.018000
0.490000 0.314000 0.726000 0.398000 1.350000 6.610000 0.726000 0.726000
270000.000000 96.599998 0.000070
1.073000 0.050000 0.116600
2.258924 1.229567 0.001207 0.000000
0.000000

0.000000 23.669441 50.000290
8.209672 1.214693 139.722488 789.241943 3199.932129
0.000000 0.000002 0.020638 0.000015 0.000000 0.000000
0.000000 0.000003 0.000000
-0.687356 0.197838 76.870636
764.299377 0.000000
0.000000 0.000000 0.000000 0.000000
0.000000 6.247998
8 0.020000 0.340000 0.015500
0.483000 0.377000 0.726000 0.484000 1.370000 6.610000 0.770000 0.770000
274000.000000 96.599998 0.000070
1.073000 0.050000 0.116600
1.981371 1.076748 0.001080 0.000000
0.000000

0.000000 21.393311 47.574669
8.223694 1.174249 139.511032 787.897644 3200.026611
0.000000 0.000002 0.020427 0.000008 0.000000 0.000000
0.000000 0.000003 0.000000
-0.612097 0.209305 75.890656
764.299377 0.000000
0.000000 0.000000 0.000000 0.000000
0.000000 5.825465
8 0.020000 0.360000 0.015500
0.483000 0.377000 0.726000 0.484000 1.370000 6.610000 0.770000 0.770000
274000.000000 96.599998 0.000070
1.073000 0.050000 0.116600
1.981151 1.060452 0.001126 0.000000
0.000000

0.000000 19.320646 45.372509
8.229404 1.171726 139.239578 786.673096 3200.166016
0.000000 0.000004 0.024472 0.000004 0.000000 0.000000
0.000000 0.000002 0.000000
-0.539416 0.222436 74.651855
764.299377 0.000000
0.000000 0.000000 0.000000 0.000000
0.000000 5.719558
8 0.020000 0.380000 0.015500
0.483000 0.377000 0.726000 0.484000 1.370000 6.610000 0.770000 0.770000
274000.000000 96.599998 0.000070
1.073000 0.050000 0.116600
1.980910 1.058109 0.001194 0.000000
0.000000

0.000000 17.484423 43.397186
8.209227 1.164116 139.073166 785.557678 3200.240967
0.000000 0.000004 0.023097 0.000002 0.000000 0.000000
0.000000 0.000002 0.000000
-0.468925 0.237727 73.172150
764.299377 0.000000
0.000000 0.000000 0.000000 0.000000
0.000000 5.641672
8 0.020000 0.400000 0.015500
0.483000 0.377000 0.726000 0.484000 1.370000 6.610000 0.770000 0.770000
274000.000000 96.599998 0.000070
1.073000 0.050000 0.116600
1.980729 1.057637 0.001275 0.000000
0.000000

0.000000 15.799987 41.626457
8.178444 1.187373 138.812363 784.756165 3200.330078
0.000000 0.000004 0.024752 0.000001 0.000000 0.000000
0.000000 0.000002 0.000000
-0.400117 0.255899 71.376511
764.299377 0.000000
0.000000 0.000000 0.000000 0.000000
0.000000 5.636830
8 0.020000 0.420000 0.015500
0.483000 0.377000 0.726000 0.484000 1.370000 6.610000 0.770000 0.770000
274000.000000 96.599998 0.000070
1.073000 0.050000 0.116600
1.980630 1.057107 0.001372 0.000000
0.000000

0.000000 14.253900 40.001255
8.136800 1.217549 138.521530 784.023010 3200.428467
0.000000 0.000003 0.025672 0.000000 0.000000 0.000000
0.000000 0.000002 0.000000
-0.332172 0.278072 69.120880
764.299377 0.000000
0.000000 0.000000 0.000000 0.000000
0.000000 5.647386
8 0.020000 0.440000 0.015500
0.483000 0.377000 0.726000 0.484000 1.370000 6.610000 0.770000 0.770000
274000.000000 96.599998 0.000070
1.073000 0.050000 0.116600
1.980488 1.056722 0.001491 0.000000
0.000000

0.000000 12.881588 38.569073
8.100663 1.249333 138.273087 783.490479 3200.487305
0.000000 0.000003 0.027529 0.000000 0.000000 0.000000
0.000000 0.000001 0.000000
-0.263461 0.306085 66.176529
764.299377 0.000000
0.000000 0.000000 0.000000 0.000000
0.000000 5.675374
8 0.020000 0.460000 0.015500
0.483000 0.377000 0.726000 0.484000 1.370000 6.610000 0.770000 0.770000
274000.000000 96.599998 0.000070
1.073000 0.050000 0.116600
1.980454 1.056106 0.001641 0.000000
0.000000

0.000000 11.656973 37.281570
8.065162 1.277801 138.147812 782.946777 3200.521973
0.000000 0.000000 0.028278 0.000000 0.000000 0.000000
0.000000 0.000001 0.000000
-0.189676 0.343235 62.167534
764.299377 0.000000
0.000000 0.000000 0.000000 0.000000
0.000000 5.710592
8 0.020000 0.480000 0.015500
0.483000 0.377000 0.726000 0.484000 1.370000 6.610000 0.770000 0.770000
274000.000000 96.599998 0.000070
1.073000 0.050000 0.116600
1.980452 1.055657 0.001841 0.000000
0.000000

0.000000 10.569568 36.146809
8.021134 1.315858 138.094467 782.532043 3200.572266
0.000000 0.000000 0.029549 0.000000 0.000000 0.000000
0.000000 0.000000 0.000000
-0.091880 0.396151 56.398926
764.299377 0.000000
0.000000 0.000000 0.000000 0.000000
0.000000 5.733860
8 0.020000 0.500000 0.015500
0.483000 0.377000 0.726000 0.484000 1.370000 6.610000 0.770000 0.770000
274000.000000 96.599998 0.000070
1.073000 0.050000 0.116600
1.980545 1.055073 0.002128 0.000000
0.000000

0.000000 9.586768 35.133049
7.979519 1.357138 138.070343 782.215210 3200.594482
0.000000 0.000000 0.031944 0.000000 0.000000 0.000000
0.000000 0.000000 0.000000
-0.013397 0.481155 47.263630
764.299377 0.000000
0.000000 0.000000 0.000000 0.000000
0.000000 5.751565
8 0.020000 0.520000 0.015500
0.483000 0.377000 0.726000 0.484000 1.370000 6.610000 0.770000 0.770000
274000.000000 96.599998 0.000070
1.073000 0.050000 0.116600
1.980656 1.054358 0.002584 0.000000
0.000000

0.000000 7.708691 20.405149
4.054017 0.723286 69.652893 398.858948 1653.515259
0.000000 0.000000 0.025525 0.000000 0.000000 0.000000
0.000000 0.000000 0.000000
-0.035307 0.671657 9.499961
764.299377 0.000000
0.000000 0.000000 0.000000 0.000000
0.000000 5.051086
8 0.020000 0.540000 0.008000
0.483000 0.377000 0.726000 0.484000 1.370000 6.610000 0.770000 0.770000
274000.000000 96.599998 0.002410
1.073000 0.050000 0.116600
1.017316 0.595355 0.002021 0.000000
0.000000

0.000000 7.035405 19.672277
4.025308 0.750312 69.693535 398.810547 1653.481201
0.000000 0.000000 0.026011 0.000000 0.000000 0.000000
0.000000 0.000000 0.000000
-0.001216 0.770000 0.000000
764.299377 0.000000
0.000000 0.000000 0.000000 0.000000
0.000000 4.676159
8 0.020000 0.560000 0.008000
0.483000 0.377000 0.726000 0.484000 1.370000 6.610000 0.770000 0.770000
274000.000000 96.599998 0.002410
1.073000 0.050000 0.116600
1.017594 0.560836 0.002181 0.000000
0.000000

0.000000 6.422480 19.020315
3.995659 0.781238 69.756142 398.832275 1653.434204
0.000000 0.000000 0.026865 0.000000 0.000000 0.000000
0.000000 0.000000 0.000000
0.056803 0.770000 0.000000
764.299377 0.000000
0.000000 0.000000 0.000000 0.000000
0.000000 4.540250
8 0.020000 0.580000 0.008000
0.483000 0.377000 0.726000 0.484000 1.370000 6.610000 0.770000 0.770000
274000.000000 96.599998 0.002410
1.073000 0.050000 0.116600
1.017902 0.552794 0.002150 0.000000
0.000000

0.000000 5.870185 18.459230
3.966867 0.811454 69.837700 399.022003 1653.355713
0.000000 0.000000 0.027309 0.000000 0.000000 0.000000
0.000000 0.000000 0.000000
0.113601 0.770000 0.000000
764.299377 0.000000
0.000000 0.000000 0.000000 0.000000
0.000000 4.481343
8 0.020000 0.600000 0.008000
0.483000 0.377000 0.726000 0.484000 1.370000 6.610000 0.770000 0.770000
274000.000000 96.599998 0.002410
1.073000 0.050000 0.116600
1.018284 0.551915 0.002147 0.000000
0.000000

0.000000 5.372064 17.953129
3.939145 0.840805 69.928947 399.208008 1653.280151
0.000000 0.000000 0.027844 0.000000 0.000000 0.000000
0.000000 0.000000 0.000000
0.169266 0.770000 0.000000
764.299377 0.000000
0.000000 0.000000 0.000000 0.000000
0.000000 4.443872
8 0.020000 0.620000 0.008000
0.483000 0.377000 0.726000 0.484000 1.370000 6.610000 0.770000 0.770000
274000.000000 96.599998 0.002410
1.073000 0.050000 0.116600
1.018648 0.551305 0.002144 0.000000
0.000000

0.000000 4.919470 17.514004
3.913051 0.869474 70.017876 399.477020 1653.207764
0.000000 0.000000 0.028125 0.000000 0.000000 0.000000
0.000000 0.000000 0.000000
0.223876 0.770000 0.000000
764.299377 0.000000
0.000000 0.000000 0.000000 0.000000
0.000000 4.414989
8 0.020000 0.640000 0.008000
0.483000 0.377000 0.726000 0.484000 1.370000 6.610000 0.770000 0.770000
274000.000000 96.599998 0.002410
1.073000 0.050000 0.116600
1.019037 0.548738 0.002134 0.000000
0.000000

0.000000 4.513120 17.131849
3.888376 0.897480 70.128654 399.785889 1653.106934
0.000000 0.000000 0.028615 0.000000 0.000000 0.000000
0.000000 0.000000 0.000000
0.277506 0.770000 0.000000
764.299377 0.000000
0.000000 0.000000 0.000000 0.000000
0.000000 4.390158
8 0.020000 0.660000 0.008000
0.483000 0.377000 0.726000 0.484000 1.370000 6.610000 0.770000 0.770000
274000.000000 96.599998 0.002410
1.073000 0.050000 0.116600
1.019444 0.548205 0.002132 0.000000
0.000000

0.000000 4.145440 16.835974
3.867162 0.925375 70.282661 400.369507 1652.990845
0.000000 0.000000 0.028924 0.000000 0.000000 0.000000
0.000000 0.000000 0.000000
0.330221 0.770000 0.000000
764.299377 0.000000
0.000000 0.000000 0.000000 0.000000
0.000000 4.366739
8 0.020000 0.680000 0.008000
0.483000 0.377000 0.726000 0.484000 1.370000 6.610000 0.770000 0.770000
274000.000000 96.599998 0.002410
1.073000 0.050000 0.116600
1.020001 0.547459 0.002129 0.000000
0.000000

0.000000 3.810247 16.598501
3.847732 0.952856 70.456680 401.057678 1652.821289
0.000000 0.000000 0.029381 0.000000 0.000000 0.000000
0.000000 0.000000 0.000000
0.382083 0.770000 0.000000
764.299377 0.000000
0.000000 0.000000 0.000000 0.000000
0.000000 4.343128
8 0.020000 0.700000 0.008000
0.483000 0.377000 0.726000 0.484000 1.370000 6.610000 0.770000 0.770000
274000.000000 96.599998 0.002410
1.073000 0.050000 0.116600
1.020618 0.549071 0.002135 0.000000
0.000000

0.000000 3.507871 16.406883
3.829551 0.979853 70.646477 401.796600 1652.643921
0.000000 0.000000 0.029889 0.000000 0.000000 0.000000
0.000000 0.000000 0.000000
0.433149 0.770000 0.000000
764.299377 0.000000
0.000000 0.000000 0.000000 0.000000
0.000000 4.400461
8 0.020000 0.720000 0.008000
0.483000 0.377000 0.726000 0.484000 1.370000 6.610000 0.770000 0.770000
274000.000000 96.599998 0.002410
1.073000 0.050000 0.116600
1.021254 0.548793 0.002134 0.000000
0.000000

0.000000 3.307661 11.552715
2.385275 0.629350 44.451176 251.469879 1025.053467
0.000000 0.000000 0.017285 0.000000 0.000000 0.000000
0.000000 0.000000 0.000000
0.483171 0.785000 0.000000
764.299377 0.000000
0.000000 0.000000 0.000000 0.000000
0.000000 3.889161
8 0.020000 0.740000 0.005000
0.486000 0.396000 0.726000 0.501000 1.360000 6.610000 0.785000 0.785000
272000.000000 96.599998 0.003000
1.073000 0.050000 0.116600
0.634852 0.347608 0.001396 0.000000
0.000000

0.000000 3.080735 11.421512
2.367578 0.643078 44.678963 252.084915 1024.865723
0.000000 0.000000 0.014038 0.000000 0.000000 0.000000
0.000000 0.000000 0.000000
0.529771 0.968307 0.000000
764.299377 0.000000
0.000000 0.000000 0.000000 0.000000
0.000000 3.733165
8 0.020000 0.760000 0.005000
0.486000 0.396000 0.726000 0.501000 1.360000 6.610000 0.785000 0.785000
272000.000000 96.599998 0.003000
1.073000 0.050000 0.116600
0.635413 0.342348 0.001695 0.000000
0.000000

0.000000 2.862669 11.325294
2.359776 0.657591 44.887814 252.793381 1024.696411
0.000000 0.000000 0.012855 0.000000 0.000000 0.000000
0.000000 0.000000 0.000000
0.573128 1.000000 0.000000
764.299377 0.000000
0.000000 0.000000 0.000000 0.000000
0.000000 3.667543
8 0.020000 0.780000 0.005000
0.486000 0.396000 0.726000 0.501000 1.360000 6.610000 0.785000 0.785000
272000.000000 96.599998 0.003000
1.073000 0.050000 0.116600
0.636004 0.341940 0.001749 0.000000
0.000000

0.000000 2.669627 11.261686
2.354635 0.672219 45.105694 253.527618 1024.523926
0.000000 0.000000 0.012163 0.000000 0.000000 0.000000
0.000000 0.000000 0.000000
0.615479 1.000000 0.000000
764.299377 0.000000
0.000000 0.000000 0.000000 0.000000
0.000000 3.651401
8 0.020000 0.800000 0.005000
0.486000 0.396000 0.726000 0.501000 1.360000 6.610000 0.785000 0.785000
272000.000000 96.599998 0.003000
1.073000 0.050000 0.116600
0.636607 0.337035 0.001724 0.000000
0.000000

0.000000 2.518180 11.258068
2.351191 0.687011 45.420403 254.343353 1024.335815
0.000000 0.000000 0.010589 0.000000 0.000000 0.000000
0.000000 0.000000 0.000000
0.657192 1.000000 0.000000
764.299377 0.000000
0.000000 0.000000 0.000000 0.000000
0.000000 3.504454
8 0.020000 0.820000 0.005000
0.486000 0.396000 0.726000 0.501000 1.360000 6.610000 0.785000 0.785000
272000.000000 96.599998 0.003000
1.073000 0.050000 0.116600
0.637298 0.335949 0.001718 0.000000
0.000000

0.000000 2.379155 11.277383
2.348079 0.701604 45.724949 255.180557 1024.138062
0.000000 0.000000 0.009397 0.000000 0.000000 0.000000
0.000000 0.000000 0.000000
0.698294 1.000000 0.000000
764.299377 0.000000
0.000000 0.000000 0.000000 0.000000
0.000000 3.537325
8 0.020000 0.840000 0.005000
0.486000 0.396000 0.726000 0.501000 1.360000 6.610000 0.785000 0.785000
272000.000000 96.599998 0.003000
1.073000 0.050000 0.116600
0.637982 0.335180 0.001714 0.000000
0.000000

0.000000 2.224568 11.265652
2.343422 0.715444 45.956215 255.866837 1023.965515
0.000000 0.000000 0.007867 0.000000 0.000000 0.000000
0.000000 0.000000 0.000000
0.738814 1.000000 0.000000
764.299377 0.000000
0.000000 0.000000 0.000000 0.000000
0.000000 3.004314
8 0.020000 0.860000 0.005000
0.486000 0.396000 0.726000 0.501000 1.360000 6.610000 0.785000 0.785000
272000.000000 96.599998 0.003000
1.073000 0.050000 0.116600
0.638532 0.336360 0.001720 0.000000
0.000000

0.000000 2.060288 11.202351
2.336231 0.728199 46.088707 256.296936 1023.863770
0.000000 0.000000 0.007829 0.000000 0.000000 0.000000
0.000000 0.000000 0.000000
0.778776 1.000000 0.000000
764.299377 0.000000
0.000000 0.000000 0.000000 0.000000
0.000000 2.952228
8 0.020000 0.880000 0.005000
0.486000 0.396000 0.726000 0.501000 1.360000 6.610000 0.785000 0.785000
272000.000000 96.599998 0.003000
1.073000 0.050000 0.116600
0.638878 0.333767 0.001707 0.000000
0.000000

0.000000 1.906754 11.143538
2.328861 0.740574 46.204956 256.687073 1023.774231
0.000000 0.000000 0.008089 0.000000 0.000000 0.000000
0.000000 0.000000 0.000000
0.818200 1.000000 0.000000
764.299377 0.000000
0.000000 0.000000 0.000000 0.000000
0.000000 2.944201
8 0.020000 0.900000 0.005000
0.486000 0.396000 0.726000 0.501000 1.360000 6.610000 0.785000 0.785000
272000.000000 96.599998 0.003000
1.073000 0.050000 0.116600
0.639189 0.333514 0.001706 0.000000
0.000000

0.000000 1.775953 11.144367
2.323598 0.753314 46.372097 257.266876 1023.627808
0.000000 0.000000 0.008644 0.000000 0.000000 0.000000
0.000000 0.000000 0.000000
0.857106 1.000000 0.000000
764.299377 0.000000
0.000000 0.000000 0.000000 0.000000
0.000000 2.864057
8 0.020000 0.920000 0.005000
0.486000 0.396000 0.726000 0.501000 1.360000 6.610000 0.785000 0.785000
272000.000000 96.599998 0.003000
1.073000 0.050000 0.116600
0.639623 0.333910 0.001708 0.000000
0.000000

0.000000 1.655174 3.413206
0.468175 0.154508 9.373682 51.926025 204.696625
0.000000 0.000000 0.001445 0.000000 0.000000 0.000000
0.000000 0.000000 0.000000
0.895512 1.000000 0.000000
764.299377 0.000000
0.000000 0.000000 0.000000 0.000000
0.000000 1.646493
8 0.020000 0.940000 0.001000
0.486000 0.396000 0.726000 0.501000 1.360000 6.610000 0.785000 0.785000
272000.000000 96.599998 0.003000
1.073000 0.050000 0.116600
0.128016 0.071895 0.000367 0.000000
0.000000

0.000000 1.559502 3.333099
0.466931 0.156911 9.412767 52.010910 204.668961
0.000000 0.000000 0.001497 0.000000 0.000000 0.000000
0.000000 0.000000 0.000000
0.933433 1.000000 0.000000
764.299377 0.000000
0.000000 0.000000 0.000000 0.000000
0.000000 1.363382
8 0.020000 0.960000 0.001000
0.486000 0.396000 0.726000 0.501000 1.360000 6.610000 0.785000 0.785000
272000.000000 96.599998 0.003000
1.073000 0.050000 0.116600
0.128117 0.067620 0.000345 0.000000
0.000000

0.000000 1.482967 3.272161
0.465997 0.159361 9.462348 52.118408 204.635406
0.000000 0.000000 0.001469 0.000000 0.000000 0.000000
0.000000 0.000000 0.000000
0.970883 1.000000 0.000000
764.299377 0.000000
0.000000 0.000000 0.000000 0.000000
0.000000 1.225049
8 0.020000 0.980000 0.001000
0.486000 0.396000 0.726000 0.501000 1.360000 6.610000 0.785000 0.785000
272000.000000 96.599998 0.003000
1.073000 0.050000 0.116600
0.128233 0.066640 0.000340 0.000000
0.000000

0.000000 1.436360 3.254371
0.466219 0.162158 9.599656 52.282082 204.586639
0.000000 0.000000 0.001477 0.000000 0.000000 0.000000
0.000000 0.000000 0.000000
1.007877 1.000000 0.000000
764.299377 0.000000
0.000000 0.000000 0.000000 0.000000
0.000000 1.034279
8 0.020000 1.000000 0.001000
0.486000 0.396000 0.726000 0.501000 1.360000 6.610000 0.785000 0.785000
272000.000000 96.599998 0.003000
1.073000 0.050000 0.116600
0.128428 0.066257 0.000338 0.000000
0.000000

0.000000 1.349155 3.200159
0.465280 0.164512 9.674213 52.355106 204.561005
0.000000 0.000000 0.001519 0.000000 0.000000 0.000000
0.000000 0.000000 0.000000
1.044424 1.000000 0.000000
764.299377 0.000000
0.000000 0.000000 0.000000 0.000000
0.000000 0.915017
8 0.020000 1.020000 0.001000
0.486000 0.396000 0.726000 0.501000 1.360000 6.610000 0.785000 0.785000
272000.000000 96.599998 0.003000
1.073000 0.050000 0.116600
0.128527 0.066057 0.000337 0.000000
0.000000

0.000000 1.241175 3.113688
0.463136 0.166384 9.673385 52.340351 204.559814
0.000000 0.000000 0.001549 0.000000 0.000000 0.000000
0.000000 0.000000 0.000000
1.080535 1.000000 0.000000
764.299377 0.000000
0.000000 0.000000 0.000000 0.000000
0.000000 0.875850
8 0.020000 1.040000 0.001000
0.486000 0.396000 0.726000 0.501000 1.360000 6.610000 0.785000 0.785000
272000.000000 96.599998 0.003000
1.073000 0.050000 0.116600
0.128530 0.066002 0.000337 0.000000
0.000000

0.000000 0.971039 2.924376
0.460887 0.168175 9.671275 52.325863 204.557724
0.000000 0.000000 0.001781 0.000000 0.000000 0.000000
0.000000 0.000000 0.000000
1.116222 1.000000 0.000000
764.299377 0.000000
0.000000 0.000000 0.000000 0.000000
0.000000 0.847477
8 0.020000 1.060000 0.001000
0.486000 0.396000 0.726000 0.501000 1.360000 6.610000 0.785000 0.785000
272000.000000 96.599998 0.003000
1.073000 0.050000 0.116600
0.128534 0.065954 0.000337 0.000000
0.000000

0.000000 0.898513 2.864449
0.458905 0.169981 9.670916 52.316326 204.556976
0.000000 0.000038 0.028319 0.000000 0.000000 0.000000
0.000000 0.000000 0.000000
1.151491 1.000000 0.000000
764.299377 0.000000
0.000000 0.000000 0.000000 0.000000
0.000000 1.206619
8 0.020000 1.080000 0.001000
0.486000 0.396000 0.726000 0.501000 1.360000 6.610000 0.785000 0.785000
272000.000000 96.599998 0.003000
1.073000 0.050000 0.116600
0.128539 0.066190 0.000338 0.000000
0.000000

0.000000 0.833013 2.810266
0.456980 0.171748 9.671145 52.307243 204.556351
0.000000 0.000073 0.029057 0.000000 0.000000 0.000000
0.000000 0.000000 0.000000
1.186352 1.000000 0.000000
764.299377 0.000000
0.000000 0.000000 0.000000 0.000000
0.000000 0.863462
8 0.020000 1.100000 0.001000
0.486000 0.396000 0.726000 0.501000 1.360000 6.610000 0.785000 0.785000
272000.000000 96.599998 0.003000
1.073000 0.050000 0.116600
0.128545 0.065924 0.000337 0.000000
0.000000

0.000000 0.773348 2.760959
0.455100 0.173476 9.670181 52.299232 204.556656
0.000000 0.000077 0.029870 0.000000 0.000000 0.000000
0.000000 0.000000 0.000000
1.220812 1.000000 0.000000
764.299377 0.000000
0.000000 0.000000 0.000000 0.000000
0.000000 0.853081
8 0.020000 1.120000 0.001000
0.486000 0.396000 0.726000 0.501000 1.360000 6.610000 0.785000 0.785000
272000.000000 96.599998 0.003000
1.073000 0.050000 0.116600
0.128546 0.065905 0.000337 0.000000
0.000000

0.000000 0.719318 2.716560
0.453282 0.175172 9.670826 52.291939 204.556839
0.000000 0.000061 0.030429 0.000000 0.000000 0.000000
0.000000 0.000000 0.000000
1.254879 1.000000 0.000000
764.299377 0.000000
0.000000 0.000000 0.000000 0.000000
0.000000 1.003719
8 0.020000 1.140000 0.001000
0.486000 0.396000 0.726000 0.501000 1.360000 6.610000 0.785000 0.785000
272000.000000 96.599998 0.003000
1.073000 0.050000 0.116600
0.128550 0.066118 0.000338 0.000000
0.000000

0.000000 0.575483 2.610841
0.451383 0.176793 9.669380 52.281525 204.556412
0.000000 0.000340 0.058058 0.000000 0.000000 0.000000
0.000000 0.000000 0.000000
1.288559 1.000000 0.000000
764.299377 0.000000
0.000000 0.000000 0.000000 0.000000
0.000000 0.855513
8 0.020000 1.160000 0.001000
0.486000 0.396000 0.726000 0.501000 1.360000 6.610000 0.785000 0.785000
272000.000000 96.599998 0.003000
1.073000 0.050000 0.116600
0.128553 0.066093 0.000338 0.000000
0.000000

0.000000 0.540397 2.581550
0.449700 0.178433 9.670939 52.279152 204.555267
0.000000 0.000858 0.060931 0.000000 0.000000 0.000000
0.000000 0.000000 0.000000
1.321860 1.000000 0.000000
764.299377 0.000000
0.000000 0.000000 0.000000 0.000000
0.000000 0.827945
8 0.020000 1.180000 0.001000
0.486000 0.396000 0.726000 0.501000 1.360000 6.610000 0.785000 0.785000
272000.000000 96.599998 0.003000
1.073000 0.050000 0.116600
0.128558 0.065877 0.000336 0.000000
0.000000

0.000000 0.508080 2.554175
0.448028 0.180027 9.670447 52.275013 204.555527
0.000000 0.001656 0.071763 0.000000 0.000000 0.000000
0.000000 0.000000 0.000000
1.354787 1.000000 0.000000
764.299377 0.000000
0.000000 0.000000 0.000000 0.000000
0.000000 0.800063
8 0.020000 1.200000 0.001000
0.486000 0.396000 0.726000 0.501000 1.360000 6.610000 0.785000 0.785000
272000.000000 96.599998 0.003000
1.073000 0.050000 0.116600
0.128562 0.065844 0.000336 0.000000
0.000000

0.000000 0.479376 2.530374
0.446430 0.181601 9.672080 52.273582 204.554474
0.000000 0.002426 0.087393 0.000000 0.000000 0.000000
0.000000 0.000000 0.000000
1.387345 1.000000 0.000000
764.299377 0.000000
0.000000 0.000000 0.000000 0.000000
0.000000 0.795296
8 0.020000 1.220000 0.001000
0.486000 0.396000 0.726000 0.501000 1.360000 6.610000 0.785000 0.785000
272000.000000 96.599998 0.003000
1.073000 0.050000 0.116600
0.128566 0.065825 0.000336 0.000000
0.000000

0.000000 0.395207 2.465598
0.444756 0.183102 9.671223 52.266506 204.553635
0.000000 0.002837 0.101915 0.000000 0.000000 0.000000
0.000000 0.000000 0.000000
1.419541 1.000000 0.000000
764.299377 0.000000
0.000000 0.000000 0.000000 0.000000
0.000000 0.780434
8 0.020000 1.240000 0.001000
0.486000 0.396000 0.726000 0.501000 1.360000 6.610000 0.785000 0.785000
272000.000000 96.599998 0.003000
1.073000 0.050000 0.116600
0.128570 0.065810 0.000336 0.000000
0.000000

0.000000 0.376948 2.450001
0.443235 0.184611 9.672858 52.265255 204.552841
0.000000 0.002687 0.103791 0.000000 0.000000 0.000000
0.000000 0.000000 0.000000
1.451381 1.000000 0.000000
764.299377 0.000000
0.000000 0.000000 0.000000 0.000000
0.000000 0.747967
8 0.020000 1.260000 0.001000
0.486000 0.396000 0.726000 0.501000 1.360000 6.610000 0.785000 0.785000
272000.000000 96.599998 0.003000
1.073000 0.050000 0.116600
0.128574 0.065766 0.000336 0.000000
0.000000

0.000000 0.360313 2.436275
0.441764 0.186094 9.673653 52.267010 204.551758
0.000000 0.002391 0.105055 0.000000 0.000000 0.000000
0.000000 0.000000 0.000000
1.482870 1.000000 0.000000
764.299377 0.000000
0.000000 0.000000 0.000000 0.000000
0.000000 1.224164
8 0.020000 1.280000 0.001000
0.486000 0.396000 0.726000 0.501000 1.360000 6.610000 0.785000 0.785000
272000.000000 96.599998 0.003000
1.073000 0.050000 0.116600
0.128578 0.067755 0.000346 0.000000
0.000000

0.000000 0.345341 2.423770
0.440321 0.187544 9.675401 52.266960 204.551376
0.000000 0.002121 0.105819 0.000000 0.000000 0.000000
0.000000 0.000000 0.000000
1.514012 1.000000 0.000000
764.299377 0.000000
0.000000 0.000000 0.000000 0.000000
0.000000 0.953914
8 0.020000 1.300000 0.001000
0.486000 0.396000 0.726000 0.501000 1.360000 6.610000 0.785000 0.785000
272000.000000 96.599998 0.003000
1.073000 0.050000 0.116600
0.128581 0.065977 0.000337 0.000000
0.000000

0.000000 0.331661 2.412692
0.438920 0.188967 9.676081 52.269566 204.551132
0.000000 0.001944 0.106608 0.000000 0.000000 0.000000
0.000000 0.000000 0.000000
1.544814 1.000000 0.000000
764.299377 0.000000
0.000000 0.000000 0.000000 0.000000
0.000000 0.973245
8 0.020000 1.320000 0.001000
0.486000 0.396000 0.726000 0.501000 1.360000 6.610000 0.785000 0.785000
272000.000000 96.599998 0.003000
1.073000 0.050000 0.116600
0.128584 0.066227 0.000338 0.000000
0.000000

0.000000 0.287211 2.377197
0.437479 0.190336 9.677188 52.265926 204.550491
0.000000 0.001896 0.109678 0.000000 0.000000 0.000000
0.000000 0.000000 0.000000
1.575279 1.000000 0.000000
764.299377 0.000000
0.000000 0.000000 0.000000 0.000000
0.000000 0.938067
8 0.020000 1.340000 0.001000
0.486000 0.396000 0.726000 0.501000 1.360000 6.610000 0.785000 0.785000
272000.000000 96.599998 0.003000
1.073000 0.050000 0.116600
0.128589 0.066009 0.000337 0.000000
0.000000

0.000000 0.278959 2.370365
0.436134 0.191698 9.677812 52.267487 204.550201
0.000000 0.001878 0.110481 0.000000 0.000000 0.000000
0.000000 0.000000 0.000000
1.605414 1.000000 0.000000
764.299377 0.000000
0.000000 0.000000 0.000000 0.000000
0.000000 0.915262
8 0.020000 1.360000 0.001000
0.486000 0.396000 0.726000 0.501000 1.360000 6.610000 0.785000 0.785000
272000.000000 96.599998 0.003000
1.073000 0.050000 0.116600
0.128592 0.065967 0.000337 0.000000
0.000000

0.000000 0.271616 2.364492
0.434829 0.193037 9.679419 52.269489 204.550003
0.000000 0.001867 0.110877 0.000000 0.000000 0.000000
0.000000 0.000000 0.000000
1.635222 1.000000 0.000000
764.299377 0.000000
0.000000 0.000000 0.000000 0.000000
0.000000 0.916404
8 0.020000 1.380000 0.001000
0.486000 0.396000 0.726000 0.501000 1.360000 6.610000 0.785000 0.785000
272000.000000 96.599998 0.003000
1.073000 0.050000 0.116600
0.128596 0.065955 0.000337 0.000000
0.000000

0.000000 0.264917 2.359257
0.433550 0.194347 9.681227 52.270905 204.550659
0.000000 0.001846 0.111051 0.000000 0.000000 0.000000
0.000000 0.000000 0.000000
1.664709 1.000000 0.000000
764.299377 0.000000
0.000000 0.000000 0.000000 0.000000
0.000000 0.908561
8 0.020000 1.400000 0.001000
0.486000 0.396000 0.726000 0.501000 1.360000 6.610000 0.785000 0.785000
272000.000000 96.599998 0.003000
1.073000 0.050000 0.116600
0.128598 0.065921 0.000337 0.000000
0.000000

0.000000 0.258856 2.354718
0.432306 0.195633 9.682022 52.274471 204.550674
0.000000 0.002003 0.111188 0.000000 0.000000 0.000000
0.000000 0.000000 0.000000
1.693879 1.000000 0.000000
764.299377 0.000000
0.000000 0.000000 0.000000 0.000000
0.000000 0.898888
8 0.020000 1.420000 0.001000
0.486000 0.396000 0.726000 0.501000 1.360000 6.610000 0.785000 0.785000
272000.000000 96.599998 0.003000
1.073000 0.050000 0.116600
0.128601 0.065890 0.000336 0.000000
0.000000

0.000000 0.235878 2.335978
0.431047 0.196876 9.683056 52.274067 204.549805
0.000000 0.002906 0.116273 0.000000 0.000000 0.000000
0.000000 0.000000 0.000000
1.722737 1.000000 0.000000
764.299377 0.000000
0.000000 0.000000 0.000000 0.000000
0.000000 0.984054
8 0.020000 1.440000 0.001000
0.486000 0.396000 0.726000 0.501000 1.360000 6.610000 0.785000 0.785000
272000.000000 96.599998 0.003000
1.073000 0.050000 0.116600
0.128606 0.065951 0.000337 0.000000
0.000000

0.000000 0.232552 2.333702
0.429859 0.198110 9.685009 52.276516 204.549744
0.000000 0.005003 0.126462 0.000000 0.000000 0.000000
0.000000 0.000000 0.000000
1.751287 1.000000 0.000000
764.299377 0.000000
0.000000 0.000000 0.000000 0.000000
0.000000 0.912541
8 0.020000 1.460000 0.001000
0.486000 0.396000 0.726000 0.501000 1.360000 6.610000 0.785000 0.785000
272000.000000 96.599998 0.003000
1.073000 0.050000 0.116600
0.128607 0.065917 0.000337 0.000000
0.000000

0.000000 0.229604 2.332015
0.428704 0.199323 9.686460 52.280602 204.549347
0.000000 0.007725 0.129666 0.000000 0.000000 0.000000
0.000000 0.000000 0.000000
1.779533 1.000000 0.000000
764.299377 0.000000
0.000000 0.000000 0.000000 0.000000
0.000000 0.993874
8 0.020000 1.480000 0.001000
0.486000 0.396000 0.726000 0.501000 1.360000 6.610000 0.785000 0.785000
272000.000000 96.599998 0.003000
1.073000 0.050000 0.116600
0.128612 0.066464 0.000339 0.000000
0.000000

0.000000 0.226787 2.329865
0.427550 0.200500 9.686904 52.282204 204.550659
0.000000 0.009979 0.133094 0.000000 0.000000 0.000000
0.000000 0.000000 0.000000
1.807480 1.000000 0.000000
764.299377 0.000000
0.000000 0.000000 0.000000 0.000000
0.000000 0.955090
8 0.020000 1.500000 0.001000
0.486000 0.396000 0.726000 0.501000 1.360000 6.610000 0.785000 0.785000
272000.000000 96.599998 0.003000
1.073000 0.050000 0.116600
0.128614 0.066038 0.000337 0.000000
0.000000

0.000000 0.224394 2.328466
0.426437 0.201660 9.688634 52.284863 204.549957
0.000000 0.010461 0.134787 0.000000 0.000000 0.000000
0.000000 0.000000 0.000000
1.835133 1.000000 0.000000
764.299377 0.000000
0.000000 0.000000 0.000000 0.000000
0.000000 0.921247
8 0.020000 1.520000 0.001000
0.486000 0.396000 0.726000 0.501000 1.360000 6.610000 0.785000 0.785000
272000.000000 96.599998 0.003000
1.073000 0.050000 0.116600
0.128615 0.065973 0.000337 0.000000
0.000000

0.000000 0.222112 2.326877
0.425334 0.202790 9.689575 52.286335 204.551086
0.000000 0.009083 0.134541 0.000000 0.000000 0.000000
0.000000 0.000000 0.000000
1.862494 1.000000 0.000000
764.299377 0.000000
0.000000 0.000000 0.000000 0.000000
0.000000 0.918757
8 0.020000 1.540000 0.001000
0.486000 0.396000 0.726000 0.501000 1.360000 6.610000 0.785000 0.785000
272000.000000 96.599998 0.003000
1.073000 0.050000 0.116600
0.128618 0.065982 0.000337 0.000000
0.000000

0.000000 0.211286 2.317498
0.424226 0.203884 9.688174 52.287209 204.551834
0.000000 0.007520 0.150076 0.000000 0.000000 0.000000
0.000000 0.000000 0.000000
1.889568 1.000000 0.000000
764.299377 0.000000
0.000000 0.000000 0.000000 0.000000
0.000000 0.906967
8 0.020000 1.560000 0.001000
0.486000 0.396000 0.726000 0.501000 1.360000 6.610000 0.785000 0.785000
272000.000000 96.599998 0.003000
1.073000 0.050000 0.116600
0.128620 0.065950 0.000337 0.000000
0.000000

0.000000 0.210237 2.317012
0.423172 0.204969 9.687963 52.290081 204.552780
0.000000 0.005717 0.151327 0.000000 0.000000 0.000000
0.000000 0.000000 0.000000
1.916360 1.000000 0.000000
764.299377 0.000000
0.000000 0.000000 0.000000 0.000000
0.000000 0.907270
8 0.020000 1.580000 0.001000
0.486000 0.396000 0.726000 0.501000 1.360000 6.610000 0.785000 0.785000
272000.000000 96.599998 0.003000
1.073000 0.050000 0.116600
0.128620 0.065963 0.000337 0.000000
0.000000

0.000000 0.209414 2.317235
0.422160 0.206041 9.689333 52.294220 204.551895
0.000000 0.005042 0.153320 0.000000 0.000000 0.000000
0.000000 0.000000 0.000000
1.942872 1.000000 0.000000
764.299377 0.000000
0.000000 0.000000 0.000000 0.000000
0.000000 0.922978
8 0.020000 1.600000 0.001000
0.486000 0.396000 0.726000 0.501000 1.360000 6.610000 0.785000 0.785000
272000.000000 96.599998 0.003000
1.073000 0.050000 0.116600
0.128624 0.065972 0.000337 0.000000
0.000000

0.000000 0.208566 2.316933
0.421150 0.207081 9.689595 52.296574 204.552933
0.000000 0.005679 0.155678 0.000000 0.000000 0.000000
0.000000 0.000000 0.000000
1.969109 1.000000 0.000000
764.299377 0.000000
0.000000 0.000000 0.000000 0.000000
0.000000 1.019284
8 0.020000 1.620000 0.001000
0.486000 0.396000 0.726000 0.501000 1.360000 6.610000 0.785000 0.785000
272000.000000 96.599998 0.003000
1.073000 0.050000 0.116600
0.128625 0.066517 0.000340 0.000000
0.000000

0.000000 0.207939 2.317359
0.420184 0.208111 9.691327 52.300743 204.552979
0.000000 0.006701 0.158410 0.000000 0.000000 0.000000
0.000000 0.000000 0.000000
1.995074 1.000000 0.000000
764.299377 0.000000
0.000000 0.000000 0.000000 0.000000
0.000000 0.931569
8 0.020000 1.640000 0.001000
0.486000 0.396000 0.726000 0.501000 1.360000 6.610000 0.785000 0.785000
272000.000000 96.599998 0.003000
1.073000 0.050000 0.116600
0.128630 0.066005 0.000337 0.000000
0.000000

0.000000 0.207308 2.317609
0.419230 0.209116 9.691871 52.304867 204.552567
0.000000 0.007017 0.159496 0.000000 0.000000 0.000000
0.000000 0.000000 0.000000
2.020771 1.000000 0.000000
764.299377 0.000000
0.000000 0.000000 0.000000 0.000000
0.000000 0.945448
8 0.020000 1.660000 0.001000
0.486000 0.396000 0.726000 0.501000 1.360000 6.610000 0.785000 0.785000
272000.000000 96.599998 0.003000
1.073000 0.050000 0.116600
0.128630 0.066033 0.000337 0.000000
0.000000

0.000000 0.202126 2.313353
0.418277 0.210091 9.693191 52.305836 204.552994
0.000000 0.006464 0.160139 0.000000 0.000000 0.000000
0.000000 0.000000 0.000000
2.046203 1.000000 0.000000
764.299377 0.000000
0.000000 0.000000 0.000000 0.000000
0.000000 0.930344
8 0.020000 1.680000 0.001000
0.486000 0.396000 0.726000 0.501000 1.360000 6.610000 0.785000 0.785000
272000.000000 96.599998 0.003000
1.073000 0.050000 0.116600
0.128634 0.066007 0.000337 0.000000
0.000000

0.000000 0.202027 2.316740
0.417454 0.211101 9.695973 52.321014 204.550522
0.000000 0.005491 0.159704 0.000000 0.000000 0.000000
0.000000 0.000000 0.000000
2.071374 1.000000 0.000000
764.299377 0.000000
0.000000 0.000000 0.000000 0.000000
0.000000 0.926329
8 0.020000 1.700000 0.001000
0.486000 0.396000 0.726000 0.501000 1.360000 6.610000 0.785000 0.785000
272000.000000 96.599998 0.003000
1.073000 0.050000 0.116600
0.128644 0.065986 0.000337 0.000000
0.000000

0.000000 0.201962 2.317873
0.416574 0.212052 9.696774 52.326786 204.550034
0.000000 0.004576 0.158460 0.000000 0.000000 0.000000
0.000000 0.000000 0.000000
2.096287 1.000000 0.000000
764.299377 0.000000
0.000000 0.000000 0.000000 0.000000
0.000000 0.930328
8 0.020000 1.720000 0.001000
0.486000 0.396000 0.726000 0.501000 1.360000 6.610000 0.785000 0.785000
272000.000000 96.599998 0.003000
1.073000 0.050000 0.116600
0.128647 0.065999 0.000337 0.000000
0.000000

0.000000 0.202013 2.319408
0.415724 0.212990 9.698816 52.332924 204.549942
0.000000 0.003905 0.156724 0.000000 0.000000 0.000000
0.000000 0.000000 0.000000
2.120945 1.000000 0.000000
764.299377 0.000000
0.000000 0.000000 0.000000 0.000000
0.000000 0.929312
8 0.020000 1.740000 0.001000
0.486000 0.396000 0.726000 0.501000 1.360000 6.610000 0.785000 0.785000
272000.000000 96.599998 0.003000
1.073000 0.050000 0.116600
0.128651 0.066002 0.000337 0.000000
0.000000

0.000000 0.202016 2.320971
0.414894 0.213911 9.700904 52.339352 204.549072
0.000000 0.003458 0.155074 0.000000 0.000000 0.000000
0.000000 0.000000 0.000000
2.145350 1.000000 0.000000
764.299377 0.000000
0.000000 0.000000 0.000000 0.000000
0.000000 0.926717
8 0.020000 1.760000 0.001000
0.486000 0.396000 0.726000 0.501000 1.360000 6.610000 0.785000 0.785000
272000.000000 96.599998 0.003000
1.073000 0.050000 0.116600
0.128656 0.065992 0.000337 0.000000
0.000000

0.000000 0.202075 2.322758
0.414090 0.214816 9.703133 52.346611 204.547989
0.000000 0.003144 0.153358 0.000000 0.000000 0.000000
0.000000 0.000000 0.000000
2.169507 1.000000 0.000000
764.299377 0.000000
0.000000 0.000000 0.000000 0.000000
0.000000 0.924744
8 0.020000 1.780000 0.001000
0.486000 0.396000 0.726000 0.501000 1.360000 6.610000 0.785000 0.785000
272000.000000 96.599998 0.003000
1.073000 0.050000 0.116600
0.128662 0.065988 0.000337 0.000000
0.000000

0.000000 0.202123 2.324463
0.413299 0.215701 9.705279 52.353394 204.548065
0.000000 0.002904 0.152110 0.000000 0.000000 0.000000
0.000000 0.000000 0.000000
2.193417 1.000000 0.000000
764.299377 0.000000
0.000000 0.000000 0.000000 0.000000
0.000000 0.920015
8 0.020000 1.800000 0.001000
0.486000 0.396000 0.726000 0.501000 1.360000 6.610000 0.785000 0.785000
272000.000000 96.599998 0.003000
1.073000 0.050000 0.116600
0.128666 0.065972 0.000337 0.000000
0.000000

0.000000 0.201231 2.325158
0.412521 0.216567 9.707296 52.359673 204.547684
0.000000 0.002993 0.165791 0.000000 0.000000 0.000000
0.000000 0.000000 0.000000
2.217084 1.000000 0.000000
764.299377 0.000000
0.000000 0.000000 0.000000 0.000000
0.000000 0.923950
8 0.020000 1.820000 0.001000
0.486000 0.396000 0.726000 0.501000 1.360000 6.610000 0.785000 0.785000
272000.000000 96.599998 0.003000
1.073000 0.050000 0.116600
0.128669 0.065984 0.000337 0.000000
0.000000

0.000000 0.201383 2.326462
0.411749 0.217409 9.709060 52.364384 204.547607
0.000000 0.003046 0.167831 0.000000 0.000000 0.000000
0.000000 0.000000 0.000000
2.240511 1.000000 0.000000
764.299377 0.000000
0.000000 0.000000 0.000000 0.000000
0.000000 0.919028
8 0.020000 1.840000 0.001000
0.486000 0.396000 0.726000 0.501000 1.360000 6.610000 0.785000 0.785000
272000.000000 96.599998 0.003000
1.073000 0.050000 0.116600
0.128674 0.065971 0.000337 0.000000
0.000000

0.000000 0.201560 2.327956
0.411001 0.218237 9.710942 52.370003 204.546585
0.000000 0.003093 0.169714 0.000000 0.000000 0.000000
0.000000 0.000000 0.000000
2.263699 1.000000 0.000000
764.299377 0.000000
0.000000 0.000000 0.000000 0.000000
0.000000 0.914039
8 0.020000 1.860000 0.001000
0.486000 0.396000 0.726000 0.501000 1.360000 6.610000 0.785000 0.785000
272000.000000 96.599998 0.003000
1.073000 0.050000 0.116600
0.128677 0.065957 0.000337 0.000000
0.000000

0.000000 0.201706 2.329226
0.410262 0.219045 9.712646 52.374535 204.546219
0.000000 0.003127 0.172021 0.000000 0.000000 0.000000
0.000000 0.000000 0.000000
2.286651 1.000000 0.000000
764.299377 0.000000
0.000000 0.000000 0.000000 0.000000
0.000000 0.920463
8 0.020000 1.880000 0.001000
0.486000 0.396000 0.726000 0.501000 1.360000 6.610000 0.785000 0.785000
272000.000000 96.599998 0.003000
1.073000 0.050000 0.116600
0.128681 0.065981 0.000337 0.000000
0.000000

0.000000 0.201857 2.330427
0.409536 0.219835 9.714276 52.378868 204.546219
0.000000 0.003127 0.172827 0.000000 0.000000 0.000000
0.000000 0.000000 0.000000
2.309370 1.000000 0.000000
764.299377 0.000000
0.000000 0.000000 0.000000 0.000000
0.000000 0.914463
8 0.020000 1.900000 0.001000
0.486000 0.396000 0.726000 0.501000 1.360000 6.610000 0.785000 0.785000
272000.000000 96.599998 0.003000
1.073000 0.050000 0.116600
0.128685 0.065962 0.000337 0.000000
0.000000

0.000000 0.202013 2.331779
0.408832 0.220613 9.716063 52.383915 204.545456
0.000000 0.003120 0.174237 0.000000 0.000000 0.000000
0.000000 0.000000 0.000000
2.331858 1.000000 0.000000
764.299377 0.000000
0.000000 0.000000 0.000000 0.000000
0.000000 0.912833
8 0.020000 1.920000 0.001000
0.486000 0.396000 0.726000 0.501000 1.360000 6.610000 0.785000 0.785000
272000.000000 96.599998 0.003000
1.073000 0.050000 0.116600
0.128687 0.065958 0.000337 0.000000
0.000000

0.000000 0.202187 2.333790
0.408164 0.221385 9.718318 52.391590 204.544647
0.000000 0.003113 0.175845 0.000000 0.000000 0.000000
0.000000 0.000000 0.000000
2.354117 1.000000 0.000000
764.299377 0.000000
0.000000 0.000000 0.000000 0.000000
0.000000 0.911161
8 0.020000 1.940000 0.001000
0.486000 0.396000 0.726000 0.501000 1.360000 6.610000 0.785000 0.785000
272000.000000 96.599998 0.003000
1.073000 0.050000 0.116600
0.128694 0.065953 0.000337 0.000000
0.000000

0.000000 0.202347 2.336859
0.407546 0.222162 9.721385 52.403748 204.543427
0.000000 0.003206 0.182842 0.000000 0.000000 0.000000
0.000000 0.000000 0.000000
2.376149 1.000000 0.000000
764.299377 0.000000
0.000000 0.000000 0.000000 0.000000
0.000000 0.909373
8 0.020000 1.960000 0.001000
0.486000 0.396000 0.726000 0.501000 1.360000 6.610000 0.785000 0.785000
272000.000000 96.599998 0.003000
1.073000 0.050000 0.116600
0.128701 0.065946 0.000337 0.000000
0.000000

0.000000 0.202508 2.349280
0.407252 0.223093 9.731813 52.455570 204.538239
0.000000 0.003302 0.186577 0.000000 0.000000 0.000000
0.000000 0.000000 0.000000
2.397956 1.000000 0.000000
764.299377 0.000000
0.000000 0.000000 0.000000 0.000000
0.000000 0.904063
8 0.020000 1.980000 0.001000
0.486000 0.396000 0.726000 0.501000 1.360000 6.610000 0.785000 0.785000
272000.000000 96.599998 0.003000
1.073000 0.050000 0.116600
0.128733 0.065906 0.000337 0.000000
0.000000

0.000000 0.202639 2.370505
0.407266 0.224172 9.749233 52.545174 204.530106
0.000000 0.014421 0.240095 0.000000 0.000000 0.000000
0.000000 0.000000 0.000000
2.419540 1.000000 0.000000
764.299377 0.000000
0.000000 0.000000 0.000000 0.000000
0.000000 0.904886
8 0.020000 2.000000 0.001000
0.486000 0.396000 0.726000 0.501000 1.360000 6.610000 0.785000 0.785000
272000.000000 96.599998 0.003000
1.073000 0.050000 0.116600
0.128790 0.065909 0.000337 0.000000
0.000000
1.000000
2.000000
0.000000 0.000000
0.000000
0
-0.760000
0 0
0.000000
1
0.000000
1.000000
1.000000
1.000000
0.000000 0.000000 0.000000
0.000000 0.000000
0.000000 0.000000 0.000000 0.000000 0.000000 0.000000 0.000000
0.000000 0.000000 0.000000 0.000000 0.000000 0.000000 0.000000
0
2.000000
1
C:\DNDC\sites\Ottawa\CEFSoilc.spf
-1.000000 -1.000000
0.000000
38
38
10.000000
108
0.000000
0.000000
255
0.000000
144817.312500
1
