7
Clay_loam
0.314000 0.490000 0.006410 0.726000 0.398000 1.000000 0.000000 0.000000
1.350000 6.610000 1 0.031000 0.500000 0.050000 0.010000 0.240000 0.750000
0.000000 0.020000 2.000000 270000.000000 96.599998 100
0.233300 1.944000 3.025300 0.000000 1
10.000000 10.000000 10.000000 5.000000 25.000000 100.000000
0.000000 0.000000 0.000000 0.000000 0.000000 0.000000
500.000000 0.000000 0.000000

0.000000 35.284512 461.176147
10.664151 1.354928 43.830162 1125.835205 5800.664062
0.000000 3.976538 0.057763 0.890645 0.000000 0.000000
0.000084 0.012742 0.001976
-0.079146 0.564989 0.000000
764.299377 0.000000
0.000000 0.000000 0.000000 0.000000
0.000000 13.181269
7 0.020000 0.020000 0.031000
0.490000 0.314000 0.726000 0.398000 1.350000 6.610000 0.726000 0.726000
270000.000000 96.599998 0.006410
1.073000 0.050000 0.116600
16.701139 9.427435 0.028063 0.000000
0.000000

0.000000 34.894909 461.240723
10.681151 1.323584 43.646347 1126.115479 5800.775879
0.000000 1.298769 0.315019 0.505174 0.000000 0.000000
0.000002 0.005190 0.002462
-0.080690 0.726000 0.000000
764.299377 0.000000
0.000000 0.000000 0.000000 0.000000
0.000000 10.397632
7 0.020000 0.040000 0.031000
0.490000 0.314000 0.726000 0.398000 1.350000 6.610000 0.726000 0.726000
270000.000000 96.599998 0.006410
1.073000 0.050000 0.116600
16.698252 9.416772 0.035944 0.000000
0.000000

0.000000 34.306606 460.567902
10.696550 1.298443 43.490543 1126.337158 5800.877441
0.000000 1.316934 0.381146 0.252587 0.000000 0.000000
0.000002 0.004676 0.001021
-0.057164 0.726000 0.000000
764.299377 0.000000
0.000000 0.000000 0.000000 0.000000
0.000000 9.537936
7 0.020000 0.060000 0.031000
0.490000 0.314000 0.726000 0.398000 1.350000 6.610000 0.726000 0.726000
270000.000000 96.599998 0.006410
1.073000 0.050000 0.116600
16.695807 9.420739 0.035997 0.000000
0.000000

0.000000 34.136814 460.445862
10.710587 1.274072 43.443588 1126.418823 5800.898926
0.000000 1.350932 0.448084 0.126294 0.000000 0.000000
0.000002 0.001121 0.000915
-0.033543 0.790858 0.000000
764.299377 0.000000
0.000000 0.000000 0.000000 0.000000
0.000000 9.177720
7 0.020000 0.080000 0.031000
0.490000 0.314000 0.726000 0.398000 1.350000 6.610000 0.726000 0.726000
270000.000000 96.599998 0.006410
1.073000 0.050000 0.116600
16.695059 9.419449 0.039184 0.000000
0.000000

0.000000 34.077839 460.415680
10.661156 1.242188 43.436550 1126.520264 5800.904297
0.000000 1.112594 0.572564 0.063147 0.000000 0.000000
0.000002 0.000911 0.000744
-0.027041 0.967058 0.000000
764.299377 0.000000
0.000000 0.000000 0.000000 0.000000
0.000000 6.668941
7 0.020000 0.100000 0.025000
0.490000 0.314000 0.726000 0.398000 1.350000 6.610000 0.726000 0.726000
270000.000000 96.599998 0.006410
1.073000 0.050000 0.116600
16.694887 9.399641 0.047780 0.000000
0.000000

0.000000 39.747917 464.970917
10.634543 1.219622 45.764915 1124.363525 5799.429199
0.000000 0.756267 0.355199 0.031573 0.000000 0.000000
0.000001 0.000001 0.000000
0.006398 1.000000 0.000000
764.299377 0.000000
0.000000 0.000000 0.000000 0.000000
0.000000 4.175251
7 0.020000 0.120000 0.025000
0.490000 0.314000 0.726000 0.398000 1.350000 6.610000 0.726000 0.726000
270000.000000 96.599998 0.006410
1.073000 0.050000 0.116600
16.730074 9.342713 0.049163 0.000000
0.000000

0.000000 13.500202 485.637115
10.510096 1.187843 40.362057 1115.425171 5800.532227
0.000000 0.620191 0.112413 0.015787 0.000000 0.000000
0.000001 0.000000 0.000000
0.047504 1.000000 0.000000
764.299377 0.000000
0.000000 0.000000 0.000000 0.000000
0.000000 3.476546
7 0.020000 0.140000 0.025000
0.490000 0.314000 0.726000 0.398000 1.350000 6.610000 0.726000 0.726000
270000.000000 96.599998 0.006410
1.073000 0.050000 0.116600
16.663101 9.188217 0.048456 0.000000
0.000000

0.000000 14.476695 490.990112
10.532500 1.175653 43.035072 1114.037231 5799.970703
0.000000 0.493789 0.051609 0.007893 0.000000 0.000000
0.000000 0.000000 0.000000
0.104810 1.000000 0.000000
764.299377 0.000000
0.000000 0.000000 0.000000 0.000000
0.000000 2.960285
7 0.020000 0.160000 0.025000
0.490000 0.314000 0.726000 0.398000 1.350000 6.610000 0.726000 0.726000
270000.000000 96.599998 0.006410
1.073000 0.050000 0.116600
16.705055 9.035633 0.047845 0.000000
0.000000

0.000000 13.352675 496.907562
10.557445 1.173302 45.957367 1113.232178 5799.416016
0.000000 0.417979 0.014154 0.003947 0.000000 0.000000
0.000000 0.000000 0.000000
0.221759 0.967058 0.000000
764.299377 0.000000
0.000000 0.000000 0.000000 0.000000
0.000000 2.840295
7 0.020000 0.180000 0.020000
0.490000 0.314000 0.726000 0.398000 1.350000 6.610000 0.726000 0.726000
270000.000000 96.599998 0.006410
1.073000 0.050000 0.116600
16.747791 8.847501 0.046142 0.000000
0.000000

0.000000 12.363379 501.385315
10.570921 1.184851 48.636852 1112.718872 5798.880371
0.000000 0.528887 0.024781 0.001973 0.000000 0.000000
0.000000 0.000000 0.000000
0.301833 1.000000 0.000000
764.299377 0.000000
0.000000 0.000000 0.000000 0.000000
0.000000 7.014134
7 0.020000 0.200000 0.020000
0.490000 0.314000 0.726000 0.398000 1.350000 6.610000 0.726000 0.726000
270000.000000 96.599998 0.006410
1.073000 0.050000 0.116600
16.784651 9.942055 0.054309 0.000000
0.000000

0.000000 63.087406 610.922852
11.466165 1.302598 179.614395 1080.473999 5760.422852
0.000000 0.348922 0.072354 0.000987 0.000000 0.000000
0.000000 0.000000 0.000000
0.343686 1.000000 0.000000
764.299377 0.000000
0.000000 0.000000 0.000000 0.000000
0.000000 10.919243
7 0.020000 0.220000 0.020000
0.490000 0.314000 0.726000 0.398000 1.350000 6.610000 0.726000 0.726000
270000.000000 96.599998 0.006410
1.073000 0.050000 0.116600
17.673815 9.046998 0.049279 0.000000
0.000000

0.000000 30.759333 336.246674
8.442495 0.971521 133.666260 795.638184 4111.699219
0.000000 0.103190 0.093579 0.000493 0.000000 0.000000
0.000000 0.000000 0.000000
0.388635 1.000000 0.000000
764.299377 0.000000
0.000000 0.000000 0.000000 0.000000
0.000000 7.418654
7 0.020000 0.240000 0.020000
0.490000 0.314000 0.726000 0.398000 1.350000 6.610000 0.726000 0.726000
270000.000000 96.599998 0.006410
1.073000 0.050000 0.116600
2.240783 5.578531 0.029858 0.000000
0.000000

0.000000 28.133762 305.540771
8.279913 0.964505 131.423508 781.725220 4110.772461
0.000000 0.018255 0.089609 0.000247 0.000000 0.000000
0.000000 0.000000 0.000000
0.436063 1.000000 0.000000
764.299377 0.000000
0.000000 0.000000 0.000000 0.000000
0.000000 5.480752
7 0.020000 0.260000 0.020000
0.490000 0.314000 0.726000 0.398000 1.350000 6.610000 0.726000 0.726000
270000.000000 96.599998 0.006410
1.073000 0.050000 0.116600
2.243760 3.107234 0.016402 0.000000
0.000000

0.000001 29.713783 307.462250
7.946034 0.936320 128.451233 748.776855 3697.048096
0.000000 0.002558 0.063052 0.000123 0.000000 0.000000
0.000000 0.000000 0.000000
0.485425 0.992857 0.000000
764.299377 0.000000
0.000000 0.000000 0.000000 0.000000
0.000000 15.684322
7 0.020000 0.280000 0.018000
0.490000 0.314000 0.726000 0.398000 1.350000 6.610000 0.726000 0.726000
270000.000000 96.599998 0.000070
1.073000 0.050000 0.116600
2.064125 3.882959 0.020442 0.000000
0.000000

0.000002 28.303455 287.468811
7.942570 0.946231 129.134552 748.841370 3694.972900
0.000000 0.387538 0.359205 0.000062 0.000000 0.000000
0.000000 0.000000 0.000000
0.536885 0.993467 0.000000
764.299377 0.000000
0.000000 0.000000 0.000000 0.000000
0.000000 9.946033
7 0.020000 0.300000 0.018000
0.490000 0.314000 0.726000 0.398000 1.350000 6.610000 0.726000 0.726000
270000.000000 96.599998 0.000070
1.073000 0.050000 0.116600
2.077150 1.859805 0.009678 0.000000
0.000000

0.000002 25.716635 260.698578
7.796748 0.938651 127.015755 735.901611 3694.278564
0.000000 2.771471 0.636532 0.000031 0.000000 0.000000
0.000000 0.000000 0.000000
0.590301 0.999457 0.000000
764.299377 0.000000
0.000000 0.000000 0.000000 0.000000
0.000000 6.610298
7 0.020000 0.320000 0.018000
0.490000 0.314000 0.726000 0.398000 1.350000 6.610000 0.726000 0.726000
270000.000000 96.599998 0.000070
1.073000 0.050000 0.116600
2.076590 1.473791 0.007698 0.000000
0.000000

0.000002 24.431995 243.152344
7.183270 0.873554 118.552971 677.351257 3226.809570
0.000000 5.115302 0.640653 0.000015 0.000000 0.000000
0.000000 0.000000 0.000000
0.645678 0.995769 0.000000
764.299377 0.000000
0.000000 0.000000 0.000000 0.000000
0.000000 4.605300
8 0.020000 0.340000 0.015500
0.483000 0.377000 0.726000 0.484000 1.370000 6.610000 0.770000 0.770000
274000.000000 96.599998 0.000070
1.073000 0.050000 0.116600
1.840886 1.264821 0.006385 0.000000
0.000000

0.000002 22.130291 220.384445
7.066580 0.867769 116.759911 667.026062 3226.449707
0.000000 5.890031 0.611852 0.000008 0.000000 0.000000
0.000000 0.000000 0.000000
0.702904 0.990295 0.000000
764.299377 0.000000
0.000000 0.000000 0.000000 0.000000
0.000000 3.802422
8 0.020000 0.360000 0.015500
0.483000 0.377000 0.726000 0.484000 1.370000 6.610000 0.770000 0.770000
274000.000000 96.599998 0.000070
1.073000 0.050000 0.116600
1.840473 1.202336 0.006034 0.000000
0.000000

0.000002 20.029057 199.640030
6.958757 0.862607 115.093239 657.474854 3226.214600
0.000000 5.604454 0.592244 0.000004 0.000000 0.000000
0.000000 0.000000 0.000000
0.761760 0.980381 0.000000
764.299377 0.000000
0.000000 0.000000 0.000000 0.000000
0.000000 3.652785
8 0.020000 0.380000 0.015500
0.483000 0.377000 0.726000 0.484000 1.370000 6.610000 0.770000 0.770000
274000.000000 96.599998 0.000070
1.073000 0.050000 0.116600
1.839894 1.187295 0.005898 0.000000
0.000000

0.000002 18.122286 180.931732
6.858726 0.858001 113.555603 648.654541 3225.990234
0.000000 5.044457 0.579688 0.000002 0.000000 0.000000
0.000000 0.000000 0.000000
0.822071 0.967862 0.000000
764.299377 0.000000
0.000000 0.000000 0.000000 0.000000
0.000000 3.763246
8 0.020000 0.400000 0.015500
0.483000 0.377000 0.726000 0.484000 1.370000 6.610000 0.770000 0.770000
274000.000000 96.599998 0.000070
1.073000 0.050000 0.116600
1.839263 1.184759 0.005811 0.000000
0.000000

0.000002 16.413494 164.221542
6.774258 0.854966 112.305603 641.304749 3225.807373
0.000000 4.443225 0.558153 0.000001 0.000000 0.000000
0.000000 0.000000 0.000000
0.883500 0.957439 0.000000
764.299377 0.000000
0.000000 0.000000 0.000000 0.000000
0.000000 3.950083
8 0.020000 0.420000 0.015500
0.483000 0.377000 0.726000 0.484000 1.370000 6.610000 0.770000 0.770000
274000.000000 96.599998 0.000070
1.073000 0.050000 0.116600
1.839222 1.184043 0.005745 0.000000
0.000000

0.000001 14.865409 149.134567
6.696918 0.852478 111.149529 634.671204 3225.703857
0.000000 3.768299 0.536535 0.000000 0.000000 0.000000
0.000000 0.000000 0.000000
0.945671 0.952318 0.000000
764.299377 0.000000
0.000000 0.000000 0.000000 0.000000
0.000000 4.146609
8 0.020000 0.440000 0.015500
0.483000 0.377000 0.726000 0.484000 1.370000 6.610000 0.770000 0.770000
274000.000000 96.599998 0.000070
1.073000 0.050000 0.116600
1.839183 1.184487 0.005716 0.000000
0.000000

0.000001 13.475027 135.561829
6.629771 0.850960 110.177948 628.980164 3225.598633
0.000000 3.032803 0.516220 0.000000 0.000000 0.000000
0.000001 0.000000 0.000000
1.008272 0.952339 0.000000
764.299377 0.000000
0.000000 0.000000 0.000000 0.000000
0.000000 4.323351
8 0.020000 0.460000 0.015500
0.483000 0.377000 0.726000 0.484000 1.370000 6.610000 0.770000 0.770000
274000.000000 96.599998 0.000070
1.073000 0.050000 0.116600
1.839409 1.181954 0.005705 0.000000
0.000000

0.000001 12.206363 123.202759
6.567933 0.849822 109.281425 623.779968 3225.534424
0.000000 2.328377 0.497203 0.000000 0.000000 0.000000
0.000000 0.000000 0.000000
1.071077 0.955649 0.000000
764.299377 0.000000
0.000000 0.000000 0.000000 0.000000
0.000000 4.463754
8 0.020000 0.480000 0.015500
0.483000 0.377000 0.726000 0.484000 1.370000 6.610000 0.770000 0.770000
274000.000000 96.599998 0.000070
1.073000 0.050000 0.116600
1.839561 1.181216 0.005721 0.000000
0.000000

0.000001 11.070509 112.086517
6.514970 0.849558 108.550522 619.368774 3225.514404
0.000000 1.728061 0.480540 0.000000 0.000000 0.000000
0.000000 0.000000 0.000000
1.133927 0.960492 0.000000
764.299377 0.000000
0.000000 0.000000 0.000000 0.000000
0.000000 4.565912
8 0.020000 0.500000 0.015500
0.483000 0.377000 0.726000 0.484000 1.370000 6.610000 0.770000 0.770000
274000.000000 96.599998 0.000070
1.073000 0.050000 0.116600
1.839962 1.180537 0.005746 0.000000
0.000000

0.000001 10.035047 102.021370
6.468471 0.849894 107.901146 615.562195 3225.501465
0.000000 1.271297 0.466590 0.000000 0.000000 0.000000
0.000000 0.000000 0.000000
1.196700 0.965749 0.000000
764.299377 0.000000
0.000000 0.000000 0.000000 0.000000
0.000000 4.632327
8 0.020000 0.520000 0.015500
0.483000 0.377000 0.726000 0.484000 1.370000 6.610000 0.770000 0.770000
274000.000000 96.599998 0.000070
1.073000 0.050000 0.116600
1.840424 1.179871 0.005775 0.000000
0.000000

0.000000 7.215559 78.009567
3.254320 0.430843 52.889084 310.590057 1669.050171
0.000000 0.988118 0.294493 0.000000 0.000000 0.000000
0.000000 0.000000 0.000000
1.262808 0.770000 0.000000
764.299377 0.000000
0.000000 0.000000 0.000000 0.000000
0.000000 4.382024
8 0.020000 0.540000 0.008000
0.483000 0.377000 0.726000 0.484000 1.370000 6.610000 0.770000 0.770000
274000.000000 96.599998 0.002410
1.073000 0.050000 0.116600
0.927908 0.791468 0.003082 0.000000
0.000000

0.000000 6.587363 71.241821
3.225222 0.430436 52.516979 308.129669 1668.801147
0.000000 0.689380 0.280733 0.000000 0.000000 0.000000
0.000000 0.000000 0.000000
1.332636 0.770000 0.000000
764.299377 0.000000
0.000000 0.000000 0.000000 0.000000
0.000000 4.179975
8 0.020000 0.560000 0.008000
0.483000 0.377000 0.726000 0.484000 1.370000 6.610000 0.770000 0.770000
274000.000000 96.599998 0.002410
1.073000 0.050000 0.116600
0.929155 0.667465 0.002598 0.000000
0.000000

0.000000 6.021469 65.186081
3.203778 0.430953 52.266430 306.387665 1668.539673
0.000000 0.432332 0.262118 0.000000 0.000000 0.000000
0.000000 0.000000 0.000000
1.402262 0.770000 0.000000
764.299377 0.000000
0.000000 0.000000 0.000000 0.000000
0.000000 4.068870
8 0.020000 0.580000 0.008000
0.483000 0.377000 0.726000 0.484000 1.370000 6.610000 0.770000 0.770000
274000.000000 96.599998 0.002410
1.073000 0.050000 0.116600
0.930686 0.643761 0.002505 0.000000
0.000000

0.000000 5.509886 59.720543
3.188233 0.432186 52.111687 305.196686 1668.261475
0.000000 0.261883 0.247140 0.000000 0.000000 0.000000
0.000000 0.000000 0.000000
1.471601 0.770000 0.000000
764.299377 0.000000
0.000000 0.000000 0.000000 0.000000
0.000000 4.010521
8 0.020000 0.600000 0.008000
0.483000 0.377000 0.726000 0.484000 1.370000 6.610000 0.770000 0.770000
274000.000000 96.599998 0.002410
1.073000 0.050000 0.116600
0.932385 0.639820 0.002490 0.000000
0.000000

0.000000 5.057436 54.827892
3.176629 0.433887 52.024857 304.366608 1668.029297
0.000000 0.187658 0.243353 0.000000 0.000000 0.000000
0.000000 0.000000 0.000000
1.540584 0.770000 0.000000
764.299377 0.000000
0.000000 0.000000 0.000000 0.000000
0.000000 3.976338
8 0.020000 0.620000 0.008000
0.483000 0.377000 0.726000 0.484000 1.370000 6.610000 0.770000 0.770000
274000.000000 96.599998 0.002410
1.073000 0.050000 0.116600
0.934144 0.635526 0.002473 0.000000
0.000000

0.000000 4.656211 50.450520
3.170633 0.436303 52.047077 304.046204 1667.766113
0.000000 0.186751 0.252912 0.000000 0.000000 0.000000
0.000000 0.000000 0.000000
1.609147 0.770000 0.000000
764.299377 0.000000
0.000000 0.000000 0.000000 0.000000
0.000000 3.951797
8 0.020000 0.640000 0.008000
0.483000 0.377000 0.726000 0.484000 1.370000 6.610000 0.770000 0.770000
274000.000000 96.599998 0.002410
1.073000 0.050000 0.116600
0.936104 0.630577 0.002454 0.000000
0.000000

0.000000 4.278937 46.407627
3.167289 0.439042 52.079956 304.005737 1667.504272
0.000000 0.342542 0.286328 0.000000 0.000000 0.000000
0.000000 0.000000 0.000000
1.677237 0.770000 0.000000
764.299377 0.000000
0.000000 0.000000 0.000000 0.000000
0.000000 3.931164
8 0.020000 0.660000 0.008000
0.483000 0.377000 0.726000 0.484000 1.370000 6.610000 0.770000 0.770000
274000.000000 96.599998 0.002410
1.073000 0.050000 0.116600
0.938032 0.627563 0.002442 0.000000
0.000000

0.000000 3.946358 42.781219
3.169896 0.442576 52.239677 304.500092 1667.205078
0.000000 0.452992 0.301407 0.000000 0.000000 0.000000
0.000000 0.000000 0.000000
1.744809 0.770000 0.000000
764.299377 0.000000
0.000000 0.000000 0.000000 0.000000
0.000000 4.210624
8 0.020000 0.680000 0.008000
0.483000 0.377000 0.726000 0.484000 1.370000 6.610000 0.770000 0.770000
274000.000000 96.599998 0.002410
1.073000 0.050000 0.116600
0.940219 0.634675 0.002470 0.000000
0.000000

0.000000 3.662535 39.614346
3.179504 0.447071 52.547802 305.627014 1666.854858
0.000000 0.587544 0.313278 0.000000 0.000000 0.000000
0.000000 0.000000 0.000000
1.811823 0.770000 0.000000
764.299377 0.000000
0.000000 0.000000 0.000000 0.000000
0.000000 4.138054
8 0.020000 0.700000 0.008000
0.483000 0.377000 0.726000 0.484000 1.370000 6.610000 0.770000 0.770000
274000.000000 96.599998 0.002410
1.073000 0.050000 0.116600
0.942782 0.629637 0.002450 0.000000
0.000000

0.000000 3.383489 35.835728
3.195200 0.452430 52.988876 307.359802 1666.446411
0.000000 0.846543 0.331171 0.000000 0.000000 0.000000
0.000000 0.000000 0.000000
1.878249 0.868795 0.000000
764.299377 0.000000
0.000000 0.000000 0.000000 0.000000
0.000000 4.130970
8 0.020000 0.720000 0.008000
0.483000 0.377000 0.726000 0.484000 1.370000 6.610000 0.770000 0.770000
274000.000000 96.599998 0.002410
1.073000 0.050000 0.116600
0.946104 0.630887 0.002769 0.000000
0.000000

0.000000 3.262719 33.157310
2.089732 0.297834 34.989685 201.019104 1033.810791
0.000000 1.337608 0.247835 0.000000 0.000000 0.000000
0.000000 0.000000 0.000000
1.940654 1.000000 0.000000
764.299377 0.000000
0.000000 0.000000 0.000000 0.000000
0.000000 3.797670
8 0.020000 0.740000 0.005000
0.486000 0.396000 0.726000 0.501000 1.360000 6.610000 0.785000 0.785000
272000.000000 96.599998 0.003000
1.073000 0.050000 0.116600
0.592019 0.411224 0.002104 0.000000
0.000000

0.000000 3.083611 30.977146
2.102318 0.301442 35.427944 202.274689 1033.403442
0.000000 1.499831 0.252381 0.000000 0.000000 0.000000
0.000000 0.000000 0.000000
1.998641 1.000000 0.000000
764.299377 0.000000
0.000000 0.000000 0.000000 0.000000
0.000000 3.472565
8 0.020000 0.760000 0.005000
0.486000 0.396000 0.726000 0.501000 1.360000 6.610000 0.785000 0.785000
272000.000000 96.599998 0.003000
1.073000 0.050000 0.116600
0.594218 0.391645 0.002003 0.000000
0.000000

0.000001 2.924359 29.023399
2.118840 0.305595 35.927467 203.831329 1033.048706
0.000000 1.643298 0.254463 0.000000 0.000000 0.000000
0.000000 0.000000 0.000000
2.055272 1.000000 0.000000
764.299377 0.000000
0.000000 0.000000 0.000000 0.000000
0.000000 3.283716
8 0.020000 0.780000 0.005000
0.486000 0.396000 0.726000 0.501000 1.360000 6.610000 0.785000 0.785000
272000.000000 96.599998 0.003000
1.073000 0.050000 0.116600
0.596520 0.384902 0.001969 0.000000
0.000000

0.000001 2.772224 27.115831
2.136355 0.309902 36.468399 205.459839 1032.636597
0.000000 1.212550 0.247353 0.000000 0.000000 0.000000
0.000000 0.000000 0.000000
2.111194 1.000000 0.000000
764.299377 0.000000
0.000000 0.000000 0.000000 0.000000
0.000000 3.301213
8 0.020000 0.800000 0.005000
0.486000 0.396000 0.726000 0.501000 1.360000 6.610000 0.785000 0.785000
272000.000000 96.599998 0.003000
1.073000 0.050000 0.116600
0.598954 0.380614 0.001947 0.000000
0.000000

0.000000 2.524243 24.158493
2.151385 0.313860 36.933388 206.890488 1032.218994
0.000000 0.968550 0.235852 0.000000 0.000000 0.000000
0.000000 0.000000 0.000000
2.166404 1.000000 0.000000
764.299377 0.000000
0.000000 0.000000 0.000000 0.000000
0.000000 2.957508
8 0.020000 0.820000 0.005000
0.486000 0.396000 0.726000 0.501000 1.360000 6.610000 0.785000 0.785000
272000.000000 96.599998 0.003000
1.073000 0.050000 0.116600
0.601505 0.375251 0.001919 0.000000
0.000000

0.000000 2.373719 22.671062
2.173065 0.318799 37.446453 209.020050 1031.909302
0.000000 0.756230 0.229680 0.000000 0.000000 0.000000
0.000000 0.000000 0.000000
2.220897 1.000000 0.000000
764.299377 0.000000
0.000000 0.000000 0.000000 0.000000
0.000000 2.695003
8 0.020000 0.840000 0.005000
0.486000 0.396000 0.726000 0.501000 1.360000 6.610000 0.785000 0.785000
272000.000000 96.599998 0.003000
1.073000 0.050000 0.116600
0.603714 0.371261 0.001899 0.000000
0.000000

0.000000 2.202565 21.112465
2.188378 0.322816 37.804821 210.583832 1031.631470
0.000000 0.633545 0.228320 0.000000 0.000000 0.000000
0.000000 0.000000 0.000000
2.274677 1.000000 0.000000
764.299377 0.000000
0.000000 0.000000 0.000000 0.000000
0.000000 2.654476
8 0.020000 0.860000 0.005000
0.486000 0.396000 0.726000 0.501000 1.360000 6.610000 0.785000 0.785000
272000.000000 96.599998 0.003000
1.073000 0.050000 0.116600
0.605538 0.371359 0.001900 0.000000
0.000000

0.000000 2.080508 19.891104
2.205828 0.327157 38.192230 212.359756 1031.402832
0.000000 0.587644 0.230604 0.000000 0.000000 0.000000
0.000000 0.000000 0.000000
2.327745 1.000000 0.000000
764.299377 0.000000
0.000000 0.000000 0.000000 0.000000
0.000000 2.601771
8 0.020000 0.880000 0.005000
0.486000 0.396000 0.726000 0.501000 1.360000 6.610000 0.785000 0.785000
272000.000000 96.599998 0.003000
1.073000 0.050000 0.116600
0.607290 0.365790 0.001871 0.000000
0.000000

0.000000 1.991213 18.857758
2.224467 0.331686 38.592781 214.257401 1031.188599
0.000000 0.550121 0.231265 0.000000 0.000000 0.000000
0.000000 0.000000 0.000000
2.380107 1.000000 0.000000
764.299377 0.000000
0.000000 0.000000 0.000000 0.000000
0.000000 2.584946
8 0.020000 0.900000 0.005000
0.486000 0.396000 0.726000 0.501000 1.360000 6.610000 0.785000 0.785000
272000.000000 96.599998 0.003000
1.073000 0.050000 0.116600
0.609084 0.363989 0.001862 0.000000
0.000000

0.000000 1.682683 15.633078
2.237724 0.335422 38.913132 215.638611 1030.936768
0.000000 0.484742 0.229878 0.000000 0.000000 0.000000
0.000000 0.000000 0.000000
2.431771 1.000000 0.000000
764.299377 0.000000
0.000000 0.000000 0.000000 0.000000
0.000000 2.553226
8 0.020000 0.920000 0.005000
0.486000 0.396000 0.726000 0.501000 1.360000 6.610000 0.785000 0.785000
272000.000000 96.599998 0.003000
1.073000 0.050000 0.116600
0.610726 0.364182 0.001863 0.000000
0.000000

0.000000 1.561922 11.947938
0.479026 0.072160 8.341455 46.122513 206.228043
0.000000 0.488611 0.077867 0.000000 0.000000 0.000000
0.000000 0.000000 0.000000
2.482745 1.000000 0.000000
764.299377 0.000000
0.000000 0.000000 0.000000 0.000000
0.000000 1.343010
8 0.020000 0.940000 0.001000
0.486000 0.396000 0.726000 0.501000 1.360000 6.610000 0.785000 0.785000
272000.000000 96.599998 0.003000
1.073000 0.050000 0.116600
0.122472 0.081069 0.000414 0.000000
0.000000

0.000000 1.465757 11.088192
0.480794 0.072797 8.397182 46.310188 206.165176
0.000000 0.405825 0.083256 0.000000 0.000000 0.000000
0.000000 0.000000 0.000000
2.533039 1.000000 0.000000
764.299377 0.000000
0.000000 0.000000 0.000000 0.000000
0.000000 1.185454
8 0.020000 0.960000 0.001000
0.486000 0.396000 0.726000 0.501000 1.360000 6.610000 0.785000 0.785000
272000.000000 96.599998 0.003000
1.073000 0.050000 0.116600
0.122851 0.073761 0.000377 0.000000
0.000000

0.000000 1.391944 10.365906
0.484067 0.073662 8.514760 46.606373 206.084061
0.000000 0.308724 0.107927 0.000000 0.000000 0.000000
0.000000 0.000000 0.000000
2.582664 1.000000 0.000000
764.299377 0.000000
0.000000 0.000000 0.000000 0.000000
0.000000 1.098300
8 0.020000 0.980000 0.001000
0.486000 0.396000 0.726000 0.501000 1.360000 6.610000 0.785000 0.785000
272000.000000 96.599998 0.003000
1.073000 0.050000 0.116600
0.123311 0.071676 0.000366 0.000000
0.000000

0.000000 1.310270 9.677826
0.489315 0.074830 8.620480 47.140022 205.978363
0.000000 0.220239 0.110392 0.000000 0.000000 0.000000
0.000000 0.000000 0.000000
2.631631 1.000000 0.000000
764.299377 0.000000
0.000000 0.000000 0.000000 0.000000
0.000000 1.039081
8 0.020000 1.000000 0.001000
0.486000 0.396000 0.726000 0.501000 1.360000 6.610000 0.785000 0.785000
272000.000000 96.599998 0.003000
1.073000 0.050000 0.116600
0.123942 0.071014 0.000363 0.000000
0.000000

0.000000 1.243325 9.021688
0.490086 0.075314 8.641558 47.247063 205.925385
0.000000 0.153549 0.101956 0.000000 0.000000 0.000000
0.000000 0.000000 0.000000
2.679951 1.000000 0.000000
764.299377 0.000000
0.000000 0.000000 0.000000 0.000000
0.000000 0.989292
8 0.020000 1.020000 0.001000
0.486000 0.396000 0.726000 0.501000 1.360000 6.610000 0.785000 0.785000
272000.000000 96.599998 0.003000
1.073000 0.050000 0.116600
0.124176 0.070352 0.000359 0.000000
0.000000

0.000000 1.133702 8.294677
0.489086 0.075522 8.631515 47.183975 205.909210
0.000000 0.107982 0.093281 0.000000 0.000000 0.000000
0.000000 0.000000 0.000000
2.727636 1.000000 0.000000
764.299377 0.000000
0.000000 0.000000 0.000000 0.000000
0.000000 0.980478
8 0.020000 1.040000 0.001000
0.486000 0.396000 0.726000 0.501000 1.360000 6.610000 0.785000 0.785000
272000.000000 96.599998 0.003000
1.073000 0.050000 0.116600
0.124251 0.070243 0.000359 0.000000
0.000000

0.000000 1.020400 7.569210
0.486702 0.075510 8.596861 46.986767 205.902008
0.000000 0.075499 0.082169 0.000000 0.000000 0.000000
0.000000 0.000000 0.000000
2.774697 1.000000 0.000000
764.299377 0.000000
0.000000 0.000000 0.000000 0.000000
0.000000 0.974260
8 0.020000 1.060000 0.001000
0.486000 0.396000 0.726000 0.501000 1.360000 6.610000 0.785000 0.785000
272000.000000 96.599998 0.003000
1.073000 0.050000 0.116600
0.124274 0.070166 0.000358 0.000000
0.000000

0.000000 0.928052 6.965033
0.485311 0.075646 8.579529 46.884281 205.899323
0.000000 0.049760 0.068164 0.000000 0.000000 0.000000
0.000000 0.000000 0.000000
2.821147 1.000000 0.000000
764.299377 0.000000
0.000000 0.000000 0.000000 0.000000
0.000000 0.971967
8 0.020000 1.080000 0.001000
0.486000 0.396000 0.726000 0.501000 1.360000 6.610000 0.785000 0.785000
272000.000000 96.599998 0.003000
1.073000 0.050000 0.116600
0.124295 0.070422 0.000360 0.000000
0.000000

0.000000 0.844440 6.417974
0.484031 0.075792 8.563966 46.791637 205.898071
0.000000 0.028597 0.051990 0.000000 0.000000 0.000000
0.000000 0.000000 0.000000
2.866996 1.000000 0.000000
764.299377 0.000000
0.000000 0.000000 0.000000 0.000000
0.000000 0.964644
8 0.020000 1.100000 0.001000
0.486000 0.396000 0.726000 0.501000 1.360000 6.610000 0.785000 0.785000
272000.000000 96.599998 0.003000
1.073000 0.050000 0.116600
0.124317 0.070158 0.000358 0.000000
0.000000

0.000000 0.768444 5.922244
0.482871 0.075953 8.550358 46.709927 205.898163
0.000000 0.012797 0.036324 0.000000 0.000000 0.000000
0.000000 0.000000 0.000000
2.912255 1.000000 0.000000
764.299377 0.000000
0.000000 0.000000 0.000000 0.000000
0.000000 0.961274
8 0.020000 1.120000 0.001000
0.486000 0.396000 0.726000 0.501000 1.360000 6.610000 0.785000 0.785000
272000.000000 96.599998 0.003000
1.073000 0.050000 0.116600
0.124334 0.070079 0.000358 0.000000
0.000000

0.000000 0.699604 5.473866
0.481825 0.076126 8.538626 46.638435 205.896332
0.000000 0.003856 0.023450 0.000000 0.000000 0.000000
0.000000 0.000000 0.000000
2.956936 1.000000 0.000000
764.299377 0.000000
0.000000 0.000000 0.000000 0.000000
0.000000 0.953918
8 0.020000 1.140000 0.001000
0.486000 0.396000 0.726000 0.501000 1.360000 6.610000 0.785000 0.785000
272000.000000 96.599998 0.003000
1.073000 0.050000 0.116600
0.124355 0.070256 0.000359 0.000000
0.000000

0.000000 0.630625 5.035824
0.480450 0.076241 8.520960 46.534760 205.893433
0.000000 0.000779 0.014996 0.000000 0.000000 0.000000
0.000000 0.000000 0.000000
3.001049 1.000000 0.000000
764.299377 0.000000
0.000000 0.000000 0.000000 0.000000
0.000000 0.976745
8 0.020000 1.160000 0.001000
0.486000 0.396000 0.726000 0.501000 1.360000 6.610000 0.785000 0.785000
272000.000000 96.599998 0.003000
1.073000 0.050000 0.116600
0.124374 0.070245 0.000359 0.000000
0.000000

0.000000 0.574483 4.671432
0.479659 0.076444 8.513471 46.486694 205.892914
0.000000 0.000188 0.013156 0.000000 0.000000 0.000000
0.000000 0.000000 0.000000
3.044604 1.000000 0.000000
764.299377 0.000000
0.000000 0.000000 0.000000 0.000000
0.000000 0.959094
8 0.020000 1.180000 0.001000
0.486000 0.396000 0.726000 0.501000 1.360000 6.610000 0.785000 0.785000
272000.000000 96.599998 0.003000
1.073000 0.050000 0.116600
0.124399 0.070062 0.000358 0.000000
0.000000

0.000000 0.523482 4.341630
0.478933 0.076653 8.507005 46.444389 205.892654
0.000000 0.000093 0.015988 0.000000 0.000000 0.000000
0.000000 0.000000 0.000000
3.087612 1.000000 0.000000
764.299377 0.000000
0.000000 0.000000 0.000000 0.000000
0.000000 0.949526
8 0.020000 1.200000 0.001000
0.486000 0.396000 0.726000 0.501000 1.360000 6.610000 0.785000 0.785000
272000.000000 96.599998 0.003000
1.073000 0.050000 0.116600
0.124416 0.069936 0.000357 0.000000
0.000000

0.000000 0.477245 4.043267
0.478300 0.076872 8.502062 46.410618 205.891586
0.000000 0.000087 0.020527 0.000000 0.000000 0.000000
0.000000 0.000000 0.000000
3.130081 1.000000 0.000000
764.299377 0.000000
0.000000 0.000000 0.000000 0.000000
0.000000 0.952122
8 0.020000 1.220000 0.001000
0.486000 0.396000 0.726000 0.501000 1.360000 6.610000 0.785000 0.785000
272000.000000 96.599998 0.003000
1.073000 0.050000 0.116600
0.124438 0.069908 0.000357 0.000000
0.000000

0.000000 0.431289 3.752289
0.477425 0.077048 8.492736 46.352932 205.888229
0.000000 0.000134 0.025595 0.000000 0.000000 0.000000
0.000000 0.000000 0.000000
3.172022 1.000000 0.000000
764.299377 0.000000
0.000000 0.000000 0.000000 0.000000
0.000000 0.945403
8 0.020000 1.240000 0.001000
0.486000 0.396000 0.726000 0.501000 1.360000 6.610000 0.785000 0.785000
272000.000000 96.599998 0.003000
1.073000 0.050000 0.116600
0.124455 0.069904 0.000357 0.000000
0.000000

0.000000 0.393667 3.510372
0.476946 0.077283 8.490302 46.332973 205.887360
0.000000 0.000234 0.030227 0.000000 0.000000 0.000000
0.000000 0.000000 0.000000
3.213443 1.000000 0.000000
764.299377 0.000000
0.000000 0.000000 0.000000 0.000000
0.000000 0.949251
8 0.020000 1.260000 0.001000
0.486000 0.396000 0.726000 0.501000 1.360000 6.610000 0.785000 0.785000
272000.000000 96.599998 0.003000
1.073000 0.050000 0.116600
0.124476 0.069837 0.000357 0.000000
0.000000

0.000000 0.359371 3.290730
0.476481 0.077517 8.488010 46.313915 205.889481
0.000000 0.000377 0.034146 0.000000 0.000000 0.000000
0.000000 0.000000 0.000000
3.254352 1.000000 0.000000
764.299377 0.000000
0.000000 0.000000 0.000000 0.000000
0.000000 0.940636
8 0.020000 1.280000 0.001000
0.486000 0.396000 0.726000 0.501000 1.360000 6.610000 0.785000 0.785000
272000.000000 96.599998 0.003000
1.073000 0.050000 0.116600
0.124492 0.071807 0.000367 0.000000
0.000000

0.000000 0.328464 3.093385
0.476102 0.077760 8.487172 46.302841 205.887802
0.000000 0.000622 0.040704 0.000000 0.000000 0.000000
0.000000 0.000000 0.000000
3.294758 1.000000 0.000000
764.299377 0.000000
0.000000 0.000000 0.000000 0.000000
0.000000 0.932916
8 0.020000 1.300000 0.001000
0.486000 0.396000 0.726000 0.501000 1.360000 6.610000 0.785000 0.785000
272000.000000 96.599998 0.003000
1.073000 0.050000 0.116600
0.124512 0.069987 0.000357 0.000000
0.000000

0.000000 0.300305 2.914325
0.475741 0.078003 8.486554 46.293083 205.888596
0.000000 0.000993 0.047460 0.000000 0.000000 0.000000
0.000000 0.000000 0.000000
3.334668 1.000000 0.000000
764.299377 0.000000
0.000000 0.000000 0.000000 0.000000
0.000000 0.936211
8 0.020000 1.320000 0.001000
0.486000 0.396000 0.726000 0.501000 1.360000 6.610000 0.785000 0.785000
272000.000000 96.599998 0.003000
1.073000 0.050000 0.116600
0.124531 0.070234 0.000359 0.000000
0.000000

0.000000 0.272465 2.740031
0.475246 0.078220 8.483466 46.269943 205.886581
0.000000 0.001499 0.053394 0.000000 0.000000 0.000000
0.000000 0.000000 0.000000
3.374091 1.000000 0.000000
764.299377 0.000000
0.000000 0.000000 0.000000 0.000000
0.000000 0.947874
8 0.020000 1.340000 0.001000
0.486000 0.396000 0.726000 0.501000 1.360000 6.610000 0.785000 0.785000
272000.000000 96.599998 0.003000
1.073000 0.050000 0.116600
0.124548 0.070068 0.000358 0.000000
0.000000

0.000000 0.249521 2.594498
0.474943 0.078464 8.483691 46.264988 205.887131
0.000000 0.002103 0.058123 0.000000 0.000000 0.000000
0.000000 0.000000 0.000000
3.413032 1.000000 0.000000
764.299377 0.000000
0.000000 0.000000 0.000000 0.000000
0.000000 0.933317
8 0.020000 1.360000 0.001000
0.486000 0.396000 0.726000 0.501000 1.360000 6.610000 0.785000 0.785000
272000.000000 96.599998 0.003000
1.073000 0.050000 0.116600
0.124565 0.069945 0.000357 0.000000
0.000000

0.000000 0.228723 2.463098
0.474681 0.078712 8.484571 46.263607 205.889359
0.000000 0.002761 0.062219 0.000000 0.000000 0.000000
0.000000 0.000000 0.000000
3.451498 1.000000 0.000000
764.299377 0.000000
0.000000 0.000000 0.000000 0.000000
0.000000 0.925199
8 0.020000 1.380000 0.001000
0.486000 0.396000 0.726000 0.501000 1.360000 6.610000 0.785000 0.785000
272000.000000 96.599998 0.003000
1.073000 0.050000 0.116600
0.124582 0.069910 0.000357 0.000000
0.000000

0.000000 0.209822 2.344232
0.474441 0.078960 8.485760 46.264038 205.892532
0.000000 0.003435 0.065978 0.000000 0.000000 0.000000
0.000000 0.000000 0.000000
3.489497 1.000000 0.000000
764.299377 0.000000
0.000000 0.000000 0.000000 0.000000
0.000000 0.931493
8 0.020000 1.400000 0.001000
0.486000 0.396000 0.726000 0.501000 1.360000 6.610000 0.785000 0.785000
272000.000000 96.599998 0.003000
1.073000 0.050000 0.116600
0.124596 0.069902 0.000357 0.000000
0.000000

0.000000 0.192816 2.237284
0.474240 0.079211 8.487576 46.268013 205.893539
0.000000 0.004093 0.069260 0.000000 0.000000 0.000000
0.000000 0.000000 0.000000
3.527035 1.000000 0.000000
764.299377 0.000000
0.000000 0.000000 0.000000 0.000000
0.000000 0.922653
8 0.020000 1.420000 0.001000
0.486000 0.396000 0.726000 0.501000 1.360000 6.610000 0.785000 0.785000
272000.000000 96.599998 0.003000
1.073000 0.050000 0.116600
0.124615 0.069822 0.000357 0.000000
0.000000

0.000000 0.175944 2.132731
0.473926 0.079440 8.487304 46.260586 205.893021
0.000000 0.004745 0.072525 0.000000 0.000000 0.000000
0.000000 0.000000 0.000000
3.564118 1.000000 0.000000
764.299377 0.000000
0.000000 0.000000 0.000000 0.000000
0.000000 0.920137
8 0.020000 1.440000 0.001000
0.486000 0.396000 0.726000 0.501000 1.360000 6.610000 0.785000 0.785000
272000.000000 96.599998 0.003000
1.073000 0.050000 0.116600
0.124627 0.069917 0.000357 0.000000
0.000000

0.000000 0.162073 2.046154
0.473771 0.079692 8.489809 46.268311 205.894135
0.000000 0.005384 0.075478 0.000000 0.000000 0.000000
0.000000 0.000000 0.000000
3.600752 1.000000 0.000000
764.299377 0.000000
0.000000 0.000000 0.000000 0.000000
0.000000 0.946843
8 0.020000 1.460000 0.001000
0.486000 0.396000 0.726000 0.501000 1.360000 6.610000 0.785000 0.785000
272000.000000 96.599998 0.003000
1.073000 0.050000 0.116600
0.124645 0.069923 0.000357 0.000000
0.000000

0.000000 0.149510 1.968072
0.473640 0.079944 8.492641 46.278088 205.894943
0.000000 0.006020 0.078349 0.000000 0.000000 0.000000
0.000000 0.000000 0.000000
3.636942 1.000000 0.000000
764.299377 0.000000
0.000000 0.000000 0.000000 0.000000
0.000000 0.925463
8 0.020000 1.480000 0.001000
0.486000 0.396000 0.726000 0.501000 1.360000 6.610000 0.785000 0.785000
272000.000000 96.599998 0.003000
1.073000 0.050000 0.116600
0.124658 0.070391 0.000359 0.000000
0.000000

0.000000 0.138149 1.897426
0.473503 0.080193 8.495312 46.286880 205.896606
0.000000 0.006870 0.083958 0.000000 0.000000 0.000000
0.000000 0.000000 0.000000
3.672694 1.000000 0.000000
764.299377 0.000000
0.000000 0.000000 0.000000 0.000000
0.000000 0.924369
8 0.020000 1.500000 0.001000
0.486000 0.396000 0.726000 0.501000 1.360000 6.610000 0.785000 0.785000
272000.000000 96.599998 0.003000
1.073000 0.050000 0.116600
0.124675 0.069976 0.000357 0.000000
0.000000

0.000000 0.051956 1.393609
0.472643 0.080317 8.485573 46.228176 205.897110
0.000000 0.008832 0.099656 0.000000 0.000000 0.000000
0.000000 0.000000 0.000000
3.708013 1.000000 0.000000
764.299377 0.000000
0.000000 0.000000 0.000000 0.000000
0.000000 0.922076
8 0.020000 1.520000 0.001000
0.486000 0.396000 0.726000 0.501000 1.360000 6.610000 0.785000 0.785000
272000.000000 96.599998 0.003000
1.073000 0.050000 0.116600
0.124690 0.069847 0.000357 0.000000
0.000000

0.000000 0.049718 1.377683
0.472597 0.080575 8.489671 46.244965 205.899750
0.000000 0.011364 0.104977 0.000000 0.000000 0.000000
0.000000 0.000000 0.000000
3.742904 1.000000 0.000000
764.299377 0.000000
0.000000 0.000000 0.000000 0.000000
0.000000 0.922793
8 0.020000 1.540000 0.001000
0.486000 0.396000 0.726000 0.501000 1.360000 6.610000 0.785000 0.785000
272000.000000 96.599998 0.003000
1.073000 0.050000 0.116600
0.124704 0.069887 0.000357 0.000000
0.000000

0.000000 0.047036 1.359769
0.472515 0.080823 8.493097 46.258125 205.900757
0.000000 0.014298 0.109475 0.000000 0.000000 0.000000
0.000000 0.000000 0.000000
3.777374 1.000000 0.000000
764.299377 0.000000
0.000000 0.000000 0.000000 0.000000
0.000000 0.918787
8 0.020000 1.560000 0.001000
0.486000 0.396000 0.726000 0.501000 1.360000 6.610000 0.785000 0.785000
272000.000000 96.599998 0.003000
1.073000 0.050000 0.116600
0.124718 0.069821 0.000357 0.000000
0.000000

0.000000 0.045279 1.347351
0.472466 0.081074 8.497046 46.274208 205.902985
0.000000 0.017095 0.113223 0.000000 0.000000 0.000000
0.000000 0.000000 0.000000
3.811425 1.000000 0.000000
764.299377 0.000000
0.000000 0.000000 0.000000 0.000000
0.000000 0.910659
8 0.020000 1.580000 0.001000
0.486000 0.396000 0.726000 0.501000 1.360000 6.610000 0.785000 0.785000
272000.000000 96.599998 0.003000
1.073000 0.050000 0.116600
0.124733 0.069813 0.000357 0.000000
0.000000

0.000000 0.043734 1.336912
0.472463 0.081331 8.501750 46.294510 205.903320
0.000000 0.019455 0.116328 0.000000 0.000000 0.000000
0.000000 0.000000 0.000000
3.845063 1.000000 0.000000
764.299377 0.000000
0.000000 0.000000 0.000000 0.000000
0.000000 0.908127
8 0.020000 1.600000 0.001000
0.486000 0.396000 0.726000 0.501000 1.360000 6.610000 0.785000 0.785000
272000.000000 96.599998 0.003000
1.073000 0.050000 0.116600
0.124747 0.069825 0.000357 0.000000
0.000000

0.000000 0.042355 1.327497
0.472441 0.081581 8.506097 46.312786 205.905380
0.000000 0.021339 0.118938 0.000000 0.000000 0.000000
0.000000 0.000000 0.000000
3.878293 1.000000 0.000000
764.299377 0.000000
0.000000 0.000000 0.000000 0.000000
0.000000 0.906987
8 0.020000 1.620000 0.001000
0.486000 0.396000 0.726000 0.501000 1.360000 6.610000 0.785000 0.785000
272000.000000 96.599998 0.003000
1.073000 0.050000 0.116600
0.124761 0.070377 0.000359 0.000000
0.000000

0.000000 0.041119 1.319392
0.472438 0.081831 8.510711 46.332664 205.907089
0.000000 0.022803 0.121079 0.000000 0.000000 0.000000
0.000000 0.000000 0.000000
3.911118 1.000000 0.000000
764.299377 0.000000
0.000000 0.000000 0.000000 0.000000
0.000000 0.903508
8 0.020000 1.640000 0.001000
0.486000 0.396000 0.726000 0.501000 1.360000 6.610000 0.785000 0.785000
272000.000000 96.599998 0.003000
1.073000 0.050000 0.116600
0.124775 0.069826 0.000357 0.000000
0.000000

0.000000 0.040028 1.312354
0.472437 0.082079 8.515315 46.352409 205.908646
0.000000 0.023926 0.123048 0.000000 0.000000 0.000000
0.000000 0.000000 0.000000
3.943544 1.000000 0.000000
764.299377 0.000000
0.000000 0.000000 0.000000 0.000000
0.000000 0.900759
8 0.020000 1.660000 0.001000
0.486000 0.396000 0.726000 0.501000 1.360000 6.610000 0.785000 0.785000
272000.000000 96.599998 0.003000
1.073000 0.050000 0.116600
0.124789 0.069826 0.000357 0.000000
0.000000

0.000000 0.038662 1.303805
0.472396 0.082318 8.519146 46.368191 205.911255
0.000000 0.024781 0.124969 0.000000 0.000000 0.000000
0.000000 0.000000 0.000000
3.975574 1.000000 0.000000
764.299377 0.000000
0.000000 0.000000 0.000000 0.000000
0.000000 0.934409
8 0.020000 1.680000 0.001000
0.486000 0.396000 0.726000 0.501000 1.360000 6.610000 0.785000 0.785000
272000.000000 96.599998 0.003000
1.073000 0.050000 0.116600
0.124805 0.069822 0.000357 0.000000
0.000000

0.000000 0.037797 1.299634
0.472474 0.082574 8.525077 46.395241 205.912354
0.000000 0.025418 0.126732 0.000000 0.000000 0.000000
0.000000 0.000000 0.000000
4.007213 1.000000 0.000000
764.299377 0.000000
0.000000 0.000000 0.000000 0.000000
0.000000 0.909096
8 0.020000 1.700000 0.001000
0.486000 0.396000 0.726000 0.501000 1.360000 6.610000 0.785000 0.785000
272000.000000 96.599998 0.003000
1.073000 0.050000 0.116600
0.124824 0.069808 0.000357 0.000000
0.000000

0.000000 0.037069 1.295535
0.472500 0.082819 8.530007 46.417072 205.912796
0.000000 0.025885 0.128319 0.000000 0.000000 0.000000
0.000000 0.000000 0.000000
4.038465 1.000000 0.000000
764.299377 0.000000
0.000000 0.000000 0.000000 0.000000
0.000000 0.910055
8 0.020000 1.720000 0.001000
0.486000 0.396000 0.726000 0.501000 1.360000 6.610000 0.785000 0.785000
272000.000000 96.599998 0.003000
1.073000 0.050000 0.116600
0.124839 0.069781 0.000356 0.000000
0.000000

0.000000 0.036408 1.291941
0.472512 0.083059 8.534648 46.437302 205.914230
0.000000 0.026227 0.129866 0.000000 0.000000 0.000000
0.000000 0.000000 0.000000
4.069334 1.000000 0.000000
764.299377 0.000000
0.000000 0.000000 0.000000 0.000000
0.000000 0.905425
8 0.020000 1.740000 0.001000
0.486000 0.396000 0.726000 0.501000 1.360000 6.610000 0.785000 0.785000
272000.000000 96.599998 0.003000
1.073000 0.050000 0.116600
0.124853 0.069801 0.000356 0.000000
0.000000

0.000000 0.035843 1.289207
0.472547 0.083300 8.539670 46.459572 205.915421
0.000000 0.026433 0.131033 0.000000 0.000000 0.000000
0.000000 0.000000 0.000000
4.099823 1.000000 0.000000
764.299377 0.000000
0.000000 0.000000 0.000000 0.000000
0.000000 0.904077
8 0.020000 1.760000 0.001000
0.486000 0.396000 0.726000 0.501000 1.360000 6.610000 0.785000 0.785000
272000.000000 96.599998 0.003000
1.073000 0.050000 0.116600
0.124870 0.069746 0.000356 0.000000
0.000000

0.000000 0.035333 1.286911
0.472571 0.083536 8.544401 46.480492 205.917252
0.000000 0.026443 0.131552 0.000000 0.000000 0.000000
0.000000 0.000000 0.000000
4.129936 1.000000 0.000000
764.299377 0.000000
0.000000 0.000000 0.000000 0.000000
0.000000 0.896835
8 0.020000 1.780000 0.001000
0.486000 0.396000 0.726000 0.501000 1.360000 6.610000 0.785000 0.785000
272000.000000 96.599998 0.003000
1.073000 0.050000 0.116600
0.124887 0.069757 0.000356 0.000000
0.000000

0.000000 0.034879 1.284946
0.472586 0.083768 8.548973 46.500408 205.920166
0.000000 0.026196 0.131524 0.000000 0.000000 0.000000
0.000000 0.000000 0.000000
4.159677 1.000000 0.000000
764.299377 0.000000
0.000000 0.000000 0.000000 0.000000
0.000000 0.910058
8 0.020000 1.800000 0.001000
0.486000 0.396000 0.726000 0.501000 1.360000 6.610000 0.785000 0.785000
272000.000000 96.599998 0.003000
1.073000 0.050000 0.116600
0.124900 0.069729 0.000356 0.000000
0.000000

0.000000 0.028962 1.240756
0.472563 0.083991 8.552821 46.516582 205.921448
0.000000 0.025724 0.131748 0.000000 0.000000 0.000000
0.000000 0.000000 0.000000
4.189048 1.000000 0.000000
764.299377 0.000000
0.000000 0.000000 0.000000 0.000000
0.000000 0.901770
8 0.020000 1.820000 0.001000
0.486000 0.396000 0.726000 0.501000 1.360000 6.610000 0.785000 0.785000
272000.000000 96.599998 0.003000
1.073000 0.050000 0.116600
0.124911 0.069744 0.000356 0.000000
0.000000

0.000000 0.029179 1.243823
0.472595 0.084221 8.557577 46.537643 205.922623
0.000000 0.024934 0.130808 0.000000 0.000000 0.000000
0.000000 0.000000 0.000000
4.218053 1.000000 0.000000
764.299377 0.000000
0.000000 0.000000 0.000000 0.000000
0.000000 0.898879
8 0.020000 1.840000 0.001000
0.486000 0.396000 0.726000 0.501000 1.360000 6.610000 0.785000 0.785000
272000.000000 96.599998 0.003000
1.073000 0.050000 0.116600
0.124929 0.069684 0.000356 0.000000
0.000000

0.000000 0.029389 1.246925
0.472630 0.084449 8.562358 46.558815 205.923248
0.000000 0.023910 0.129934 0.000000 0.000000 0.000000
0.000000 0.000000 0.000000
4.246697 1.000000 0.000000
764.299377 0.000000
0.000000 0.000000 0.000000 0.000000
0.000000 0.898018
8 0.020000 1.860000 0.001000
0.486000 0.396000 0.726000 0.501000 1.360000 6.610000 0.785000 0.785000
272000.000000 96.599998 0.003000
1.073000 0.050000 0.116600
0.124940 0.069665 0.000356 0.000000
0.000000

0.000000 0.029608 1.250004
0.472664 0.084675 8.567068 46.579727 205.923401
0.000000 0.022778 0.129463 0.000000 0.000000 0.000000
0.000000 0.000000 0.000000
4.274983 1.000000 0.000000
764.299377 0.000000
0.000000 0.000000 0.000000 0.000000
0.000000 0.896168
8 0.020000 1.880000 0.001000
0.486000 0.396000 0.726000 0.501000 1.360000 6.610000 0.785000 0.785000
272000.000000 96.599998 0.003000
1.073000 0.050000 0.116600
0.124957 0.069671 0.000356 0.000000
0.000000

0.000000 0.029804 1.252786
0.472679 0.084894 8.571346 46.598461 205.924301
0.000000 0.021689 0.129491 0.000000 0.000000 0.000000
0.000000 0.000000 0.000000
4.302914 1.000000 0.000000
764.299377 0.000000
0.000000 0.000000 0.000000 0.000000
0.000000 0.895390
8 0.020000 1.900000 0.001000
0.486000 0.396000 0.726000 0.501000 1.360000 6.610000 0.785000 0.785000
272000.000000 96.599998 0.003000
1.073000 0.050000 0.116600
0.124969 0.069677 0.000356 0.000000
0.000000

0.000000 0.030019 1.255827
0.472716 0.085115 8.576018 46.619259 205.924927
0.000000 0.020763 0.130001 0.000000 0.000000 0.000000
0.000000 0.000000 0.000000
4.330493 1.000000 0.000000
764.299377 0.000000
0.000000 0.000000 0.000000 0.000000
0.000000 0.893518
8 0.020000 1.920000 0.001000
0.486000 0.396000 0.726000 0.501000 1.360000 6.610000 0.785000 0.785000
272000.000000 96.599998 0.003000
1.073000 0.050000 0.116600
0.124981 0.069660 0.000356 0.000000
0.000000

0.000000 0.030226 1.259125
0.472774 0.085337 8.581021 46.641857 205.925873
0.000000 0.020054 0.130818 0.000000 0.000000 0.000000
0.000000 0.000000 0.000000
4.357723 1.000000 0.000000
764.299377 0.000000
0.000000 0.000000 0.000000 0.000000
0.000000 0.892108
8 0.020000 1.940000 0.001000
0.486000 0.396000 0.726000 0.501000 1.360000 6.610000 0.785000 0.785000
272000.000000 96.599998 0.003000
1.073000 0.050000 0.116600
0.124999 0.069622 0.000356 0.000000
0.000000

0.000000 0.030444 1.263081
0.472880 0.085565 8.586864 46.669083 205.926163
0.000000 0.019559 0.131851 0.000000 0.000000 0.000000
0.000000 0.000000 0.000000
4.384607 1.000000 0.000000
764.299377 0.000000
0.000000 0.000000 0.000000 0.000000
0.000000 0.890746
8 0.020000 1.960000 0.001000
0.486000 0.396000 0.726000 0.501000 1.360000 6.610000 0.785000 0.785000
272000.000000 96.599998 0.003000
1.073000 0.050000 0.116600
0.125014 0.069609 0.000355 0.000000
0.000000

0.000000 0.030657 1.271888
0.473354 0.085858 8.599321 46.732277 205.923706
0.000000 0.019239 0.133051 0.000000 0.000000 0.000000
0.000000 0.000000 0.000000
4.411147 1.000000 0.000000
764.299377 0.000000
0.000000 0.000000 0.000000 0.000000
0.000000 0.889691
8 0.020000 1.980000 0.001000
0.486000 0.396000 0.726000 0.501000 1.360000 6.610000 0.785000 0.785000
272000.000000 96.599998 0.003000
1.073000 0.050000 0.116600
0.125058 0.069550 0.000355 0.000000
0.000000

0.000000 0.030876 1.285469
0.474186 0.086214 8.618251 46.830772 205.919861
0.000000 0.100210 0.183920 0.000000 0.000000 0.000000
0.000000 0.000000 0.000000
4.437346 1.000000 0.000000
764.299377 0.000000
0.000000 0.000000 0.000000 0.000000
0.000000 0.889191
8 0.020000 2.000000 0.001000
0.486000 0.396000 0.726000 0.501000 1.360000 6.610000 0.785000 0.785000
272000.000000 96.599998 0.003000
1.073000 0.050000 0.116600
0.125124 0.069585 0.000355 0.000000
0.000000
1.000000
2.000000
0.000000 0.000000
0.000000
0
-0.740000
0 0
0.000000
1
0.000000
1.000000
1.000000
1.000000
0.000000 0.000000 0.000000
0.000000 0.000000
0.000000 0.000000 0.000000 0.000000 0.000000 0.000000 0.000000
0.000000 0.000000 0.000000 0.000000 0.000000 0.000000 0.000000
603
2.000000
1
C:\DNDC\sites\Ottawa\CEFSoilc.spf
-1.000000 -1.000000
0.000000
37
37
10.000000
105
0.000000
0.000000
256
0.000000
479938.593750
1
