7
Clay_loam
0.314000 0.490000 0.006410 0.726000 0.398000 1.000000 0.000000 0.000000
1.350000 6.610000 1 0.031000 0.500000 0.050000 0.010000 0.240000 0.750000
0.000000 0.020000 2.000000 270000.000000 96.599998 100
0.233300 1.944000 3.025300 0.000000 1
10.000000 10.000000 10.000000 5.000000 25.000000 100.000000
0.000000 0.006107 0.006994 0.000000 0.000000 0.000000
500.000000 0.000000 0.000000

22.410536 556.055908 5311.219727
68.566872 15.705479 1361.805542 7230.918457 6647.669434
0.000000 45.737419 4.193527 1.010348 0.000000 0.000000
0.000233 0.001775 0.000125
-2.276025 0.109296 60.437023
764.299377 0.000000
6.170933 0.000000 0.000000 0.000000
0.000000 16.535646
7 0.020000 0.020000 0.031000
0.490000 0.314000 0.726000 0.398000 1.350000 6.610000 0.726000 0.726000
270000.000000 96.599998 0.006410
1.073000 0.050000 0.116600
217.084015 6.876657 0.004102 0.000000
0.000000

0.726509 41.581539 317.623901
15.340340 3.274616 271.320038 1667.173340 6339.531738
0.000000 0.340991 0.570481 0.505174 0.000000 0.000000
0.000011 0.001246 0.000029
-2.048224 0.115164 59.861977
764.299377 0.000000
1.218406 0.000000 0.000000 0.000000
0.000000 3.764850
7 0.020000 0.040000 0.031000
0.490000 0.314000 0.726000 0.398000 1.350000 6.610000 0.726000 0.726000
270000.000000 96.599998 0.006410
1.073000 0.050000 0.116600
3.780969 1.919186 0.001162 0.000000
0.000000

0.000002 26.310541 39.331970
13.709367 2.755939 240.685303 1471.544434 6331.894531
0.000000 0.224259 0.468687 0.252587 0.000000 0.000000
0.000001 0.001007 0.000024
-1.888618 0.119889 59.398911
764.299377 0.000000
0.988796 0.000000 0.000000 0.000000
0.000000 5.021818
7 0.020000 0.060000 0.031000
0.490000 0.314000 0.726000 0.398000 1.350000 6.610000 0.726000 0.726000
270000.000000 96.599998 0.006410
1.073000 0.050000 0.116600
3.784089 1.964092 0.001238 0.000000
0.000000

0.000000 23.072781 34.757019
13.873585 2.621602 240.549850 1464.718628 6330.904297
0.000000 0.097637 0.353610 0.126294 0.000000 0.000000
0.000000 0.000516 0.000015
-1.732391 0.125123 58.885979
764.299377 0.000000
0.904171 0.000000 0.000000 0.000000
0.000000 3.726723
7 0.020000 0.080000 0.031000
0.490000 0.314000 0.726000 0.398000 1.350000 6.610000 0.726000 0.726000
270000.000000 96.599998 0.006410
1.073000 0.050000 0.116600
3.788417 1.848830 0.001216 0.000000
0.000000

0.000000 21.072859 31.735161
11.500986 2.048362 196.451508 1196.354614 5106.001465
0.000000 0.024177 0.202037 0.063147 0.000000 0.000000
0.000000 0.000407 0.000000
-1.579477 0.130965 58.313435
764.299377 0.000000
0.673875 0.000000 0.000000 0.000000
0.000000 1.882660
7 0.020000 0.100000 0.025000
0.490000 0.314000 0.726000 0.398000 1.350000 6.610000 0.726000 0.726000
270000.000000 96.599998 0.006410
1.073000 0.050000 0.116600
3.058110 1.440491 0.000988 0.000000
0.000000

0.000000 19.207336 114.666077
11.640934 1.962385 195.913803 1192.103027 5106.262695
0.000000 0.006765 0.158021 0.031573 0.000000 0.000000
0.000000 0.000344 0.000000
-1.429852 0.137546 57.668530
764.299377 0.000000
0.609586 0.000000 0.000000 0.000000
0.000000 1.237602
7 0.020000 0.120000 0.025000
0.490000 0.314000 0.726000 0.398000 1.350000 6.610000 0.726000 0.726000
270000.000000 96.599998 0.006410
1.073000 0.050000 0.116600
3.054354 1.181277 0.000850 0.000000
0.000000

0.000000 12.852530 92.232857
11.597688 1.868276 194.701523 1177.092285 5104.961426
0.000000 0.004460 0.143250 0.015787 0.000000 0.000000
0.000000 0.000102 0.000000
-1.283383 0.145038 56.934242
764.299377 0.000000
0.539160 0.000000 0.000000 0.000000
0.000000 0.992370
7 0.020000 0.140000 0.025000
0.490000 0.314000 0.726000 0.398000 1.350000 6.610000 0.726000 0.726000
270000.000000 96.599998 0.006410
1.073000 0.050000 0.116600
3.059447 1.106636 0.000839 0.000000
0.000000

0.000000 42.679985 87.367050
11.637710 1.795733 194.290466 1168.636719 5103.550293
0.000000 0.003813 0.134069 0.007893 0.000000 0.000000
0.000000 0.000061 0.000000
-1.139907 0.153682 56.087189
764.299377 0.000000
0.475603 0.000000 0.000000 0.000000
0.000000 0.875449
7 0.020000 0.160000 0.025000
0.490000 0.314000 0.726000 0.398000 1.350000 6.610000 0.726000 0.726000
270000.000000 96.599998 0.006410
1.073000 0.050000 0.116600
3.064733 0.983067 0.000789 0.000000
0.000000

0.000000 40.010082 78.099693
9.520643 1.415269 157.961395 944.674438 4082.318359
0.000000 0.002480 0.101296 0.003947 0.000000 0.000000
0.000000 0.000003 0.000000
-0.999137 0.163814 55.094250
764.299377 0.000000
0.337886 0.000000 0.000000 0.000000
0.000000 0.725093
7 0.020000 0.180000 0.020000
0.490000 0.314000 0.726000 0.398000 1.350000 6.610000 0.726000 0.726000
270000.000000 96.599998 0.006410
1.073000 0.050000 0.116600
2.456224 0.768215 0.000656 0.000000
0.000000

0.000000 37.664619 74.163315
9.615820 1.389288 159.170380 945.347351 4081.608398
0.000000 0.009547 0.110951 0.001973 0.000000 0.000000
0.000000 0.000002 0.000000
-0.860692 0.175933 53.906578
764.299377 0.000000
0.291661 0.000000 0.000000 0.000000
0.000000 1.679190
7 0.020000 0.200000 0.020000
0.490000 0.314000 0.726000 0.398000 1.350000 6.610000 0.726000 0.726000
270000.000000 96.599998 0.006410
1.073000 0.050000 0.116600
2.460542 1.989827 0.001843 0.000000
0.000000

0.000000 35.085724 70.401253
9.692301 1.374779 160.059998 946.600220 4080.933838
0.000000 0.031215 0.122905 0.000987 0.000000 0.000000
0.000000 0.000001 0.000000
-0.723746 0.190810 52.448639
764.299377 0.000000
0.245602 0.000000 0.000000 0.000000
0.000000 7.388015
7 0.020000 0.220000 0.020000
0.490000 0.314000 0.726000 0.398000 1.350000 6.610000 0.726000 0.726000
270000.000000 96.599998 0.006410
1.073000 0.050000 0.116600
2.464560 2.711261 0.002741 0.000000
0.000000

0.000000 32.897453 67.246246
9.878978 1.472530 161.245895 948.904846 4080.087891
0.000000 0.019316 0.095622 0.000493 0.000000 0.000000
0.000000 0.000007 0.000000
-0.586528 0.209715 50.595924
764.299377 0.000000
0.000000 0.000000 0.000000 0.000000
0.000000 8.456159
7 0.020000 0.240000 0.020000
0.490000 0.314000 0.726000 0.398000 1.350000 6.610000 0.726000 0.726000
270000.000000 96.599998 0.006410
1.073000 0.050000 0.116600
2.469128 1.627804 0.001795 0.000000
0.000000

0.000000 30.224827 63.531544
9.874331 1.463303 161.501678 947.888733 4079.906494
0.000000 0.010622 0.089245 0.000247 0.000000 0.000000
0.000000 0.000004 0.000000
-0.443876 0.234928 48.125103
764.299377 0.000000
0.000000 0.000000 0.000000 0.000000
0.000000 8.093138
7 0.020000 0.260000 0.020000
0.490000 0.314000 0.726000 0.398000 1.350000 6.610000 0.726000 0.726000
270000.000000 96.599998 0.006410
1.073000 0.050000 0.116600
2.470736 1.404755 0.001734 0.000000
0.000000

0.000000 30.886276 61.999092
9.085794 1.336951 150.285110 871.071716 3668.799805
0.000000 0.006008 0.067361 0.000123 0.000000 0.000000
0.000000 0.000003 0.000000
-0.281641 0.270038 52.121929
764.299377 0.000000
0.000000 0.000000 0.000000 0.000000
0.000000 13.206038
7 0.020000 0.280000 0.018000
0.490000 0.314000 0.726000 0.398000 1.350000 6.610000 0.726000 0.726000
270000.000000 96.599998 0.000070
1.073000 0.050000 0.116600
2.237729 1.808609 0.002590 0.000000
0.000000

0.000000 29.122393 59.745934
9.096075 1.361265 151.550049 874.149902 3667.803467
0.000000 0.001318 0.058127 0.000062 0.000000 0.000000
0.000000 0.000002 0.000000
-0.130779 0.322457 55.418747
764.299377 0.000000
0.000000 0.000000 0.000000 0.000000
0.000000 10.206100
7 0.020000 0.300000 0.018000
0.490000 0.314000 0.726000 0.398000 1.350000 6.610000 0.726000 0.726000
270000.000000 96.599998 0.000070
1.073000 0.050000 0.116600
2.242007 1.320274 0.002250 0.000000
0.000000

0.000000 26.108047 56.120071
8.994764 1.411425 150.990555 871.491455 3667.970703
0.000000 0.000316 0.059046 0.000031 0.000000 0.000000
0.000000 0.000002 0.000000
-0.041435 0.416364 50.815170
764.299377 0.000000
0.000000 0.000000 0.000000 0.000000
0.000000 8.087700
7 0.020000 0.320000 0.018000
0.490000 0.314000 0.726000 0.398000 1.350000 6.610000 0.726000 0.726000
270000.000000 96.599998 0.000070
1.073000 0.050000 0.116600
2.241437 1.252668 0.002745 0.000000
0.000000

0.000000 24.605072 51.323460
7.952666 1.308794 135.786163 774.537476 3203.580811
0.000000 0.000235 0.046023 0.000015 0.000000 0.000000
0.000000 0.000002 0.000000
0.001054 0.694071 25.929203
764.299377 0.000000
0.000000 0.000000 0.000000 0.000000
0.000000 6.665703
8 0.020000 0.340000 0.015500
0.483000 0.377000 0.726000 0.484000 1.370000 6.610000 0.770000 0.770000
274000.000000 96.599998 0.000070
1.073000 0.050000 0.116600
1.967914 1.092530 0.003850 0.000000
0.000000

0.000000 22.173241 48.393951
7.866520 1.362750 135.386917 772.586914 3203.700928
0.000000 0.000038 0.047487 0.000008 0.000000 0.000000
0.000000 0.000001 0.000001
0.041003 0.972288 0.000000
764.299377 0.000000
0.000000 0.000000 0.000000 0.000000
0.000000 5.897750
8 0.020000 0.360000 0.015500
0.483000 0.377000 0.726000 0.484000 1.370000 6.610000 0.770000 0.770000
274000.000000 96.599998 0.000070
1.073000 0.050000 0.116600
1.967569 1.069846 0.005268 0.000000
0.000000

0.000000 19.950649 45.721104
7.783000 1.420286 134.959152 770.748291 3203.868652
0.000000 0.000008 0.049422 0.000004 0.000000 0.000000
0.000000 0.000001 0.000001
0.135916 0.976796 0.000000
764.299377 0.000000
0.000000 0.000000 0.000000 0.000000
0.000000 5.492001
8 0.020000 0.380000 0.015500
0.483000 0.377000 0.726000 0.484000 1.370000 6.610000 0.770000 0.770000
274000.000000 96.599998 0.000070
1.073000 0.050000 0.116600
1.967167 1.066671 0.005277 0.000000
0.000000

0.000000 18.002958 43.343987
7.706960 1.476098 134.606522 769.155945 3203.963867
0.000000 0.000006 0.051501 0.000002 0.000000 0.000000
0.000000 0.000001 0.000001
0.228364 0.978212 0.000000
764.299377 0.000000
0.000000 0.000000 0.000000 0.000000
0.000000 5.287088
8 0.020000 0.400000 0.015500
0.483000 0.377000 0.726000 0.484000 1.370000 6.610000 0.770000 0.770000
274000.000000 96.599998 0.000070
1.073000 0.050000 0.116600
1.966886 1.066824 0.005286 0.000000
0.000000

0.000000 16.268461 41.239189
7.639527 1.530846 134.331573 767.875000 3204.042725
0.000000 0.000005 0.053258 0.000001 0.000000 0.000000
0.000000 0.000001 0.000000
0.318627 0.975677 0.000000
764.299377 0.000000
0.000000 0.000000 0.000000 0.000000
0.000000 5.198696
8 0.020000 0.420000 0.015500
0.483000 0.377000 0.726000 0.484000 1.370000 6.610000 0.770000 0.770000
274000.000000 96.599998 0.000070
1.073000 0.050000 0.116600
1.966764 1.066880 0.005272 0.000000
0.000000

0.000000 14.660315 39.284904
7.576662 1.584207 134.067032 766.530579 3204.167236
0.000000 0.000005 0.055027 0.000000 0.000000 0.000000
0.000000 0.000001 0.000000
0.407127 0.963288 0.000000
764.299377 0.000000
0.000000 0.000000 0.000000 0.000000
0.000000 5.179984
8 0.020000 0.440000 0.015500
0.483000 0.377000 0.726000 0.484000 1.370000 6.610000 0.770000 0.770000
274000.000000 96.599998 0.000070
1.073000 0.050000 0.116600
1.966521 1.066158 0.005201 0.000000
0.000000

0.000000 13.254012 37.580715
7.520288 1.637254 133.882248 765.523987 3204.229736
0.000000 0.000004 0.056492 0.000000 0.000000 0.000000
0.000000 0.000000 0.000000
0.494709 0.927827 0.000000
764.299377 0.000000
0.000000 0.000000 0.000000 0.000000
0.000000 5.177596
8 0.020000 0.460000 0.015500
0.483000 0.377000 0.726000 0.484000 1.370000 6.610000 0.770000 0.770000
274000.000000 96.599998 0.000070
1.073000 0.050000 0.116600
1.966479 1.065275 0.005006 0.000000
0.000000

0.000000 12.008021 36.062943
7.465221 1.689939 133.747406 764.688354 3204.261963
0.000000 0.000289 0.062977 0.000000 0.000000 0.000000
0.000000 0.000000 0.000000
0.582705 0.864079 0.000000
764.299377 0.000000
0.000000 0.000000 0.000000 0.000000
0.000000 5.159008
8 0.020000 0.480000 0.015500
0.483000 0.377000 0.726000 0.484000 1.370000 6.610000 0.770000 0.770000
274000.000000 96.599998 0.000070
1.073000 0.050000 0.116600
1.966510 1.065268 0.004662 0.000000
0.000000

0.000000 10.895103 34.718887
7.408326 1.742279 133.663681 764.055725 3204.315430
0.000000 0.000017 0.058851 0.000000 0.000000 0.000000
0.000000 0.000000 0.000000
0.671951 0.805862 0.000000
764.299377 0.000000
0.000000 0.000000 0.000000 0.000000
0.000000 5.137059
8 0.020000 0.500000 0.015500
0.483000 0.377000 0.726000 0.484000 1.370000 6.610000 0.770000 0.770000
274000.000000 96.599998 0.000070
1.073000 0.050000 0.116600
1.966640 1.065161 0.004347 0.000000
0.000000

0.000000 9.896537 33.522396
7.350637 1.793950 133.643906 763.555664 3204.332275
0.000000 0.000002 0.056898 0.000000 0.000000 0.000000
0.000000 0.000000 0.000000
0.761805 0.779591 0.000000
764.299377 0.000000
0.000000 0.000000 0.000000 0.000000
0.000000 5.061388
8 0.020000 0.520000 0.015500
0.483000 0.377000 0.726000 0.484000 1.370000 6.610000 0.770000 0.770000
274000.000000 96.599998 0.000070
1.073000 0.050000 0.116600
1.966809 1.064970 0.004205 0.000000
0.000000

0.000000 7.779224 20.042719
3.714542 0.938995 66.862137 388.881042 1655.694092
0.000000 0.000049 0.032887 0.000000 0.000000 0.000000
0.000000 0.000000 0.000000
0.851154 0.770000 0.000000
764.299377 0.000000
0.000000 0.000000 0.000000 0.000000
0.000000 4.605750
8 0.020000 0.540000 0.008000
0.483000 0.377000 0.726000 0.484000 1.370000 6.610000 0.770000 0.770000
274000.000000 96.599998 0.002410
1.073000 0.050000 0.116600
1.008947 0.614586 0.002391 0.000000
0.000000

0.000000 7.114433 19.187452
3.686810 0.964108 66.906120 388.744873 1655.640381
0.000000 0.000058 0.033632 0.000000 0.000000 0.000000
0.000000 0.000000 0.000000
0.939397 0.770000 0.000000
764.299377 0.000000
0.000000 0.000000 0.000000 0.000000
0.000000 4.335215
8 0.020000 0.560000 0.008000
0.483000 0.377000 0.726000 0.484000 1.370000 6.610000 0.770000 0.770000
274000.000000 96.599998 0.002410
1.073000 0.050000 0.116600
1.009320 0.570800 0.002220 0.000000
0.000000

0.000000 6.496344 18.410288
3.660403 0.988600 66.954636 388.660919 1655.593140
0.000000 0.000002 0.032257 0.000000 0.000000 0.000000
0.000000 0.000000 0.000000
1.026356 0.770000 0.000000
764.299377 0.000000
0.000000 0.000000 0.000000 0.000000
0.000000 4.166023
8 0.020000 0.580000 0.008000
0.483000 0.377000 0.726000 0.484000 1.370000 6.610000 0.770000 0.770000
274000.000000 96.599998 0.002410
1.073000 0.050000 0.116600
1.009688 0.561342 0.002183 0.000000
0.000000

0.000000 5.931607 17.725611
3.636236 1.012782 67.021004 388.734070 1655.530029
0.000000 0.000013 0.035741 0.000000 0.000000 0.000000
0.000000 0.000000 0.000000
1.112103 0.770000 0.000000
764.299377 0.000000
0.000000 0.000000 0.000000 0.000000
0.000000 4.064563
8 0.020000 0.600000 0.008000
0.483000 0.377000 0.726000 0.484000 1.370000 6.610000 0.770000 0.770000
274000.000000 96.599998 0.002410
1.073000 0.050000 0.116600
1.010108 0.559877 0.002178 0.000000
0.000000

0.000000 5.425458 17.114584
3.613325 1.036450 67.101868 388.849884 1655.457520
0.000000 0.001554 0.063115 0.000000 0.000000 0.000000
0.000000 0.000000 0.000000
1.196708 0.770000 0.000000
764.299377 0.000000
0.000000 0.000000 0.000000 0.000000
0.000000 3.999870
8 0.020000 0.620000 0.008000
0.483000 0.377000 0.726000 0.484000 1.370000 6.610000 0.770000 0.770000
274000.000000 96.599998 0.002410
1.073000 0.050000 0.116600
1.010529 0.559000 0.002174 0.000000
0.000000

0.000000 4.961843 16.575039
3.590523 1.059299 67.182396 389.049042 1655.397705
0.000000 0.000828 0.067629 0.000000 0.000000 0.000000
0.000000 0.000000 0.000000
1.280230 0.770000 0.000000
764.299377 0.000000
0.000000 0.000000 0.000000 0.000000
0.000000 3.957161
8 0.020000 0.640000 0.008000
0.483000 0.377000 0.726000 0.484000 1.370000 6.610000 0.770000 0.770000
274000.000000 96.599998 0.002410
1.073000 0.050000 0.116600
1.010971 0.556331 0.002164 0.000000
0.000000

0.000000 4.548310 16.107651
3.567636 1.081281 67.294151 389.334656 1655.295410
0.000000 0.006496 0.131994 0.000000 0.000000 0.000000
0.000000 0.000000 0.000000
1.362727 0.770000 0.000000
764.299377 0.000000
0.000000 0.000000 0.000000 0.000000
0.000000 3.917731
8 0.020000 0.660000 0.008000
0.483000 0.377000 0.726000 0.484000 1.370000 6.610000 0.770000 0.770000
274000.000000 96.599998 0.002410
1.073000 0.050000 0.116600
1.011449 0.555595 0.002161 0.000000
0.000000

0.000000 4.169988 15.724603
3.547972 1.103470 67.433220 389.900757 1655.182739
0.000000 0.012919 0.156893 0.000000 0.000000 0.000000
0.000000 0.000000 0.000000
1.444247 0.770000 0.000000
764.299377 0.000000
0.000000 0.000000 0.000000 0.000000
0.000000 3.885176
8 0.020000 0.680000 0.008000
0.483000 0.377000 0.726000 0.484000 1.370000 6.610000 0.770000 0.770000
274000.000000 96.599998 0.002410
1.073000 0.050000 0.116600
1.012066 0.556791 0.002166 0.000000
0.000000

0.000000 3.829591 15.411138
3.530857 1.125562 67.620430 390.586304 1655.006958
0.000000 0.016348 0.165099 0.000000 0.000000 0.000000
0.000000 0.000000 0.000000
1.524698 0.775778 0.000000
764.299377 0.000000
0.000000 0.000000 0.000000 0.000000
0.000000 3.851898
8 0.020000 0.700000 0.008000
0.483000 0.377000 0.726000 0.484000 1.370000 6.610000 0.770000 0.770000
274000.000000 96.599998 0.002410
1.073000 0.050000 0.116600
1.012763 0.556489 0.002181 0.000000
0.000000

0.000000 3.527276 15.156428
3.509974 1.145101 67.857422 391.345459 1654.821167
0.000000 0.018590 0.172642 0.000000 0.000000 0.000000
0.000000 0.000000 0.000000
1.599352 1.000000 0.000000
764.299377 0.000000
0.000000 0.000000 0.000000 0.000000
0.000000 3.800797
8 0.020000 0.720000 0.008000
0.483000 0.377000 0.726000 0.484000 1.370000 6.610000 0.770000 0.770000
274000.000000 96.599998 0.002410
1.073000 0.050000 0.116600
1.013501 0.555663 0.002807 0.000000
0.000000

0.000000 3.340429 11.005733
2.195376 0.730844 42.855694 245.671494 1026.375000
0.000000 0.016941 0.113426 0.000000 0.000000 0.000000
0.000000 0.000000 0.000000
1.668748 1.000000 0.000000
764.299377 0.000000
0.000000 0.000000 0.000000 0.000000
0.000000 3.495344
8 0.020000 0.740000 0.005000
0.486000 0.396000 0.726000 0.501000 1.360000 6.610000 0.785000 0.785000
272000.000000 96.599998 0.003000
1.073000 0.050000 0.116600
0.630360 0.354065 0.001811 0.000000
0.000000

0.000000 3.119853 10.842094
2.191868 0.744083 43.077221 246.430588 1026.144653
0.000000 0.013053 0.109185 0.000000 0.000000 0.000000
0.000000 0.000000 0.000000
1.737146 1.000000 0.000000
764.299377 0.000000
0.000000 0.000000 0.000000 0.000000
0.000000 3.279100
8 0.020000 0.760000 0.005000
0.486000 0.396000 0.726000 0.501000 1.360000 6.610000 0.785000 0.785000
272000.000000 96.599998 0.003000
1.073000 0.050000 0.116600
0.631065 0.347029 0.001775 0.000000
0.000000

0.000000 2.916938 10.719394
2.189325 0.757365 43.381496 247.203049 1025.951538
0.000000 0.017705 0.114710 0.000000 0.000000 0.000000
0.000000 0.000000 0.000000
1.804675 1.000000 0.000000
764.299377 0.000000
0.000000 0.000000 0.000000 0.000000
0.000000 3.154941
8 0.020000 0.780000 0.005000
0.486000 0.396000 0.726000 0.501000 1.360000 6.610000 0.785000 0.785000
272000.000000 96.599998 0.003000
1.073000 0.050000 0.116600
0.631802 0.345968 0.001769 0.000000
0.000000

0.000000 2.751320 10.652692
2.188071 0.770826 43.795120 248.005081 1025.727051
0.000000 0.062543 0.148605 0.000000 0.000000 0.000000
0.000000 0.000000 0.000000
1.871356 1.000000 0.000000
764.299377 0.000000
0.000000 0.000000 0.000000 0.000000
0.000000 5.183720
8 0.020000 0.800000 0.005000
0.486000 0.396000 0.726000 0.501000 1.360000 6.610000 0.785000 0.785000
272000.000000 96.599998 0.003000
1.073000 0.050000 0.116600
0.632605 0.343604 0.001757 0.000000
0.000000

0.000000 2.650537 10.692704
2.190145 0.785222 44.365990 249.060425 1025.437744
0.000000 0.032543 0.122155 0.000000 0.000000 0.000000
0.000000 0.000000 0.000000
1.937207 1.000000 0.000000
764.299377 0.000000
0.000000 0.000000 0.000000 0.000000
0.000000 3.500262
8 0.020000 0.820000 0.005000
0.486000 0.396000 0.726000 0.501000 1.360000 6.610000 0.785000 0.785000
272000.000000 96.599998 0.003000
1.073000 0.050000 0.116600
0.633626 0.339868 0.001738 0.000000
0.000000

0.000000 2.546659 10.749193
2.192192 0.799401 44.815643 250.214218 1025.161987
0.000000 0.012213 0.094589 0.000000 0.000000 0.000000
0.000000 0.000000 0.000000
2.002242 1.000000 0.000000
764.299377 0.000000
0.000000 0.000000 0.000000 0.000000
0.000000 3.565409
8 0.020000 0.840000 0.005000
0.486000 0.396000 0.726000 0.501000 1.360000 6.610000 0.785000 0.785000
272000.000000 96.599998 0.003000
1.073000 0.050000 0.116600
0.634612 0.339466 0.001736 0.000000
0.000000

0.000000 2.400863 10.740497
2.191220 0.812259 45.087944 251.124634 1024.946899
0.000000 0.005799 0.080051 0.000000 0.000000 0.000000
0.000000 0.000000 0.000000
2.066474 1.000000 0.000000
764.299377 0.000000
0.000000 0.000000 0.000000 0.000000
0.000000 2.658651
8 0.020000 0.860000 0.005000
0.486000 0.396000 0.726000 0.501000 1.360000 6.610000 0.785000 0.785000
272000.000000 96.599998 0.003000
1.073000 0.050000 0.116600
0.635343 0.339637 0.001737 0.000000
0.000000

0.000000 2.228844 10.656545
2.186617 0.823512 45.234608 251.648773 1024.827515
0.000000 0.002858 0.071314 0.000000 0.000000 0.000000
0.000000 0.000000 0.000000
2.129912 1.000000 0.000000
764.299377 0.000000
0.000000 0.000000 0.000000 0.000000
0.000000 2.606071
8 0.020000 0.880000 0.005000
0.486000 0.396000 0.726000 0.501000 1.360000 6.610000 0.785000 0.785000
272000.000000 96.599998 0.003000
1.073000 0.050000 0.116600
0.635774 0.336851 0.001723 0.000000
0.000000

0.000000 2.071208 10.586111
2.182017 0.834486 45.381603 252.143616 1024.718018
0.000000 0.001873 0.072515 0.000000 0.000000 0.000000
0.000000 0.000000 0.000000
2.192563 1.000000 0.000000
764.299377 0.000000
0.000000 0.000000 0.000000 0.000000
0.000000 2.616822
8 0.020000 0.900000 0.005000
0.486000 0.396000 0.726000 0.501000 1.360000 6.610000 0.785000 0.785000
272000.000000 96.599998 0.003000
1.073000 0.050000 0.116600
0.636184 0.336619 0.001722 0.000000
0.000000

0.000000 1.582386 10.344456
2.179159 0.845884 45.579632 252.840302 1024.551025
0.000000 0.007239 0.125094 0.000000 0.000000 0.000000
0.000000 0.000000 0.000000
2.254433 1.000000 0.000000
764.299377 0.000000
0.000000 0.000000 0.000000 0.000000
0.000000 2.566916
8 0.020000 0.920000 0.005000
0.486000 0.396000 0.726000 0.501000 1.360000 6.610000 0.785000 0.785000
272000.000000 96.599998 0.003000
1.073000 0.050000 0.116600
0.636729 0.336895 0.001723 0.000000
0.000000

0.000000 1.497840 3.349269
0.441447 0.173735 9.255560 51.271137 204.879425
0.000000 0.031380 0.096896 0.000000 0.000000 0.000000
0.000000 0.000000 0.000000
2.315526 1.000000 0.000000
764.299377 0.000000
0.000000 0.000000 0.000000 0.000000
0.000000 1.397081
8 0.020000 0.940000 0.001000
0.486000 0.396000 0.726000 0.501000 1.360000 6.610000 0.785000 0.785000
272000.000000 96.599998 0.003000
1.073000 0.050000 0.116600
0.127468 0.072877 0.000372 0.000000
0.000000

0.000000 1.443378 3.283030
0.440925 0.175964 9.294873 51.406132 204.841660
0.000000 0.037991 0.090107 0.000000 0.000000 0.000000
0.000000 0.000000 0.000000
2.375846 1.000000 0.000000
764.299377 0.000000
0.000000 0.000000 0.000000 0.000000
0.000000 1.222083
8 0.020000 0.960000 0.001000
0.486000 0.396000 0.726000 0.501000 1.360000 6.610000 0.785000 0.785000
272000.000000 96.599998 0.003000
1.073000 0.050000 0.116600
0.127616 0.068228 0.000348 0.000000
0.000000

0.000000 1.380024 3.220135
0.440400 0.178143 9.340002 51.531052 204.802750
0.000000 0.034016 0.084908 0.000000 0.000000 0.000000
0.000000 0.000000 0.000000
2.435395 1.000000 0.000000
764.299377 0.000000
0.000000 0.000000 0.000000 0.000000
0.000000 1.155504
8 0.020000 0.980000 0.001000
0.486000 0.396000 0.726000 0.501000 1.360000 6.610000 0.785000 0.785000
272000.000000 96.599998 0.003000
1.073000 0.050000 0.116600
0.127751 0.067155 0.000343 0.000000
0.000000

0.000000 1.180854 3.082130
0.441446 0.180928 9.492106 51.779823 204.729095
0.000000 0.024981 0.084396 0.000000 0.000000 0.000000
0.000000 0.000000 0.000000
2.494174 1.000000 0.000000
764.299377 0.000000
0.000000 0.000000 0.000000 0.000000
0.000000 1.166567
8 0.020000 1.000000 0.001000
0.486000 0.396000 0.726000 0.501000 1.360000 6.610000 0.785000 0.785000
272000.000000 96.599998 0.003000
1.073000 0.050000 0.116600
0.128034 0.066795 0.000341 0.000000
0.000000

0.000000 1.114218 3.032357
0.440760 0.182952 9.514979 51.896229 204.703827
0.000000 0.016446 0.084571 0.000000 0.000000 0.000000
0.000000 0.000000 0.000000
2.552183 1.000000 0.000000
764.299377 0.000000
0.000000 0.000000 0.000000 0.000000
0.000000 0.980029
8 0.020000 1.020000 0.001000
0.486000 0.396000 0.726000 0.501000 1.360000 6.610000 0.785000 0.785000
272000.000000 96.599998 0.003000
1.073000 0.050000 0.116600
0.128135 0.066447 0.000339 0.000000
0.000000

0.000000 1.031191 2.952344
0.438921 0.184444 9.512421 51.874245 204.702225
0.000000 0.010687 0.084133 0.000000 0.000000 0.000000
0.000000 0.000000 0.000000
2.609422 1.000000 0.000000
764.299377 0.000000
0.000000 0.000000 0.000000 0.000000
0.000000 0.966961
8 0.020000 1.040000 0.001000
0.486000 0.396000 0.726000 0.501000 1.360000 6.610000 0.785000 0.785000
272000.000000 96.599998 0.003000
1.073000 0.050000 0.116600
0.128139 0.066391 0.000339 0.000000
0.000000

0.000000 0.821574 2.776127
0.436872 0.185797 9.507105 51.837326 204.699722
0.000000 0.007381 0.081005 0.000000 0.000000 0.000000
0.000000 0.000000 0.000000
2.665892 1.000000 0.000000
764.299377 0.000000
0.000000 0.000000 0.000000 0.000000
0.000000 0.955980
8 0.020000 1.060000 0.001000
0.486000 0.396000 0.726000 0.501000 1.360000 6.610000 0.785000 0.785000
272000.000000 96.599998 0.003000
1.073000 0.050000 0.116600
0.128144 0.066342 0.000339 0.000000
0.000000

0.000000 0.765727 2.720802
0.435210 0.187242 9.505966 51.823399 204.698990
0.000000 0.006199 0.089024 0.000000 0.000000 0.000000
0.000000 0.000000 0.000000
2.721591 1.000000 0.000000
764.299377 0.000000
0.000000 0.000000 0.000000 0.000000
0.000000 1.044370
8 0.020000 1.080000 0.001000
0.486000 0.396000 0.726000 0.501000 1.360000 6.610000 0.785000 0.785000
272000.000000 96.599998 0.003000
1.073000 0.050000 0.116600
0.128151 0.066576 0.000340 0.000000
0.000000

0.000000 0.715248 2.670809
0.433605 0.188654 9.505100 51.810978 204.698303
0.000000 0.005538 0.085165 0.000000 0.000000 0.000000
0.000000 0.000000 0.000000
2.776520 1.000000 0.000000
764.299377 0.000000
0.000000 0.000000 0.000000 0.000000
0.000000 0.956454
8 0.020000 1.100000 0.001000
0.486000 0.396000 0.726000 0.501000 1.360000 6.610000 0.785000 0.785000
272000.000000 96.599998 0.003000
1.073000 0.050000 0.116600
0.128158 0.066309 0.000339 0.000000
0.000000

0.000000 0.669225 2.625338
0.432046 0.190032 9.504292 51.799076 204.698105
0.000000 0.005173 0.082476 0.000000 0.000000 0.000000
0.000000 0.000000 0.000000
2.830677 1.000000 0.000000
764.299377 0.000000
0.000000 0.000000 0.000000 0.000000
0.000000 0.951549
8 0.020000 1.120000 0.001000
0.486000 0.396000 0.726000 0.501000 1.360000 6.610000 0.785000 0.785000
272000.000000 96.599998 0.003000
1.073000 0.050000 0.116600
0.128160 0.066289 0.000339 0.000000
0.000000

0.000000 0.627513 2.584433
0.430549 0.191381 9.503903 51.789562 204.697891
0.000000 0.004822 0.080959 0.000000 0.000000 0.000000
0.000000 0.000000 0.000000
2.884062 1.000000 0.000000
764.299377 0.000000
0.000000 0.000000 0.000000 0.000000
0.000000 0.990449
8 0.020000 1.140000 0.001000
0.486000 0.396000 0.726000 0.501000 1.360000 6.610000 0.785000 0.785000
272000.000000 96.599998 0.003000
1.073000 0.050000 0.116600
0.128166 0.066500 0.000340 0.000000
0.000000

0.000000 0.515386 2.486090
0.428915 0.192624 9.501254 51.767826 204.697067
0.000000 0.005027 0.093686 0.000000 0.000000 0.000000
0.000000 0.000000 0.000000
2.936674 1.000000 0.000000
764.299377 0.000000
0.000000 0.000000 0.000000 0.000000
0.000000 0.948094
8 0.020000 1.160000 0.001000
0.486000 0.396000 0.726000 0.501000 1.360000 6.610000 0.785000 0.785000
272000.000000 96.599998 0.003000
1.073000 0.050000 0.116600
0.128171 0.066475 0.000339 0.000000
0.000000

0.000000 0.488296 2.459250
0.427559 0.193932 9.502046 51.764950 204.695938
0.000000 0.005242 0.095629 0.000000 0.000000 0.000000
0.000000 0.000000 0.000000
2.988515 1.000000 0.000000
764.299377 0.000000
0.000000 0.000000 0.000000 0.000000
0.000000 0.938381
8 0.020000 1.180000 0.001000
0.486000 0.396000 0.726000 0.501000 1.360000 6.610000 0.785000 0.785000
272000.000000 96.599998 0.003000
1.073000 0.050000 0.116600
0.128178 0.066255 0.000338 0.000000
0.000000

0.000000 0.463323 2.434190
0.426214 0.195195 9.502275 51.759167 204.695938
0.000000 0.005770 0.101214 0.000000 0.000000 0.000000
0.000000 0.000000 0.000000
3.039583 1.000000 0.000000
764.299377 0.000000
0.000000 0.000000 0.000000 0.000000
0.000000 0.928400
8 0.020000 1.200000 0.001000
0.486000 0.396000 0.726000 0.501000 1.360000 6.610000 0.785000 0.785000
272000.000000 96.599998 0.003000
1.073000 0.050000 0.116600
0.128182 0.066222 0.000338 0.000000
0.000000

0.000000 0.441139 2.412451
0.424942 0.196442 9.503285 51.757824 204.694778
0.000000 0.006550 0.108535 0.000000 0.000000 0.000000
0.000000 0.000000 0.000000
3.089879 1.000000 0.000000
764.299377 0.000000
0.000000 0.000000 0.000000 0.000000
0.000000 0.925300
8 0.020000 1.220000 0.001000
0.486000 0.396000 0.726000 0.501000 1.360000 6.610000 0.785000 0.785000
272000.000000 96.599998 0.003000
1.073000 0.050000 0.116600
0.128188 0.066201 0.000338 0.000000
0.000000

0.000000 0.375321 2.352301
0.423561 0.197596 9.502151 51.744816 204.693588
0.000000 0.007527 0.115220 0.000000 0.000000 0.000000
0.000000 0.000000 0.000000
3.139404 1.000000 0.000000
764.299377 0.000000
0.000000 0.000000 0.000000 0.000000
0.000000 0.918875
8 0.020000 1.240000 0.001000
0.486000 0.396000 0.726000 0.501000 1.360000 6.610000 0.785000 0.785000
272000.000000 96.599998 0.003000
1.073000 0.050000 0.116600
0.128193 0.066185 0.000338 0.000000
0.000000

0.000000 0.361232 2.338204
0.422368 0.198785 9.503327 51.744484 204.692810
0.000000 0.008453 0.117570 0.000000 0.000000 0.000000
0.000000 0.000000 0.000000
3.188159 1.000000 0.000000
764.299377 0.000000
0.000000 0.000000 0.000000 0.000000
0.000000 0.907249
8 0.020000 1.260000 0.001000
0.486000 0.396000 0.726000 0.501000 1.360000 6.610000 0.785000 0.785000
272000.000000 96.599998 0.003000
1.073000 0.050000 0.116600
0.128198 0.066140 0.000338 0.000000
0.000000

0.000000 0.348391 2.325854
0.421223 0.199952 9.504843 51.746082 204.691925
0.000000 0.009236 0.119519 0.000000 0.000000 0.000000
0.000000 0.000000 0.000000
3.236145 1.000000 0.000000
764.299377 0.000000
0.000000 0.000000 0.000000 0.000000
0.000000 1.031193
8 0.020000 1.280000 0.001000
0.486000 0.396000 0.726000 0.501000 1.360000 6.610000 0.785000 0.785000
272000.000000 96.599998 0.003000
1.073000 0.050000 0.116600
0.128204 0.068127 0.000348 0.000000
0.000000

0.000000 0.336838 2.314630
0.420105 0.201088 9.506257 51.747169 204.691269
0.000000 0.009793 0.121054 0.000000 0.000000 0.000000
0.000000 0.000000 0.000000
3.283365 1.000000 0.000000
764.299377 0.000000
0.000000 0.000000 0.000000 0.000000
0.000000 0.963914
8 0.020000 1.300000 0.001000
0.486000 0.396000 0.726000 0.501000 1.360000 6.610000 0.785000 0.785000
272000.000000 96.599998 0.003000
1.073000 0.050000 0.116600
0.128207 0.066349 0.000339 0.000000
0.000000

0.000000 0.326280 2.304732
0.419028 0.202200 9.507891 51.749645 204.690933
0.000000 0.010144 0.122454 0.000000 0.000000 0.000000
0.000000 0.000000 0.000000
3.329818 1.000000 0.000000
764.299377 0.000000
0.000000 0.000000 0.000000 0.000000
0.000000 0.967629
8 0.020000 1.320000 0.001000
0.486000 0.396000 0.726000 0.501000 1.360000 6.610000 0.785000 0.785000
272000.000000 96.599998 0.003000
1.073000 0.050000 0.116600
0.128212 0.066597 0.000340 0.000000
0.000000

0.000000 0.291422 2.271923
0.417893 0.203244 9.508146 51.744549 204.689850
0.000000 0.010388 0.124422 0.000000 0.000000 0.000000
0.000000 0.000000 0.000000
3.375510 1.000000 0.000000
764.299377 0.000000
0.000000 0.000000 0.000000 0.000000
0.000000 0.956631
8 0.020000 1.340000 0.001000
0.486000 0.396000 0.726000 0.501000 1.360000 6.610000 0.785000 0.785000
272000.000000 96.599998 0.003000
1.073000 0.050000 0.116600
0.128218 0.066377 0.000339 0.000000
0.000000

0.000000 0.285093 2.265983
0.416872 0.204299 9.509674 51.746559 204.689560
0.000000 0.010528 0.125492 0.000000 0.000000 0.000000
0.000000 0.000000 0.000000
3.420440 1.000000 0.000000
764.299377 0.000000
0.000000 0.000000 0.000000 0.000000
0.000000 0.948990
8 0.020000 1.360000 0.001000
0.486000 0.396000 0.726000 0.501000 1.360000 6.610000 0.785000 0.785000
272000.000000 96.599998 0.003000
1.073000 0.050000 0.116600
0.128222 0.066335 0.000339 0.000000
0.000000

0.000000 0.279469 2.260935
0.415888 0.205332 9.511395 51.749741 204.689316
0.000000 0.010601 0.126406 0.000000 0.000000 0.000000
0.000000 0.000000 0.000000
3.464614 1.000000 0.000000
764.299377 0.000000
0.000000 0.000000 0.000000 0.000000
0.000000 0.947943
8 0.020000 1.380000 0.001000
0.486000 0.396000 0.726000 0.501000 1.360000 6.610000 0.785000 0.785000
272000.000000 96.599998 0.003000
1.073000 0.050000 0.116600
0.128228 0.066321 0.000339 0.000000
0.000000

0.000000 0.274343 2.256474
0.414930 0.206338 9.513075 51.752758 204.689941
0.000000 0.010612 0.127187 0.000000 0.000000 0.000000
0.000000 0.000000 0.000000
3.508033 1.000000 0.000000
764.299377 0.000000
0.000000 0.000000 0.000000 0.000000
0.000000 0.944420
8 0.020000 1.400000 0.001000
0.486000 0.396000 0.726000 0.501000 1.360000 6.610000 0.785000 0.785000
272000.000000 96.599998 0.003000
1.073000 0.050000 0.116600
0.128231 0.066287 0.000339 0.000000
0.000000

0.000000 0.269714 2.252662
0.414005 0.207323 9.514948 51.756756 204.689545
0.000000 0.010571 0.127914 0.000000 0.000000 0.000000
0.000000 0.000000 0.000000
3.550702 1.000000 0.000000
764.299377 0.000000
0.000000 0.000000 0.000000 0.000000
0.000000 0.940391
8 0.020000 1.420000 0.001000
0.486000 0.396000 0.726000 0.501000 1.360000 6.610000 0.785000 0.785000
272000.000000 96.599998 0.003000
1.073000 0.050000 0.116600
0.128235 0.066254 0.000338 0.000000
0.000000

0.000000 0.251675 2.235512
0.413054 0.208258 9.515931 51.756161 204.688660
0.000000 0.010601 0.130552 0.000000 0.000000 0.000000
0.000000 0.000000 0.000000
3.592623 1.000000 0.000000
764.299377 0.000000
0.000000 0.000000 0.000000 0.000000
0.000000 0.962195
8 0.020000 1.440000 0.001000
0.486000 0.396000 0.726000 0.501000 1.360000 6.610000 0.785000 0.785000
272000.000000 96.599998 0.003000
1.073000 0.050000 0.116600
0.128241 0.066315 0.000339 0.000000
0.000000

0.000000 0.249184 2.233803
0.412182 0.209195 9.517788 51.760368 204.688416
0.000000 0.010822 0.135327 0.000000 0.000000 0.000000
0.000000 0.000000 0.000000
3.633800 1.000000 0.000000
764.299377 0.000000
0.000000 0.000000 0.000000 0.000000
0.000000 0.941540
8 0.020000 1.460000 0.001000
0.486000 0.396000 0.726000 0.501000 1.360000 6.610000 0.785000 0.785000
272000.000000 96.599998 0.003000
1.073000 0.050000 0.116600
0.128243 0.066279 0.000338 0.000000
0.000000

0.000000 0.246989 2.232646
0.411343 0.210112 9.519830 51.765636 204.687790
0.000000 0.011131 0.138041 0.000000 0.000000 0.000000
0.000000 0.000000 0.000000
3.674239 1.000000 0.000000
764.299377 0.000000
0.000000 0.000000 0.000000 0.000000
0.000000 0.962283
8 0.020000 1.480000 0.001000
0.486000 0.396000 0.726000 0.501000 1.360000 6.610000 0.785000 0.785000
272000.000000 96.599998 0.003000
1.073000 0.050000 0.116600
0.128250 0.066824 0.000341 0.000000
0.000000

0.000000 0.244892 2.231048
0.410503 0.210994 9.521340 51.768009 204.688782
0.000000 0.011523 0.140869 0.000000 0.000000 0.000000
0.000000 0.000000 0.000000
3.713942 1.000000 0.000000
764.299377 0.000000
0.000000 0.000000 0.000000 0.000000
0.000000 0.950712
8 0.020000 1.500000 0.001000
0.486000 0.396000 0.726000 0.501000 1.360000 6.610000 0.785000 0.785000
272000.000000 96.599998 0.003000
1.073000 0.050000 0.116600
0.128252 0.066397 0.000339 0.000000
0.000000

0.000000 0.243127 2.230150
0.409702 0.211862 9.523173 51.772312 204.688049
0.000000 0.011886 0.142838 0.000000 0.000000 0.000000
0.000000 0.000000 0.000000
3.752915 1.000000 0.000000
764.299377 0.000000
0.000000 0.000000 0.000000 0.000000
0.000000 0.940223
8 0.020000 1.520000 0.001000
0.486000 0.396000 0.726000 0.501000 1.360000 6.610000 0.785000 0.785000
272000.000000 96.599998 0.003000
1.073000 0.050000 0.116600
0.128255 0.066331 0.000339 0.000000
0.000000

0.000000 0.241447 2.229066
0.408910 0.212700 9.524712 51.774937 204.689194
0.000000 0.012132 0.143725 0.000000 0.000000 0.000000
0.000000 0.000000 0.000000
3.791163 1.000000 0.000000
764.299377 0.000000
0.000000 0.000000 0.000000 0.000000
0.000000 0.938310
8 0.020000 1.540000 0.001000
0.486000 0.396000 0.726000 0.501000 1.360000 6.610000 0.785000 0.785000
272000.000000 96.599998 0.003000
1.073000 0.050000 0.116600
0.128258 0.066340 0.000339 0.000000
0.000000

0.000000 0.232965 2.220655
0.408107 0.213501 9.525653 51.774460 204.689835
0.000000 0.012542 0.149691 0.000000 0.000000 0.000000
0.000000 0.000000 0.000000
3.828689 1.000000 0.000000
764.299377 0.000000
0.000000 0.000000 0.000000 0.000000
0.000000 0.933756
8 0.020000 1.560000 0.001000
0.486000 0.396000 0.726000 0.501000 1.360000 6.610000 0.785000 0.785000
272000.000000 96.599998 0.003000
1.073000 0.050000 0.116600
0.128262 0.066307 0.000339 0.000000
0.000000

0.000000 0.232254 2.220598
0.407361 0.214297 9.527190 51.777328 204.690689
0.000000 0.012866 0.151117 0.000000 0.000000 0.000000
0.000000 0.000000 0.000000
3.865499 1.000000 0.000000
764.299377 0.000000
0.000000 0.000000 0.000000 0.000000
0.000000 0.932651
8 0.020000 1.580000 0.001000
0.486000 0.396000 0.726000 0.501000 1.360000 6.610000 0.785000 0.785000
272000.000000 96.599998 0.003000
1.073000 0.050000 0.116600
0.128263 0.066319 0.000339 0.000000
0.000000

0.000000 0.231720 2.221199
0.406654 0.215083 9.529205 51.782688 204.689606
0.000000 0.013175 0.152897 0.000000 0.000000 0.000000
0.000000 0.000000 0.000000
3.901597 1.000000 0.000000
764.299377 0.000000
0.000000 0.000000 0.000000 0.000000
0.000000 0.935879
8 0.020000 1.600000 0.001000
0.486000 0.396000 0.726000 0.501000 1.360000 6.610000 0.785000 0.785000
272000.000000 96.599998 0.003000
1.073000 0.050000 0.116600
0.128268 0.066326 0.000339 0.000000
0.000000

0.000000 0.231164 2.221307
0.405948 0.215838 9.530709 51.785511 204.690216
0.000000 0.013434 0.154970 0.000000 0.000000 0.000000
0.000000 0.000000 0.000000
3.936990 1.000000 0.000000
764.299377 0.000000
0.000000 0.000000 0.000000 0.000000
0.000000 0.960574
8 0.020000 1.620000 0.001000
0.486000 0.396000 0.726000 0.501000 1.360000 6.610000 0.785000 0.785000
272000.000000 96.599998 0.003000
1.073000 0.050000 0.116600
0.128270 0.066871 0.000341 0.000000
0.000000

0.000000 0.230782 2.222088
0.405283 0.216586 9.532730 51.791218 204.690170
0.000000 0.013650 0.157246 0.000000 0.000000 0.000000
0.000000 0.000000 0.000000
3.971682 1.000000 0.000000
764.299377 0.000000
0.000000 0.000000 0.000000 0.000000
0.000000 0.935970
8 0.020000 1.640000 0.001000
0.486000 0.396000 0.726000 0.501000 1.360000 6.610000 0.785000 0.785000
272000.000000 96.599998 0.003000
1.073000 0.050000 0.116600
0.128276 0.066357 0.000339 0.000000
0.000000

0.000000 0.230395 2.222711
0.404630 0.217309 9.534557 51.795780 204.689957
0.000000 0.013800 0.158715 0.000000 0.000000 0.000000
0.000000 0.000000 0.000000
4.005678 1.000000 0.000000
764.299377 0.000000
0.000000 0.000000 0.000000 0.000000
0.000000 0.938668
8 0.020000 1.660000 0.001000
0.486000 0.396000 0.726000 0.501000 1.360000 6.610000 0.785000 0.785000
272000.000000 96.599998 0.003000
1.073000 0.050000 0.116600
0.128277 0.066384 0.000339 0.000000
0.000000

0.000000 0.226371 2.219083
0.403973 0.218003 9.535943 51.798122 204.690475
0.000000 0.013885 0.159861 0.000000 0.000000 0.000000
0.000000 0.000000 0.000000
4.038982 1.000000 0.000000
764.299377 0.000000
0.000000 0.000000 0.000000 0.000000
0.000000 0.933365
8 0.020000 1.680000 0.001000
0.486000 0.396000 0.726000 0.501000 1.360000 6.610000 0.785000 0.785000
272000.000000 96.599998 0.003000
1.073000 0.050000 0.116600
0.128282 0.066357 0.000339 0.000000
0.000000

0.000000 0.226403 2.222642
0.403444 0.218736 9.539805 51.813892 204.688339
0.000000 0.013877 0.160458 0.000000 0.000000 0.000000
0.000000 0.000000 0.000000
4.071602 1.000000 0.000000
764.299377 0.000000
0.000000 0.000000 0.000000 0.000000
0.000000 0.931212
8 0.020000 1.700000 0.001000
0.486000 0.396000 0.726000 0.501000 1.360000 6.610000 0.785000 0.785000
272000.000000 96.599998 0.003000
1.073000 0.050000 0.116600
0.128293 0.066336 0.000339 0.000000
0.000000

0.000000 0.226461 2.224077
0.402859 0.219412 9.541907 51.820217 204.688004
0.000000 0.013769 0.160619 0.000000 0.000000 0.000000
0.000000 0.000000 0.000000
4.103543 1.000000 0.000000
764.299377 0.000000
0.000000 0.000000 0.000000 0.000000
0.000000 0.931246
8 0.020000 1.720000 0.001000
0.486000 0.396000 0.726000 0.501000 1.360000 6.610000 0.785000 0.785000
272000.000000 96.599998 0.003000
1.073000 0.050000 0.116600
0.128297 0.066347 0.000339 0.000000
0.000000

0.000000 0.226611 2.225890
0.402302 0.220076 9.544246 51.827843 204.687881
0.000000 0.013567 0.160548 0.000000 0.000000 0.000000
0.000000 0.000000 0.000000
4.134809 1.000000 0.000000
764.299377 0.000000
0.000000 0.000000 0.000000 0.000000
0.000000 0.929904
8 0.020000 1.740000 0.001000
0.486000 0.396000 0.726000 0.501000 1.360000 6.610000 0.785000 0.785000
272000.000000 96.599998 0.003000
1.073000 0.050000 0.116600
0.128302 0.066350 0.000339 0.000000
0.000000

0.000000 0.226720 2.227723
0.401763 0.220722 9.546592 51.835621 204.686920
0.000000 0.013293 0.160396 0.000000 0.000000 0.000000
0.000000 0.000000 0.000000
4.165406 1.000000 0.000000
764.299377 0.000000
0.000000 0.000000 0.000000 0.000000
0.000000 0.928133
8 0.020000 1.760000 0.001000
0.486000 0.396000 0.726000 0.501000 1.360000 6.610000 0.785000 0.785000
272000.000000 96.599998 0.003000
1.073000 0.050000 0.116600
0.128308 0.066338 0.000339 0.000000
0.000000

0.000000 0.226874 2.229764
0.401248 0.221356 9.549118 51.844242 204.685562
0.000000 0.012971 0.160179 0.000000 0.000000 0.000000
0.000000 0.000000 0.000000
4.195339 1.000000 0.000000
764.299377 0.000000
0.000000 0.000000 0.000000 0.000000
0.000000 0.926549
8 0.020000 1.780000 0.001000
0.486000 0.396000 0.726000 0.501000 1.360000 6.610000 0.785000 0.785000
272000.000000 96.599998 0.003000
1.073000 0.050000 0.116600
0.128315 0.066334 0.000339 0.000000
0.000000

0.000000 0.227018 2.231723
0.400744 0.221971 9.551517 51.852390 204.685837
0.000000 0.012628 0.160065 0.000000 0.000000 0.000000
0.000000 0.000000 0.000000
4.224615 1.000000 0.000000
764.299377 0.000000
0.000000 0.000000 0.000000 0.000000
0.000000 0.924201
8 0.020000 1.800000 0.001000
0.486000 0.396000 0.726000 0.501000 1.360000 6.610000 0.785000 0.785000
272000.000000 96.599998 0.003000
1.073000 0.050000 0.116600
0.128320 0.066317 0.000339 0.000000
0.000000

0.000000 0.226407 2.232727
0.400252 0.222567 9.553821 51.860008 204.685791
0.000000 0.012570 0.165785 0.000000 0.000000 0.000000
0.000000 0.000000 0.000000
4.253238 1.000000 0.000000
764.299377 0.000000
0.000000 0.000000 0.000000 0.000000
0.000000 0.924281
8 0.020000 1.820000 0.001000
0.486000 0.396000 0.726000 0.501000 1.360000 6.610000 0.785000 0.785000
272000.000000 96.599998 0.003000
1.073000 0.050000 0.116600
0.128323 0.066328 0.000339 0.000000
0.000000

0.000000 0.226632 2.234307
0.399765 0.223141 9.555853 51.866180 204.685806
0.000000 0.012572 0.167486 0.000000 0.000000 0.000000
0.000000 0.000000 0.000000
4.281214 1.000000 0.000000
764.299377 0.000000
0.000000 0.000000 0.000000 0.000000
0.000000 0.921885
8 0.020000 1.840000 0.001000
0.486000 0.396000 0.726000 0.501000 1.360000 6.610000 0.785000 0.785000
272000.000000 96.599998 0.003000
1.073000 0.050000 0.116600
0.128330 0.066314 0.000339 0.000000
0.000000

0.000000 0.226877 2.236055
0.399301 0.223704 9.558025 51.873211 204.684586
0.000000 0.012663 0.169198 0.000000 0.000000 0.000000
0.000000 0.000000 0.000000
4.308547 1.000000 0.000000
764.299377 0.000000
0.000000 0.000000 0.000000 0.000000
0.000000 0.919476
8 0.020000 1.860000 0.001000
0.486000 0.396000 0.726000 0.501000 1.360000 6.610000 0.785000 0.785000
272000.000000 96.599998 0.003000
1.073000 0.050000 0.116600
0.128333 0.066299 0.000339 0.000000
0.000000

0.000000 0.227095 2.237594
0.398842 0.224246 9.559996 51.879093 204.683960
0.000000 0.012775 0.171160 0.000000 0.000000 0.000000
0.000000 0.000000 0.000000
4.335243 1.000000 0.000000
764.299377 0.000000
0.000000 0.000000 0.000000 0.000000
0.000000 0.920289
8 0.020000 1.880000 0.001000
0.486000 0.396000 0.726000 0.501000 1.360000 6.610000 0.785000 0.785000
272000.000000 96.599998 0.003000
1.073000 0.050000 0.116600
0.128338 0.066322 0.000339 0.000000
0.000000

0.000000 0.227318 2.239067
0.398397 0.224773 9.561919 51.884853 204.683670
0.000000 0.012844 0.172503 0.000000 0.000000 0.000000
0.000000 0.000000 0.000000
4.361308 1.000000 0.000000
764.299377 0.000000
0.000000 0.000000 0.000000 0.000000
0.000000 0.917607
8 0.020000 1.900000 0.001000
0.486000 0.396000 0.726000 0.501000 1.360000 6.610000 0.785000 0.785000
272000.000000 96.599998 0.003000
1.073000 0.050000 0.116600
0.128343 0.066302 0.000339 0.000000
0.000000

0.000000 0.227542 2.240673
0.397973 0.225287 9.563966 51.891254 204.682632
0.000000 0.012881 0.174024 0.000000 0.000000 0.000000
0.000000 0.000000 0.000000
4.386746 1.000000 0.000000
764.299377 0.000000
0.000000 0.000000 0.000000 0.000000
0.000000 0.916168
8 0.020000 1.920000 0.001000
0.486000 0.396000 0.726000 0.501000 1.360000 6.610000 0.785000 0.785000
272000.000000 96.599998 0.003000
1.073000 0.050000 0.116600
0.128346 0.066298 0.000339 0.000000
0.000000

0.000000 0.227781 2.242899
0.397581 0.225799 9.566456 51.900238 204.681900
0.000000 0.012894 0.175623 0.000000 0.000000 0.000000
0.000000 0.000000 0.000000
4.411564 1.000000 0.000000
764.299377 0.000000
0.000000 0.000000 0.000000 0.000000
0.000000 0.914740
8 0.020000 1.940000 0.001000
0.486000 0.396000 0.726000 0.501000 1.360000 6.610000 0.785000 0.785000
272000.000000 96.599998 0.003000
1.073000 0.050000 0.116600
0.128354 0.066292 0.000339 0.000000
0.000000

0.000000 0.228008 2.246119
0.397238 0.226316 9.569793 51.913700 204.680679
0.000000 0.012992 0.179330 0.000000 0.000000 0.000000
0.000000 0.000000 0.000000
4.435765 1.000000 0.000000
764.299377 0.000000
0.000000 0.000000 0.000000 0.000000
0.000000 0.913311
8 0.020000 1.960000 0.001000
0.486000 0.396000 0.726000 0.501000 1.360000 6.610000 0.785000 0.785000
272000.000000 96.599998 0.003000
1.073000 0.050000 0.116600
0.128361 0.066284 0.000339 0.000000
0.000000

0.000000 0.228235 2.258164
0.397212 0.226992 9.580375 51.966518 204.675674
0.000000 0.013119 0.181952 0.000000 0.000000 0.000000
0.000000 0.000000 0.000000
4.459354 1.000000 0.000000
764.299377 0.000000
0.000000 0.000000 0.000000 0.000000
0.000000 0.911098
8 0.020000 1.980000 0.001000
0.486000 0.396000 0.726000 0.501000 1.360000 6.610000 0.785000 0.785000
272000.000000 96.599998 0.003000
1.073000 0.050000 0.116600
0.128394 0.066243 0.000338 0.000000
0.000000

0.000000 0.228436 2.278515
0.397485 0.227820 9.597855 52.056831 204.667847
0.000000 0.060742 0.240435 0.000000 0.000000 0.000000
0.000000 0.000000 0.000000
4.482337 1.000000 0.000000
764.299377 0.000000
0.000000 0.000000 0.000000 0.000000
0.000000 0.910841
8 0.020000 2.000000 0.001000
0.486000 0.396000 0.726000 0.501000 1.360000 6.610000 0.785000 0.785000
272000.000000 96.599998 0.003000
1.073000 0.050000 0.116600
0.128452 0.066245 0.000338 0.000000
0.000000
1.000000
2.000000
0.000000 0.000000
0.000000
0
-0.700000
0 0
0.000000
1
0.000000
1.000000
1.000000
1.000000
0.000000 0.000000 0.000000
0.000000 0.000000
0.000000 0.000000 0.000000 0.000000 0.000000 0.000000 0.000000
0.000000 0.000000 0.000000 0.000000 0.000000 0.000000 0.000000
0
2.000000
1
C:\DNDC\sites\Ottawa\CEFSoilc.spf
-1.000000 -1.000000
0.000000
35
35
10.000000
108
0.000000
0.000000
258
0.000000
150335.671875
1
