7
Clay_loam
0.314000 0.490000 0.006410 0.726000 0.398000 1.000000 0.000000 0.000000
1.350000 6.610000 1 0.031000 0.500000 0.050000 0.010000 0.240000 0.750000
0.000000 0.020000 2.000000 270000.000000 96.599998 100
0.233300 1.944000 3.025300 0.000000 1
10.000000 10.000000 10.000000 5.000000 25.000000 100.000000
0.000000 0.002573 0.000000 0.000000 0.000000 0.000000
500.000000 0.000000 0.000000

0.067031 54.093201 476.348846
17.976583 3.952358 225.710663 1797.375122 5366.559082
0.000000 1.351155 0.686510 1.010348 0.000000 0.000000
0.000547 0.009192 0.002022
-0.768476 0.190985 47.580269
764.299377 0.000000
0.000000 0.000000 0.000000 0.000000
0.000000 9.112600
7 0.020000 0.020000 0.031000
0.490000 0.314000 0.726000 0.398000 1.350000 6.610000 0.726000 0.726000
270000.000000 96.599998 0.006410
1.073000 0.050000 0.116600
24.963139 2.849975 0.002855 0.000000
0.000000

0.068378 55.622730 477.103882
18.182943 3.806796 227.764771 1796.772827 5365.743652
0.000000 0.533208 0.718535 0.505174 0.000000 0.000000
0.000283 0.007666 0.000694
-0.759889 0.191765 52.126827
764.299377 0.000000
0.000000 0.000000 0.000000 0.000000
0.000000 4.060406
7 0.020000 0.040000 0.031000
0.490000 0.314000 0.726000 0.398000 1.350000 6.610000 0.726000 0.726000
270000.000000 96.599998 0.006410
1.073000 0.050000 0.116600
24.972260 2.821086 0.002838 0.000000
0.000000

0.069895 57.432903 477.938812
17.891432 3.620278 230.108170 1796.544800 5364.839355
0.000000 0.287125 0.669420 0.252587 0.000000 0.000000
0.000069 0.004984 0.000348
-0.747347 0.192862 74.806511
764.299377 0.000000
0.000000 0.000000 0.000000 0.000000
0.000000 2.379874
7 0.020000 0.060000 0.031000
0.490000 0.314000 0.726000 0.398000 1.350000 6.610000 0.726000 0.726000
270000.000000 96.599998 0.006410
1.073000 0.050000 0.116600
24.982311 2.809008 0.002843 0.000000
0.000000

0.070865 58.635963 478.463196
17.865278 3.498772 231.619156 1796.246582 5364.258301
0.000000 0.266242 0.650516 0.126294 0.000000 0.000000
0.000032 0.003950 0.000018
-0.735108 0.194332 78.955482
764.299377 0.000000
0.000000 0.000000 0.000000 0.000000
0.000000 1.928859
7 0.020000 0.080000 0.031000
0.490000 0.314000 0.726000 0.398000 1.350000 6.610000 0.726000 0.726000
270000.000000 96.599998 0.006410
1.073000 0.050000 0.116600
24.988829 2.794462 0.002850 0.000000
0.000000

0.070939 58.719372 478.502625
17.942444 3.398475 231.757736 1796.239868 5364.208496
0.000000 0.253635 0.660237 0.063147 0.000000 0.000000
0.000028 0.000715 0.000015
-0.720189 0.196271 78.765396
764.299377 0.000000
0.000000 0.000000 0.000000 0.000000
0.000000 1.710783
7 0.020000 0.100000 0.025000
0.490000 0.314000 0.726000 0.398000 1.350000 6.610000 0.726000 0.726000
270000.000000 96.599998 0.006410
1.073000 0.050000 0.116600
24.989405 2.788324 0.002873 0.000000
0.000000

0.071759 59.796333 478.939941
18.039167 3.299612 233.064682 1795.862183 5363.705078
0.000000 0.235536 0.658084 0.031573 0.000000 0.000000
0.000018 0.000576 0.000012
-0.702069 0.198730 78.524414
764.299377 0.000000
0.000000 0.000000 0.000000 0.000000
0.000000 1.586513
7 0.020000 0.120000 0.025000
0.490000 0.314000 0.726000 0.398000 1.350000 6.610000 0.726000 0.726000
270000.000000 96.599998 0.006410
1.073000 0.050000 0.116600
24.995058 2.777691 0.002898 0.000000
0.000000

0.072185 60.381699 479.165741
18.410334 3.243909 233.745590 1795.380859 5363.424805
0.000000 0.216355 0.663866 0.015787 0.000000 0.000000
0.000014 0.000476 0.000010
-0.680824 0.201754 78.228142
764.299377 0.000000
0.000000 0.000000 0.000000 0.000000
0.000000 1.817547
7 0.020000 0.140000 0.025000
0.490000 0.314000 0.726000 0.398000 1.350000 6.610000 0.726000 0.726000
270000.000000 96.599998 0.006410
1.073000 0.050000 0.116600
24.998150 2.772857 0.002938 0.000000
0.000000

0.072308 61.328629 479.230682
18.196993 3.075638 233.916595 1795.380859 5363.360352
0.000000 0.168587 0.677036 0.007893 0.000000 0.000000
0.000012 0.000343 0.000007
-0.656549 0.205398 77.870979
764.299377 0.000000
0.000000 0.000000 0.000000 0.000000
0.000000 1.347679
7 0.020000 0.160000 0.025000
0.490000 0.314000 0.726000 0.398000 1.350000 6.610000 0.726000 0.726000
270000.000000 96.599998 0.006410
1.073000 0.050000 0.116600
24.998865 2.772863 0.002992 0.000000
0.000000

0.072662 61.757504 479.417145
18.368732 2.993341 234.454254 1795.149170 5363.147949
0.000000 0.157705 0.659211 0.003947 0.000000 0.000000
0.000009 0.000286 0.000006
-0.629358 0.209737 77.445740
764.299377 0.000000
0.000000 0.000000 0.000000 0.000000
0.000000 1.369745
7 0.020000 0.180000 0.020000
0.490000 0.314000 0.726000 0.398000 1.350000 6.610000 0.726000 0.726000
270000.000000 96.599998 0.006410
1.073000 0.050000 0.116600
25.001215 2.768917 0.003051 0.000000
0.000000

0.072348 61.397484 479.251190
18.449808 2.895593 233.996170 1795.295044 5363.323730
0.000000 0.542928 0.829844 0.001973 0.000000 0.000000
0.000007 0.000619 0.000013
-0.599375 0.214866 76.943161
764.299377 0.000000
0.000000 0.000000 0.000000 0.000000
0.000000 4.434540
7 0.020000 0.200000 0.020000
0.490000 0.314000 0.726000 0.398000 1.350000 6.610000 0.726000 0.726000
270000.000000 96.599998 0.006410
1.073000 0.050000 0.116600
24.999239 2.909926 0.003288 0.000000
0.000000

0.076950 68.136124 481.618073
17.952150 2.716455 242.424347 1793.624634 5360.102539
0.000000 3.045124 0.854421 0.000987 0.000000 0.000000
0.000001 0.001132 0.000023
-0.566736 0.220906 76.351242
764.299377 0.000000
0.000000 0.000000 0.000000 0.000000
0.000000 25.231131
7 0.020000 0.220000 0.020000
0.490000 0.314000 0.726000 0.398000 1.350000 6.610000 0.726000 0.726000
270000.000000 96.599998 0.006410
1.073000 0.050000 0.116600
25.034615 2.934211 0.003407 0.000000
0.000000

0.000000 31.114090 101.777443
9.439036 1.370308 153.683594 913.710754 4086.983643
0.000000 2.479660 0.714000 0.000493 0.000000 0.000000
0.000001 0.000947 0.000019
-0.531598 0.228019 75.654182
764.299377 0.000000
0.000000 0.000000 0.000000 0.000000
0.000000 13.485467
7 0.020000 0.240000 0.020000
0.490000 0.314000 0.726000 0.398000 1.350000 6.610000 0.726000 0.726000
270000.000000 96.599998 0.006410
1.073000 0.050000 0.116600
2.435618 1.786389 0.002130 0.000000
0.000000

0.000000 28.826956 94.534912
9.469918 1.329664 154.225113 912.215820 4086.757812
0.000000 2.953312 0.696212 0.000247 0.000000 0.000000
0.000001 0.000880 0.000018
-0.494075 0.236418 74.831078
764.299377 0.000000
0.000000 0.000000 0.000000 0.000000
0.000000 8.585436
7 0.020000 0.260000 0.020000
0.490000 0.314000 0.726000 0.398000 1.350000 6.610000 0.726000 0.726000
270000.000000 96.599998 0.006410
1.073000 0.050000 0.116600
2.438112 1.468098 0.001812 0.000000
0.000000

0.000000 29.823153 90.944389
8.807429 1.200665 144.470245 843.576355 3674.547607
0.000000 54.749393 1.109035 0.000123 0.000000 0.000000
0.000000 0.001025 0.000021
-0.454277 0.246413 73.151512
764.299377 0.000000
0.000000 0.000000 0.000000 0.000000
0.000000 30.161383
7 0.020000 0.280000 0.018000
0.490000 0.314000 0.726000 0.398000 1.350000 6.610000 0.726000 0.726000
270000.000000 96.599998 0.000070
1.073000 0.050000 0.116600
2.212044 1.999612 0.002580 0.000000
0.000000

0.000000 28.373478 85.852844
8.890059 1.176176 145.963287 847.228699 3673.342041
0.000000 36.382160 0.903709 0.000062 0.000000 0.000000
0.000000 0.000901 0.000018
-0.412261 0.258419 72.034706
764.299377 0.000000
0.000000 0.000000 0.000000 0.000000
0.000000 10.276313
7 0.020000 0.300000 0.018000
0.490000 0.314000 0.726000 0.398000 1.350000 6.610000 0.726000 0.726000
270000.000000 96.599998 0.000070
1.073000 0.050000 0.116600
2.217669 1.377803 0.001859 0.000000
0.000000

0.000000 25.492088 79.262657
8.871858 1.141470 145.158707 843.540466 3673.504883
0.000000 19.011961 0.713374 0.000031 0.000000 0.000000
0.000000 0.000780 0.000016
-0.368251 0.272993 71.179573
764.299377 0.000000
0.000000 0.000000 0.000000 0.000000
0.000000 5.326145
7 0.020000 0.320000 0.018000
0.490000 0.314000 0.726000 0.398000 1.350000 6.610000 0.726000 0.726000
270000.000000 96.599998 0.000070
1.073000 0.050000 0.116600
2.216974 1.284263 0.001830 0.000000
0.000000

0.000000 23.851999 72.489471
7.957197 1.008089 130.948502 753.740417 3208.218750
0.000000 10.803015 0.533463 0.000015 0.000000 0.000000
0.000000 0.000667 0.000014
-0.321939 0.291151 68.167671
764.299377 0.000000
0.000000 0.000000 0.000000 0.000000
0.000000 4.779860
8 0.020000 0.340000 0.015500
0.483000 0.377000 0.726000 0.484000 1.370000 6.610000 0.770000 0.770000
274000.000000 96.599998 0.000070
1.073000 0.050000 0.116600
1.948757 1.120976 0.001654 0.000000
0.000000

0.000000 21.539915 67.147339
7.940105 0.986405 130.569458 750.842957 3208.324463
0.000000 6.502876 0.457000 0.000008 0.000000 0.000000
0.000000 0.000560 0.000011
-0.272992 0.314442 65.861267
764.299377 0.000000
0.000000 0.000000 0.000000 0.000000
0.000000 5.159338
8 0.020000 0.360000 0.015500
0.483000 0.377000 0.726000 0.484000 1.370000 6.610000 0.770000 0.770000
274000.000000 96.599998 0.000070
1.073000 0.050000 0.116600
1.948394 1.094759 0.001744 0.000000
0.000000

0.000000 19.407562 62.278275
7.908359 0.988324 130.118912 748.130981 3208.504395
0.000000 3.445115 0.390235 0.000004 0.000000 0.000000
0.000001 0.000444 0.000009
-0.220871 0.345290 62.875507
764.299377 0.000000
0.000000 0.000000 0.000000 0.000000
0.000000 5.685845
8 0.020000 0.380000 0.015500
0.483000 0.377000 0.726000 0.484000 1.370000 6.610000 0.770000 0.770000
274000.000000 96.599998 0.000070
1.073000 0.050000 0.116600
1.947936 1.087826 0.001904 0.000000
0.000000

0.000000 17.407244 57.831192
7.863832 1.000613 129.699341 745.516968 3208.618408
0.000000 3.305916 0.396136 0.000002 0.000000 0.000000
0.000001 0.000390 0.000008
-0.162717 0.388519 58.701439
764.299377 0.000000
0.000000 0.000000 0.000000 0.000000
0.000000 5.762590
8 0.020000 0.400000 0.015500
0.483000 0.377000 0.726000 0.484000 1.370000 6.610000 0.770000 0.770000
274000.000000 96.599998 0.000070
1.073000 0.050000 0.116600
1.947407 1.087365 0.002143 0.000000
0.000000

0.000000 15.751255 53.963936
7.829758 1.015973 129.358765 743.674683 3208.724854
0.000000 3.732506 0.412061 0.000001 0.000000 0.000000
0.000000 0.000356 0.000007
-0.084693 0.454816 52.297867
764.299377 0.000000
0.000000 0.000000 0.000000 0.000000
0.000000 5.800519
8 0.020000 0.420000 0.015500
0.483000 0.377000 0.726000 0.484000 1.370000 6.610000 0.770000 0.770000
274000.000000 96.599998 0.000070
1.073000 0.050000 0.116600
1.947309 1.086802 0.002511 0.000000
0.000000

0.000000 14.281978 50.466660
7.796078 1.030633 129.235229 741.779236 3208.838135
0.000000 2.811007 0.402890 0.000000 0.000000 0.000000
0.000000 0.001156 0.000024
0.005548 0.574976 40.690449
764.299377 0.000000
0.000000 0.000000 0.000000 0.000000
0.000000 6.101241
8 0.020000 0.440000 0.015500
0.483000 0.377000 0.726000 0.484000 1.370000 6.610000 0.770000 0.770000
274000.000000 96.599998 0.000070
1.073000 0.050000 0.116600
1.947205 1.087024 0.003179 0.000000
0.000000

0.000000 12.938329 47.324528
7.744800 1.059971 129.043259 740.338928 3208.906250
0.000000 1.505366 0.390881 0.000000 0.000000 0.000000
0.000000 0.000120 0.000098
-0.015397 0.913318 8.006545
764.299377 0.000000
0.000000 0.000000 0.000000 0.000000
0.000000 6.275741
8 0.020000 0.460000 0.015500
0.483000 0.377000 0.726000 0.484000 1.370000 6.610000 0.770000 0.770000
274000.000000 96.599998 0.000070
1.073000 0.050000 0.116600
1.947212 1.082322 0.005009 0.000000
0.000000

0.000000 11.721210 44.490940
7.702262 1.088582 128.862274 739.117310 3208.962402
0.000000 0.846491 0.387352 0.000000 0.000000 0.000000
0.000000 0.000317 0.000260
0.017577 0.996202 0.000000
764.299377 0.000000
0.000000 0.000000 0.000000 0.000000
0.000000 6.354093
8 0.020000 0.480000 0.015500
0.483000 0.377000 0.726000 0.484000 1.370000 6.610000 0.770000 0.770000
274000.000000 96.599998 0.000070
1.073000 0.050000 0.116600
1.947267 1.081561 0.005457 0.000000
0.000000

0.000000 10.638662 41.963997
7.657765 1.121457 128.762573 738.165527 3209.021973
0.000000 0.597383 0.393337 0.000000 0.000000 0.000000
0.000000 0.000230 0.000188
0.068220 0.996202 0.000000
764.299377 0.000000
0.000000 0.000000 0.000000 0.000000
0.000000 6.398019
8 0.020000 0.500000 0.015500
0.483000 0.377000 0.726000 0.484000 1.370000 6.610000 0.770000 0.770000
274000.000000 96.599998 0.000070
1.073000 0.050000 0.116600
1.947457 1.081196 0.005455 0.000000
0.000000

0.000000 9.654941 39.688560
7.616053 1.153791 128.656525 737.432312 3209.051025
0.000000 0.489381 0.403651 0.000000 0.000000 0.000000
0.000000 0.000179 0.000147
0.119069 0.996202 0.000000
764.299377 0.000000
0.000000 0.000000 0.000000 0.000000
0.000000 6.430269
8 0.020000 0.520000 0.015500
0.483000 0.377000 0.726000 0.484000 1.370000 6.610000 0.770000 0.770000
274000.000000 96.599998 0.000070
1.073000 0.050000 0.116600
1.947667 1.080909 0.005454 0.000000
0.000000

0.000000 7.538387 26.964788
3.859306 0.604910 64.627327 374.237793 1658.533447
0.000000 0.333865 0.252971 0.000000 0.000000 0.000000
0.000000 0.000121 0.000099
0.173120 0.770000 0.000000
764.299377 0.000000
0.000000 0.000000 0.000000 0.000000
0.000000 5.309119
8 0.020000 0.540000 0.008000
0.483000 0.377000 0.726000 0.484000 1.370000 6.610000 0.770000 0.770000
274000.000000 96.599998 0.002410
1.073000 0.050000 0.116600
0.997585 0.639924 0.002490 0.000000
0.000000

0.000000 6.890252 25.261765
3.837394 0.622818 64.637131 373.970978 1658.456055
0.000000 0.218380 0.247265 0.000000 0.000000 0.000000
0.000000 0.000077 0.000063
0.230677 0.770000 0.000000
764.299377 0.000000
0.000000 0.000000 0.000000 0.000000
0.000000 4.857510
8 0.020000 0.560000 0.008000
0.483000 0.377000 0.726000 0.484000 1.370000 6.610000 0.770000 0.770000
274000.000000 96.599998 0.002410
1.073000 0.050000 0.116600
0.998061 0.585188 0.002276 0.000000
0.000000

0.000000 6.311359 23.737112
3.817502 0.640594 64.704414 373.817291 1658.373657
0.000000 0.165206 0.245943 0.000000 0.000000 0.000000
0.000000 0.000054 0.000044
0.288156 0.770000 0.000000
764.299377 0.000000
0.000000 0.000000 0.000000 0.000000
0.000000 4.750670
8 0.020000 0.580000 0.008000
0.483000 0.377000 0.726000 0.484000 1.370000 6.610000 0.770000 0.770000
274000.000000 96.599998 0.002410
1.073000 0.050000 0.116600
0.998584 0.573636 0.002231 0.000000
0.000000

0.000000 5.794462 22.383421
3.800219 0.658379 64.831177 373.848083 1658.256104
0.000000 0.280451 0.286455 0.000000 0.000000 0.000000
0.000000 0.000074 0.000061
0.345483 0.770000 0.000000
764.299377 0.000000
0.000000 0.000000 0.000000 0.000000
0.000000 4.722356
8 0.020000 0.600000 0.008000
0.483000 0.377000 0.726000 0.484000 1.370000 6.610000 0.770000 0.770000
274000.000000 96.599998 0.002410
1.073000 0.050000 0.116600
0.999190 0.570963 0.002221 0.000000
0.000000

0.000000 5.316667 21.157795
3.783768 0.675906 64.977142 373.906494 1658.145874
0.000000 0.384590 0.313314 0.000000 0.000000 0.000000
0.000000 0.000083 0.000068
0.402591 0.770000 0.000000
764.299377 0.000000
0.000000 0.000000 0.000000 0.000000
0.000000 4.692604
8 0.020000 0.620000 0.008000
0.483000 0.377000 0.726000 0.484000 1.370000 6.610000 0.770000 0.770000
274000.000000 96.599998 0.002410
1.073000 0.050000 0.116600
0.999771 0.569419 0.002215 0.000000
0.000000

0.000000 4.879958 20.063236
3.768763 0.693306 65.139435 374.069061 1658.050293
0.000000 0.476940 0.336467 0.000000 0.000000 0.000000
0.000000 0.000086 0.000070
0.459424 0.770000 0.000000
764.299377 0.000000
0.000000 0.000000 0.000000 0.000000
0.000000 4.665107
8 0.020000 0.640000 0.008000
0.483000 0.377000 0.726000 0.484000 1.370000 6.610000 0.770000 0.770000
274000.000000 96.599998 0.002410
1.073000 0.050000 0.116600
1.000381 0.566547 0.002204 0.000000
0.000000

0.000000 4.479711 19.085543
3.755079 0.710587 65.307228 374.335999 1657.923950
0.000000 0.552246 0.356386 0.000000 0.000000 0.000000
0.000000 0.000084 0.000069
0.515933 0.770000 0.000000
764.299377 0.000000
0.000000 0.000000 0.000000 0.000000
0.000000 4.649873
8 0.020000 0.660000 0.008000
0.483000 0.377000 0.726000 0.484000 1.370000 6.610000 0.770000 0.770000
274000.000000 96.599998 0.002410
1.073000 0.050000 0.116600
1.001009 0.565273 0.002199 0.000000
0.000000

0.000000 4.119894 18.244436
3.744973 0.728212 65.531693 374.923218 1657.781372
0.000000 0.614851 0.374563 0.000000 0.000000 0.000000
0.000000 0.000080 0.000065
0.572077 0.770000 0.000000
764.299377 0.000000
0.000000 0.000000 0.000000 0.000000
0.000000 4.623578
8 0.020000 0.680000 0.008000
0.483000 0.377000 0.726000 0.484000 1.370000 6.610000 0.770000 0.770000
274000.000000 96.599998 0.002410
1.073000 0.050000 0.116600
1.001811 0.568761 0.002212 0.000000
0.000000

0.000000 3.797179 17.517931
3.736995 0.745956 65.770683 375.709137 1657.578491
0.000000 4.405737 0.466313 0.000000 0.000000 0.000000
0.000000 0.000151 0.000123
0.627823 0.770000 0.000000
764.299377 0.000000
0.000000 0.000000 0.000000 0.000000
0.000000 4.567114
8 0.020000 0.700000 0.008000
0.483000 0.377000 0.726000 0.484000 1.370000 6.610000 0.770000 0.770000
274000.000000 96.599998 0.002410
1.073000 0.050000 0.116600
1.002709 0.566336 0.002203 0.000000
0.000000

0.000000 3.510437 16.896008
3.730908 0.763809 66.036217 376.657440 1657.364624
0.000000 6.445903 0.489794 0.000000 0.000000 0.000000
0.000000 0.000142 0.000116
0.683142 0.770000 0.000000
764.299377 0.000000
0.000000 0.000000 0.000000 0.000000
0.000000 4.555015
8 0.020000 0.720000 0.008000
0.483000 0.377000 0.726000 0.484000 1.370000 6.610000 0.770000 0.770000
274000.000000 96.599998 0.002410
1.073000 0.050000 0.116600
1.003677 0.565790 0.002201 0.000000
0.000000

0.000000 3.327600 13.188916
2.345704 0.491948 41.856598 237.443222 1027.925903
0.000000 6.042850 0.340451 0.000000 0.000000 0.000000
0.000000 0.000125 0.000102
0.737690 0.785000 0.000000
764.299377 0.000000
0.000000 0.000000 0.000000 0.000000
0.000000 4.083384
8 0.020000 0.740000 0.005000
0.486000 0.396000 0.726000 0.501000 1.360000 6.610000 0.785000 0.785000
272000.000000 96.599998 0.003000
1.073000 0.050000 0.116600
0.624656 0.364208 0.001462 0.000000
0.000000

0.000000 3.092326 12.697416
2.344487 0.503300 42.073288 238.269562 1027.680420
0.000000 3.225015 0.341919 0.000000 0.000000 0.000000
0.000000 0.000098 0.000081
0.791454 0.785000 0.000000
764.299377 0.000000
0.000000 0.000000 0.000000 0.000000
0.000000 3.574500
8 0.020000 0.760000 0.005000
0.486000 0.396000 0.726000 0.501000 1.360000 6.610000 0.785000 0.785000
272000.000000 96.599998 0.003000
1.073000 0.050000 0.116600
0.625472 0.354142 0.001422 0.000000
0.000000

0.000000 2.861111 12.258976
2.343659 0.514613 42.199215 239.220642 1027.490723
0.000000 1.178800 0.337417 0.000000 0.000000 0.000000
0.000000 0.000062 0.000051
0.844746 0.785000 0.000000
764.299377 0.000000
0.000000 0.000000 0.000000 0.000000
0.000000 3.524067
8 0.020000 0.780000 0.005000
0.486000 0.396000 0.726000 0.501000 1.360000 6.610000 0.785000 0.785000
272000.000000 96.599998 0.003000
1.073000 0.050000 0.116600
0.626276 0.353703 0.001420 0.000000
0.000000

0.000000 2.291841 11.621606
2.345743 0.526479 42.476620 240.414398 1027.208862
0.000000 0.367944 0.301182 0.000000 0.000000 0.000000
0.000000 0.000028 0.000023
0.897558 0.785000 0.000000
764.299377 0.000000
0.000000 0.000000 0.000000 0.000000
0.000000 3.416415
8 0.020000 0.800000 0.005000
0.486000 0.396000 0.726000 0.501000 1.360000 6.610000 0.785000 0.785000
272000.000000 96.599998 0.003000
1.073000 0.050000 0.116600
0.627346 0.350404 0.001407 0.000000
0.000000

0.000000 2.213325 11.479121
2.352875 0.539389 42.808907 242.070618 1026.882812
0.000000 0.160171 0.268239 0.000000 0.000000 0.000000
0.000000 0.000013 0.000010
0.949888 0.785000 0.000000
764.299377 0.000000
0.000000 0.000000 0.000000 0.000000
0.000000 3.339622
8 0.020000 0.820000 0.005000
0.486000 0.396000 0.726000 0.501000 1.360000 6.610000 0.785000 0.785000
272000.000000 96.599998 0.003000
1.073000 0.050000 0.116600
0.628622 0.345386 0.001387 0.000000
0.000000

0.000000 2.111085 11.335106
2.358130 0.551824 43.108032 243.531082 1026.599976
0.000000 0.128859 0.266625 0.000000 0.000000 0.000000
0.000000 0.000009 0.000008
1.001737 0.785000 0.000000
764.299377 0.000000
0.000000 0.000000 0.000000 0.000000
0.000000 3.314940
8 0.020000 0.840000 0.005000
0.486000 0.396000 0.726000 0.501000 1.360000 6.610000 0.785000 0.785000
272000.000000 96.599998 0.003000
1.073000 0.050000 0.116600
0.629741 0.344746 0.001384 0.000000
0.000000

0.000000 1.690411 10.877534
2.358628 0.563093 43.331886 244.537308 1026.373779
0.000000 0.121964 0.269984 0.000000 0.000000 0.000000
0.000000 0.000008 0.000006
1.053108 0.785000 0.000000
764.299377 0.000000
0.000000 0.000000 0.000000 0.000000
0.000000 3.286783
8 0.020000 0.860000 0.005000
0.486000 0.396000 0.726000 0.501000 1.360000 6.610000 0.785000 0.785000
272000.000000 96.599998 0.003000
1.073000 0.050000 0.116600
0.630599 0.344873 0.001385 0.000000
0.000000

0.000000 1.582763 10.679854
2.356458 0.573598 43.502934 245.204865 1026.238525
0.000000 0.192905 0.290279 0.000000 0.000000 0.000000
0.000000 0.000010 0.000008
1.104007 0.785000 0.000000
764.299377 0.000000
0.000000 0.000000 0.000000 0.000000
0.000000 3.253054
8 0.020000 0.880000 0.005000
0.486000 0.396000 0.726000 0.501000 1.360000 6.610000 0.785000 0.785000
272000.000000 96.599998 0.003000
1.073000 0.050000 0.116600
0.631154 0.341758 0.001372 0.000000
0.000000

0.000000 1.483116 10.508034
2.353619 0.583707 43.671635 245.846619 1026.110962
0.000000 0.460771 0.313413 0.000000 0.000000 0.000000
0.000000 0.000018 0.000014
1.153782 0.830102 0.000000
764.299377 0.000000
0.000000 0.000000 0.000000 0.000000
0.000000 3.229465
8 0.020000 0.900000 0.005000
0.486000 0.396000 0.726000 0.501000 1.360000 6.610000 0.785000 0.785000
272000.000000 96.599998 0.003000
1.073000 0.050000 0.116600
0.631689 0.341313 0.001449 0.000000
0.000000

0.000000 1.205230 10.227392
2.349622 0.592986 43.910744 246.739746 1025.894043
0.000000 0.407493 0.318390 0.000000 0.000000 0.000000
0.000000 0.000014 0.000012
1.200298 1.000000 0.000000
764.299377 0.000000
0.000000 0.000000 0.000000 0.000000
0.000000 3.253682
8 0.020000 0.920000 0.005000
0.486000 0.396000 0.726000 0.501000 1.360000 6.610000 0.785000 0.785000
272000.000000 96.599998 0.003000
1.073000 0.050000 0.116600
0.632431 0.342399 0.001751 0.000000
0.000000

0.000000 1.160865 4.110107
0.478556 0.122679 8.973579 50.334351 205.138718
0.000000 0.455540 0.117078 0.000000 0.000000 0.000000
0.000000 0.000014 0.000011
1.244359 1.000000 0.000000
764.299377 0.000000
0.000000 0.000000 0.000000 0.000000
0.000000 1.721165
8 0.020000 0.940000 0.001000
0.486000 0.396000 0.726000 0.501000 1.360000 6.610000 0.785000 0.785000
272000.000000 96.599998 0.003000
1.073000 0.050000 0.116600
0.126660 0.074375 0.000380 0.000000
0.000000

0.000000 1.128918 3.961273
0.478681 0.124635 9.022649 50.507656 205.091415
0.000000 0.338124 0.122875 0.000000 0.000000 0.000000
0.000000 0.000010 0.000008
1.287951 1.000000 0.000000
764.299377 0.000000
0.000000 0.000000 0.000000 0.000000
0.000000 1.746504
8 0.020000 0.960000 0.001000
0.486000 0.396000 0.726000 0.501000 1.360000 6.610000 0.785000 0.785000
272000.000000 96.599998 0.003000
1.073000 0.050000 0.116600
0.126848 0.069551 0.000355 0.000000
0.000000

0.000000 1.115061 3.844943
0.479382 0.126728 9.087587 50.720715 205.030762
0.000000 0.522819 0.135102 0.000000 0.000000 0.000000
0.000000 0.000012 0.000010
1.331085 1.000000 0.000000
764.299377 0.000000
0.000000 0.000000 0.000000 0.000000
0.000000 1.267685
8 0.020000 0.980000 0.001000
0.486000 0.396000 0.726000 0.501000 1.360000 6.610000 0.785000 0.785000
272000.000000 96.599998 0.003000
1.073000 0.050000 0.116600
0.127064 0.067848 0.000346 0.000000
0.000000

0.000000 0.991518 3.652729
0.481256 0.129127 9.185751 51.054653 204.951538
0.000000 0.128657 0.118984 0.000000 0.000000 0.000000
0.000000 0.000004 0.000003
1.373774 1.000000 0.000000
764.299377 0.000000
0.000000 0.000000 0.000000 0.000000
0.000000 1.210640
8 0.020000 1.000000 0.001000
0.486000 0.396000 0.726000 0.501000 1.360000 6.610000 0.785000 0.785000
272000.000000 96.599998 0.003000
1.073000 0.050000 0.116600
0.127392 0.067444 0.000344 0.000000
0.000000

0.000000 0.947733 3.542202
0.481190 0.130992 9.266182 51.155533 204.919022
0.000000 0.060817 0.137566 0.000000 0.000000 0.000000
0.000000 0.000002 0.000001
1.416030 1.000000 0.000000
764.299377 0.000000
0.000000 0.000000 0.000000 0.000000
0.000000 1.101382
8 0.020000 1.020000 0.001000
0.486000 0.396000 0.726000 0.501000 1.360000 6.610000 0.785000 0.785000
272000.000000 96.599998 0.003000
1.073000 0.050000 0.116600
0.127526 0.067055 0.000342 0.000000
0.000000

0.000000 0.905259 3.424403
0.480164 0.132576 9.366376 51.113750 204.899872
0.000000 0.045367 0.122338 0.000000 0.000000 0.000000
0.000000 0.000001 0.000001
1.457866 1.000000 0.000000
764.299377 0.000000
0.000000 0.000000 0.000000 0.000000
0.000000 1.001821
8 0.020000 1.040000 0.001000
0.486000 0.396000 0.726000 0.501000 1.360000 6.610000 0.785000 0.785000
272000.000000 96.599998 0.003000
1.073000 0.050000 0.116600
0.127589 0.066938 0.000342 0.000000
0.000000

0.000000 0.744044 3.196471
0.478069 0.133841 9.356927 51.053902 204.897125
0.000000 0.032440 0.113203 0.000000 0.000000 0.000000
0.000000 0.000001 0.000001
1.499295 1.000000 0.000000
764.299377 0.000000
0.000000 0.000000 0.000000 0.000000
0.000000 0.994212
8 0.020000 1.060000 0.001000
0.486000 0.396000 0.726000 0.501000 1.360000 6.610000 0.785000 0.785000
272000.000000 96.599998 0.003000
1.073000 0.050000 0.116600
0.127596 0.066886 0.000342 0.000000
0.000000

0.000000 0.692437 3.085250
0.476465 0.135209 9.355257 51.036591 204.895828
0.000000 0.023010 0.107204 0.000000 0.000000 0.000000
0.000000 0.000000 0.000000
1.540329 1.000000 0.000000
764.299377 0.000000
0.000000 0.000000 0.000000 0.000000
0.000000 1.008653
8 0.020000 1.080000 0.001000
0.486000 0.396000 0.726000 0.501000 1.360000 6.610000 0.785000 0.785000
272000.000000 96.599998 0.003000
1.073000 0.050000 0.116600
0.127606 0.067122 0.000343 0.000000
0.000000

0.000000 0.645593 2.984539
0.474898 0.136562 9.353856 51.020733 204.895172
0.000000 0.016671 0.102162 0.000000 0.000000 0.000000
0.000000 0.000000 0.000000
1.580982 1.000000 0.000000
764.299377 0.000000
0.000000 0.000000 0.000000 0.000000
0.000000 0.992374
8 0.020000 1.100000 0.001000
0.486000 0.396000 0.726000 0.501000 1.360000 6.610000 0.785000 0.785000
272000.000000 96.599998 0.003000
1.073000 0.050000 0.116600
0.127614 0.066848 0.000341 0.000000
0.000000

0.000000 0.602830 2.893087
0.473362 0.137896 9.352541 51.005669 204.895401
0.000000 0.013126 0.099848 0.000000 0.000000 0.000000
0.000000 0.000000 0.000000
1.621264 1.000000 0.000000
764.299377 0.000000
0.000000 0.000000 0.000000 0.000000
0.000000 0.988684
8 0.020000 1.120000 0.001000
0.486000 0.396000 0.726000 0.501000 1.360000 6.610000 0.785000 0.785000
272000.000000 96.599998 0.003000
1.073000 0.050000 0.116600
0.127618 0.066827 0.000341 0.000000
0.000000

0.000000 0.564189 2.810785
0.471880 0.139221 9.351835 50.993958 204.895050
0.000000 0.011422 0.099932 0.000000 0.000000 0.000000
0.000000 0.000000 0.000000
1.661188 1.000000 0.000000
764.299377 0.000000
0.000000 0.000000 0.000000 0.000000
0.000000 0.992125
8 0.020000 1.140000 0.001000
0.486000 0.396000 0.726000 0.501000 1.360000 6.610000 0.785000 0.785000
272000.000000 96.599998 0.003000
1.073000 0.050000 0.116600
0.127627 0.067036 0.000342 0.000000
0.000000

0.000000 0.476492 2.680453
0.470196 0.140463 9.347358 50.961803 204.893677
0.000000 0.011779 0.105327 0.000000 0.000000 0.000000
0.000000 0.000000 0.000000
1.700764 1.000000 0.000000
764.299377 0.000000
0.000000 0.000000 0.000000 0.000000
0.000000 0.983442
8 0.020000 1.160000 0.001000
0.486000 0.396000 0.726000 0.501000 1.360000 6.610000 0.785000 0.785000
272000.000000 96.599998 0.003000
1.073000 0.050000 0.116600
0.127634 0.067007 0.000342 0.000000
0.000000

0.000000 0.449780 2.619226
0.468839 0.141776 9.348182 50.958691 204.892136
0.000000 0.012333 0.109279 0.000000 0.000000 0.000000
0.000000 0.000000 0.000000
1.740005 1.000000 0.000000
764.299377 0.000000
0.000000 0.000000 0.000000 0.000000
0.000000 0.979538
8 0.020000 1.180000 0.001000
0.486000 0.396000 0.726000 0.501000 1.360000 6.610000 0.785000 0.785000
272000.000000 96.599998 0.003000
1.073000 0.050000 0.116600
0.127642 0.066786 0.000341 0.000000
0.000000

0.000000 0.425147 2.562943
0.467467 0.143061 9.348313 50.951942 204.892563
0.000000 0.013359 0.114402 0.000000 0.000000 0.000000
0.000000 0.000000 0.000000
1.778919 1.000000 0.000000
764.299377 0.000000
0.000000 0.000000 0.000000 0.000000
0.000000 0.973359
8 0.020000 1.200000 0.001000
0.486000 0.396000 0.726000 0.501000 1.360000 6.610000 0.785000 0.785000
272000.000000 96.599998 0.003000
1.073000 0.050000 0.116600
0.127648 0.066746 0.000341 0.000000
0.000000

0.000000 0.403225 2.513057
0.466164 0.144345 9.349441 50.950596 204.891251
0.000000 0.014731 0.120132 0.000000 0.000000 0.000000
0.000000 0.000000 0.000000
1.817517 1.000000 0.000000
764.299377 0.000000
0.000000 0.000000 0.000000 0.000000
0.000000 0.978082
8 0.020000 1.220000 0.001000
0.486000 0.396000 0.726000 0.501000 1.360000 6.610000 0.785000 0.785000
272000.000000 96.599998 0.003000
1.073000 0.050000 0.116600
0.127656 0.066736 0.000341 0.000000
0.000000

0.000000 0.350851 2.431083
0.464705 0.145560 9.347486 50.932610 204.889664
0.000000 0.016224 0.125741 0.000000 0.000000 0.000000
0.000000 0.000000 0.000000
1.855809 1.000000 0.000000
764.299377 0.000000
0.000000 0.000000 0.000000 0.000000
0.000000 0.970463
8 0.020000 1.240000 0.001000
0.486000 0.396000 0.726000 0.501000 1.360000 6.610000 0.785000 0.785000
272000.000000 96.599998 0.003000
1.073000 0.050000 0.116600
0.127663 0.066711 0.000341 0.000000
0.000000

0.000000 0.335821 2.393823
0.463462 0.146819 9.349010 50.933754 204.888779
0.000000 0.017408 0.130142 0.000000 0.000000 0.000000
0.000000 0.000000 0.000000
1.893803 1.000000 0.000000
764.299377 0.000000
0.000000 0.000000 0.000000 0.000000
0.000000 0.963816
8 0.020000 1.260000 0.001000
0.486000 0.396000 0.726000 0.501000 1.360000 6.610000 0.785000 0.785000
272000.000000 96.599998 0.003000
1.073000 0.050000 0.116600
0.127670 0.066659 0.000340 0.000000
0.000000

0.000000 0.322064 2.360303
0.462245 0.148066 9.350712 50.935928 204.887970
0.000000 0.018430 0.134232 0.000000 0.000000 0.000000
0.000000 0.000000 0.000000
1.931507 1.000000 0.000000
764.299377 0.000000
0.000000 0.000000 0.000000 0.000000
0.000000 0.980261
8 0.020000 1.280000 0.001000
0.486000 0.396000 0.726000 0.501000 1.360000 6.610000 0.785000 0.785000
272000.000000 96.599998 0.003000
1.073000 0.050000 0.116600
0.127678 0.068644 0.000351 0.000000
0.000000

0.000000 0.309713 2.330071
0.461045 0.149299 9.352413 50.938221 204.886978
0.000000 0.019272 0.137911 0.000000 0.000000 0.000000
0.000000 0.000000 0.000000
1.968930 1.000000 0.000000
764.299377 0.000000
0.000000 0.000000 0.000000 0.000000
0.000000 0.969144
8 0.020000 1.300000 0.001000
0.486000 0.396000 0.726000 0.501000 1.360000 6.610000 0.785000 0.785000
272000.000000 96.599998 0.003000
1.073000 0.050000 0.116600
0.127682 0.066865 0.000341 0.000000
0.000000

0.000000 0.298488 2.303047
0.459875 0.150522 9.354409 50.942188 204.886490
0.000000 0.019956 0.141215 0.000000 0.000000 0.000000
0.000000 0.000000 0.000000
2.006079 1.000000 0.000000
764.299377 0.000000
0.000000 0.000000 0.000000 0.000000
0.000000 0.966936
8 0.020000 1.320000 0.001000
0.486000 0.396000 0.726000 0.501000 1.360000 6.610000 0.785000 0.785000
272000.000000 96.599998 0.003000
1.073000 0.050000 0.116600
0.127689 0.067109 0.000343 0.000000
0.000000

0.000000 0.270204 2.256815
0.458613 0.151696 9.354468 50.935562 204.885147
0.000000 0.020600 0.144504 0.000000 0.000000 0.000000
0.000000 0.000000 0.000000
2.042961 1.000000 0.000000
764.299377 0.000000
0.000000 0.000000 0.000000 0.000000
0.000000 0.979465
8 0.020000 1.340000 0.001000
0.486000 0.396000 0.726000 0.501000 1.360000 6.610000 0.785000 0.785000
272000.000000 96.599998 0.003000
1.073000 0.050000 0.116600
0.127697 0.066924 0.000342 0.000000
0.000000

0.000000 0.262645 2.236688
0.457472 0.152890 9.356381 50.939278 204.884979
0.000000 0.021097 0.147432 0.000000 0.000000 0.000000
0.000000 0.000000 0.000000
2.079583 1.000000 0.000000
764.299377 0.000000
0.000000 0.000000 0.000000 0.000000
0.000000 0.962052
8 0.020000 1.360000 0.001000
0.486000 0.396000 0.726000 0.501000 1.360000 6.610000 0.785000 0.785000
272000.000000 96.599998 0.003000
1.073000 0.050000 0.116600
0.127703 0.066846 0.000341 0.000000
0.000000

0.000000 0.255903 2.218864
0.456357 0.154075 9.358522 50.944260 204.884583
0.000000 0.021353 0.149726 0.000000 0.000000 0.000000
0.000000 0.000000 0.000000
2.115952 1.000000 0.000000
764.299377 0.000000
0.000000 0.000000 0.000000 0.000000
0.000000 0.959595
8 0.020000 1.380000 0.001000
0.486000 0.396000 0.726000 0.501000 1.360000 6.610000 0.785000 0.785000
272000.000000 96.599998 0.003000
1.073000 0.050000 0.116600
0.127710 0.066829 0.000341 0.000000
0.000000

0.000000 0.249813 2.202949
0.455258 0.155247 9.360715 50.949497 204.884918
0.000000 0.021479 0.151829 0.000000 0.000000 0.000000
0.000000 0.000000 0.000000
2.152073 1.000000 0.000000
764.299377 0.000000
0.000000 0.000000 0.000000 0.000000
0.000000 0.956969
8 0.020000 1.400000 0.001000
0.486000 0.396000 0.726000 0.501000 1.360000 6.610000 0.785000 0.785000
272000.000000 96.599998 0.003000
1.073000 0.050000 0.116600
0.127716 0.066793 0.000341 0.000000
0.000000

0.000000 0.244298 2.188735
0.454178 0.156408 9.363002 50.955410 204.884567
0.000000 0.021653 0.154180 0.000000 0.000000 0.000000
0.000000 0.000000 0.000000
2.187952 1.000000 0.000000
764.299377 0.000000
0.000000 0.000000 0.000000 0.000000
0.000000 0.965111
8 0.020000 1.420000 0.001000
0.486000 0.396000 0.726000 0.501000 1.360000 6.610000 0.785000 0.785000
272000.000000 96.599998 0.003000
1.073000 0.050000 0.116600
0.127721 0.066780 0.000341 0.000000
0.000000

0.000000 0.229297 2.163235
0.453043 0.157534 9.364012 50.954418 204.883606
0.000000 0.021924 0.156798 0.000000 0.000000 0.000000
0.000000 0.000000 0.000000
2.223594 1.000000 0.000000
764.299377 0.000000
0.000000 0.000000 0.000000 0.000000
0.000000 0.959999
8 0.020000 1.440000 0.001000
0.486000 0.396000 0.726000 0.501000 1.360000 6.610000 0.785000 0.785000
272000.000000 96.599998 0.003000
1.073000 0.050000 0.116600
0.127728 0.066825 0.000341 0.000000
0.000000

0.000000 0.225770 2.153086
0.451997 0.158673 9.366426 50.961193 204.883286
0.000000 0.022348 0.159771 0.000000 0.000000 0.000000
0.000000 0.000000 0.000000
2.259005 1.000000 0.000000
764.299377 0.000000
0.000000 0.000000 0.000000 0.000000
0.000000 0.954976
8 0.020000 1.460000 0.001000
0.486000 0.396000 0.726000 0.501000 1.360000 6.610000 0.785000 0.785000
272000.000000 96.599998 0.003000
1.073000 0.050000 0.116600
0.127733 0.066785 0.000341 0.000000
0.000000

0.000000 0.222578 2.144140
0.450966 0.159801 9.368883 50.968246 204.882812
0.000000 0.022566 0.161990 0.000000 0.000000 0.000000
0.000000 0.000000 0.000000
2.294189 1.000000 0.000000
764.299377 0.000000
0.000000 0.000000 0.000000 0.000000
0.000000 0.959408
8 0.020000 1.480000 0.001000
0.486000 0.396000 0.726000 0.501000 1.360000 6.610000 0.785000 0.785000
272000.000000 96.599998 0.003000
1.073000 0.050000 0.116600
0.127740 0.067336 0.000344 0.000000
0.000000

0.000000 0.219609 2.135535
0.449920 0.160907 9.370769 50.972179 204.883804
0.000000 0.022896 0.164696 0.000000 0.000000 0.000000
0.000000 0.000000 0.000000
2.329151 1.000000 0.000000
764.299377 0.000000
0.000000 0.000000 0.000000 0.000000
0.000000 0.953703
8 0.020000 1.500000 0.001000
0.486000 0.396000 0.726000 0.501000 1.360000 6.610000 0.785000 0.785000
272000.000000 96.599998 0.003000
1.073000 0.050000 0.116600
0.127744 0.066904 0.000342 0.000000
0.000000

0.000000 0.203075 2.062916
0.448885 0.162002 9.372944 50.977810 204.883102
0.000000 0.024722 0.172056 0.000000 0.000000 0.000000
0.000000 0.000000 0.000000
2.363895 1.000000 0.000000
764.299377 0.000000
0.000000 0.000000 0.000000 0.000000
0.000000 0.950542
8 0.020000 1.520000 0.001000
0.486000 0.396000 0.726000 0.501000 1.360000 6.610000 0.785000 0.785000
272000.000000 96.599998 0.003000
1.073000 0.050000 0.116600
0.127748 0.066835 0.000341 0.000000
0.000000

0.000000 0.202066 2.062511
0.447872 0.163089 9.374975 50.982719 204.884079
0.000000 0.024875 0.173647 0.000000 0.000000 0.000000
0.000000 0.000000 0.000000
2.398425 1.000000 0.000000
764.299377 0.000000
0.000000 0.000000 0.000000 0.000000
0.000000 0.948677
8 0.020000 1.540000 0.001000
0.486000 0.396000 0.726000 0.501000 1.360000 6.610000 0.785000 0.785000
272000.000000 96.599998 0.003000
1.073000 0.050000 0.116600
0.127753 0.066843 0.000341 0.000000
0.000000

0.000000 0.196126 2.055379
0.446833 0.164150 9.376267 50.983696 204.884750
0.000000 0.025116 0.176125 0.000000 0.000000 0.000000
0.000000 0.000000 0.000000
2.432745 1.000000 0.000000
764.299377 0.000000
0.000000 0.000000 0.000000 0.000000
0.000000 0.946337
8 0.020000 1.560000 0.001000
0.486000 0.396000 0.726000 0.501000 1.360000 6.610000 0.785000 0.785000
272000.000000 96.599998 0.003000
1.073000 0.050000 0.116600
0.127758 0.066807 0.000341 0.000000
0.000000

0.000000 0.195805 2.055901
0.445847 0.165215 9.378342 50.988930 204.885590
0.000000 0.024971 0.177363 0.000000 0.000000 0.000000
0.000000 0.000000 0.000000
2.466860 1.000000 0.000000
764.299377 0.000000
0.000000 0.000000 0.000000 0.000000
0.000000 0.944645
8 0.020000 1.580000 0.001000
0.486000 0.396000 0.726000 0.501000 1.360000 6.610000 0.785000 0.785000
272000.000000 96.599998 0.003000
1.073000 0.050000 0.116600
0.127761 0.066819 0.000341 0.000000
0.000000

0.000000 0.195608 2.057019
0.444892 0.166276 9.380836 50.996590 204.884277
0.000000 0.024720 0.178514 0.000000 0.000000 0.000000
0.000000 0.000000 0.000000
2.500771 1.000000 0.000000
764.299377 0.000000
0.000000 0.000000 0.000000 0.000000
0.000000 0.943708
8 0.020000 1.600000 0.001000
0.486000 0.396000 0.726000 0.501000 1.360000 6.610000 0.785000 0.785000
272000.000000 96.599998 0.003000
1.073000 0.050000 0.116600
0.127767 0.066824 0.000341 0.000000
0.000000

0.000000 0.195394 2.057679
0.443926 0.167319 9.382843 51.001694 204.884766
0.000000 0.024490 0.179825 0.000000 0.000000 0.000000
0.000000 0.000000 0.000000
2.534483 1.000000 0.000000
764.299377 0.000000
0.000000 0.000000 0.000000 0.000000
0.000000 0.946324
8 0.020000 1.620000 0.001000
0.486000 0.396000 0.726000 0.501000 1.360000 6.610000 0.785000 0.785000
272000.000000 96.599998 0.003000
1.073000 0.050000 0.116600
0.127771 0.067367 0.000344 0.000000
0.000000

0.000000 0.195303 2.058954
0.442996 0.168361 9.385403 51.009705 204.884323
0.000000 0.024319 0.181299 0.000000 0.000000 0.000000
0.000000 0.000000 0.000000
2.567998 1.000000 0.000000
764.299377 0.000000
0.000000 0.000000 0.000000 0.000000
0.000000 0.940813
8 0.020000 1.640000 0.001000
0.486000 0.396000 0.726000 0.501000 1.360000 6.610000 0.785000 0.785000
272000.000000 96.599998 0.003000
1.073000 0.050000 0.116600
0.127778 0.066853 0.000341 0.000000
0.000000

0.000000 0.195207 2.060076
0.442065 0.169387 9.387712 51.016399 204.884232
0.000000 0.024126 0.182669 0.000000 0.000000 0.000000
0.000000 0.000000 0.000000
2.601320 1.000000 0.000000
764.299377 0.000000
0.000000 0.000000 0.000000 0.000000
0.000000 0.939833
8 0.020000 1.660000 0.001000
0.486000 0.396000 0.726000 0.501000 1.360000 6.610000 0.785000 0.785000
272000.000000 96.599998 0.003000
1.073000 0.050000 0.116600
0.127781 0.066877 0.000342 0.000000
0.000000

0.000000 0.192459 2.057291
0.441121 0.170395 9.389544 51.020618 204.884872
0.000000 0.023917 0.183951 0.000000 0.000000 0.000000
0.000000 0.000000 0.000000
2.634452 1.000000 0.000000
764.299377 0.000000
0.000000 0.000000 0.000000 0.000000
0.000000 0.937498
8 0.020000 1.680000 0.001000
0.486000 0.396000 0.726000 0.501000 1.360000 6.610000 0.785000 0.785000
272000.000000 96.599998 0.003000
1.073000 0.050000 0.116600
0.127787 0.066850 0.000341 0.000000
0.000000

0.000000 0.192661 2.061100
0.440306 0.171439 9.393867 51.038460 204.883087
0.000000 0.023670 0.185139 0.000000 0.000000 0.000000
0.000000 0.000000 0.000000
2.667397 1.000000 0.000000
764.299377 0.000000
0.000000 0.000000 0.000000 0.000000
0.000000 0.935806
8 0.020000 1.700000 0.001000
0.486000 0.396000 0.726000 0.501000 1.360000 6.610000 0.785000 0.785000
272000.000000 96.599998 0.003000
1.073000 0.050000 0.116600
0.127800 0.066827 0.000341 0.000000
0.000000

0.000000 0.192881 2.062952
0.439421 0.172442 9.396495 51.046970 204.882721
0.000000 0.023364 0.186155 0.000000 0.000000 0.000000
0.000000 0.000000 0.000000
2.700156 1.000000 0.000000
764.299377 0.000000
0.000000 0.000000 0.000000 0.000000
0.000000 0.934437
8 0.020000 1.720000 0.001000
0.486000 0.396000 0.726000 0.501000 1.360000 6.610000 0.785000 0.785000
272000.000000 96.599998 0.003000
1.073000 0.050000 0.116600
0.127805 0.066836 0.000341 0.000000
0.000000

0.000000 0.193166 2.065150
0.438556 0.173439 9.399320 51.056751 204.882553
0.000000 0.023013 0.187011 0.000000 0.000000 0.000000
0.000000 0.000000 0.000000
2.732733 1.000000 0.000000
764.299377 0.000000
0.000000 0.000000 0.000000 0.000000
0.000000 0.932860
8 0.020000 1.740000 0.001000
0.486000 0.396000 0.726000 0.501000 1.360000 6.610000 0.785000 0.785000
272000.000000 96.599998 0.003000
1.073000 0.050000 0.116600
0.127813 0.066838 0.000341 0.000000
0.000000

0.000000 0.193420 2.067358
0.437701 0.174428 9.402162 51.066605 204.881638
0.000000 0.022623 0.187782 0.000000 0.000000 0.000000
0.000000 0.000000 0.000000
2.765130 1.000000 0.000000
764.299377 0.000000
0.000000 0.000000 0.000000 0.000000
0.000000 0.931222
8 0.020000 1.760000 0.001000
0.486000 0.396000 0.726000 0.501000 1.360000 6.610000 0.785000 0.785000
272000.000000 96.599998 0.003000
1.073000 0.050000 0.116600
0.127819 0.066824 0.000341 0.000000
0.000000

0.000000 0.193706 2.069759
0.436863 0.175409 9.405166 51.077358 204.880112
0.000000 0.022210 0.188443 0.000000 0.000000 0.000000
0.000000 0.000000 0.000000
2.797349 1.000000 0.000000
764.299377 0.000000
0.000000 0.000000 0.000000 0.000000
0.000000 0.929635
8 0.020000 1.780000 0.001000
0.486000 0.396000 0.726000 0.501000 1.360000 6.610000 0.785000 0.785000
272000.000000 96.599998 0.003000
1.073000 0.050000 0.116600
0.127829 0.066819 0.000341 0.000000
0.000000

0.000000 0.193983 2.072074
0.436030 0.176380 9.408054 51.087639 204.880325
0.000000 0.021791 0.189093 0.000000 0.000000 0.000000
0.000000 0.000000 0.000000
2.829393 1.000000 0.000000
764.299377 0.000000
0.000000 0.000000 0.000000 0.000000
0.000000 0.927927
8 0.020000 1.800000 0.001000
0.486000 0.396000 0.726000 0.501000 1.360000 6.610000 0.785000 0.785000
272000.000000 96.599998 0.003000
1.073000 0.050000 0.116600
0.127834 0.066800 0.000341 0.000000
0.000000

0.000000 0.193706 2.073515
0.435200 0.177339 9.410818 51.097153 204.880417
0.000000 0.021937 0.191853 0.000000 0.000000 0.000000
0.000000 0.000000 0.000000
2.861264 1.000000 0.000000
764.299377 0.000000
0.000000 0.000000 0.000000 0.000000
0.000000 0.926638
8 0.020000 1.820000 0.001000
0.486000 0.396000 0.726000 0.501000 1.360000 6.610000 0.785000 0.785000
272000.000000 96.599998 0.003000
1.073000 0.050000 0.116600
0.127839 0.066809 0.000341 0.000000
0.000000

0.000000 0.194040 2.075473
0.434369 0.178285 9.413330 51.105492 204.880447
0.000000 0.021908 0.193429 0.000000 0.000000 0.000000
0.000000 0.000000 0.000000
2.892963 1.000000 0.000000
764.299377 0.000000
0.000000 0.000000 0.000000 0.000000
0.000000 0.924934
8 0.020000 1.840000 0.001000
0.486000 0.396000 0.726000 0.501000 1.360000 6.610000 0.785000 0.785000
272000.000000 96.599998 0.003000
1.073000 0.050000 0.116600
0.127847 0.066795 0.000341 0.000000
0.000000

0.000000 0.194385 2.077585
0.433554 0.179225 9.415993 51.114639 204.879257
0.000000 0.021862 0.195026 0.000000 0.000000 0.000000
0.000000 0.000000 0.000000
2.924493 1.000000 0.000000
764.299377 0.000000
0.000000 0.000000 0.000000 0.000000
0.000000 0.923240
8 0.020000 1.860000 0.001000
0.486000 0.396000 0.726000 0.501000 1.360000 6.610000 0.785000 0.785000
272000.000000 96.599998 0.003000
1.073000 0.050000 0.116600
0.127851 0.066777 0.000341 0.000000
0.000000

0.000000 0.194713 2.079505
0.432736 0.180152 9.418436 51.122559 204.878357
0.000000 0.021858 0.196820 0.000000 0.000000 0.000000
0.000000 0.000000 0.000000
2.955855 1.000000 0.000000
764.299377 0.000000
0.000000 0.000000 0.000000 0.000000
0.000000 0.922110
8 0.020000 1.880000 0.001000
0.486000 0.396000 0.726000 0.501000 1.360000 6.610000 0.785000 0.785000
272000.000000 96.599998 0.003000
1.073000 0.050000 0.116600
0.127858 0.066800 0.000341 0.000000
0.000000

0.000000 0.195042 2.081354
0.431926 0.181069 9.420823 51.130280 204.877808
0.000000 0.021803 0.198388 0.000000 0.000000 0.000000
0.000000 0.000000 0.000000
2.987052 1.000000 0.000000
764.299377 0.000000
0.000000 0.000000 0.000000 0.000000
0.000000 0.920386
8 0.020000 1.900000 0.001000
0.486000 0.396000 0.726000 0.501000 1.360000 6.610000 0.785000 0.785000
272000.000000 96.599998 0.003000
1.073000 0.050000 0.116600
0.127864 0.066777 0.000341 0.000000
0.000000

0.000000 0.195370 2.083332
0.431131 0.181980 9.423364 51.138721 204.877060
0.000000 0.021735 0.199916 0.000000 0.000000 0.000000
0.000000 0.000000 0.000000
3.018085 1.000000 0.000000
764.299377 0.000000
0.000000 0.000000 0.000000 0.000000
0.000000 0.918894
8 0.020000 1.920000 0.001000
0.486000 0.396000 0.726000 0.501000 1.360000 6.610000 0.785000 0.785000
272000.000000 96.599998 0.003000
1.073000 0.050000 0.116600
0.127869 0.066773 0.000341 0.000000
0.000000

0.000000 0.195709 2.085867
0.430365 0.182892 9.426315 51.149597 204.876099
0.000000 0.021666 0.201472 0.000000 0.000000 0.000000
0.000000 0.000000 0.000000
3.048956 1.000000 0.000000
764.299377 0.000000
0.000000 0.000000 0.000000 0.000000
0.000000 0.917428
8 0.020000 1.940000 0.001000
0.486000 0.396000 0.726000 0.501000 1.360000 6.610000 0.785000 0.785000
272000.000000 96.599998 0.003000
1.073000 0.050000 0.116600
0.127878 0.066766 0.000341 0.000000
0.000000

0.000000 0.196039 2.089319
0.429643 0.183811 9.430076 51.164955 204.875137
0.000000 0.021791 0.203799 0.000000 0.000000 0.000000
0.000000 0.000000 0.000000
3.079666 1.000000 0.000000
764.299377 0.000000
0.000000 0.000000 0.000000 0.000000
0.000000 0.916001
8 0.020000 1.960000 0.001000
0.486000 0.396000 0.726000 0.501000 1.360000 6.610000 0.785000 0.785000
272000.000000 96.599998 0.003000
1.073000 0.050000 0.116600
0.127886 0.066756 0.000341 0.000000
0.000000

0.000000 0.196366 2.100901
0.429259 0.184864 9.441043 51.219326 204.870331
0.000000 0.021889 0.205918 0.000000 0.000000 0.000000
0.000000 0.000000 0.000000
3.110216 1.000000 0.000000
764.299377 0.000000
0.000000 0.000000 0.000000 0.000000
0.000000 0.914695
8 0.020000 1.980000 0.001000
0.486000 0.396000 0.726000 0.501000 1.360000 6.610000 0.785000 0.785000
272000.000000 96.599998 0.003000
1.073000 0.050000 0.116600
0.127921 0.066714 0.000341 0.000000
0.000000

0.000000 0.196674 2.120135
0.429191 0.186044 9.458828 51.310684 204.862961
0.000000 0.070398 0.275562 0.000000 0.000000 0.000000
0.000000 0.000000 0.000000
3.140608 1.000000 0.000000
764.299377 0.000000
0.000000 0.000000 0.000000 0.000000
0.000000 0.913976
8 0.020000 2.000000 0.001000
0.486000 0.396000 0.726000 0.501000 1.360000 6.610000 0.785000 0.785000
272000.000000 96.599998 0.003000
1.073000 0.050000 0.116600
0.127979 0.066715 0.000341 0.000000
0.000000
1.000000
2.000000
0.000000 0.000000
0.000000
0
-0.920000
0 0
0.000000
1
0.000000
1.000000
1.000000
1.000000
0.000000 0.000000 0.000000
0.000000 0.000000
0.000000 0.000000 0.000000 0.000000 0.000000 0.000000 0.000000
0.000000 0.000000 0.000000 0.000000 0.000000 0.000000 0.000000
225
2.000000
1
C:\DNDC\sites\Ottawa\CEFSoilc.spf
-1.000000 -1.000000
0.000000
46
46
10.000000
107
0.000000
0.000000
259
0.000000
176339.875000
1
