7
Clay_loam
0.314000 0.490000 0.006410 0.726000 0.398000 1.000000 0.000000 0.000000
1.350000 6.610000 1 0.031000 0.500000 0.050000 0.010000 0.240000 0.750000
0.000000 0.020000 2.000000 270000.000000 96.599998 100
0.233300 1.944000 3.025300 0.000000 1
10.000000 10.000000 10.000000 5.000000 25.000000 100.000000
0.000000 0.000000 0.007164 0.000000 0.000000 0.000000
500.000000 0.000000 0.000000

28.030899 579.069763 4439.620117
15.164833 1.685354 781.724060 3482.845215 6354.775879
0.000000 24.486410 3.466819 1.010348 0.000000 0.000000
0.000047 0.000565 0.000123
-3.837259 0.084397 62.573212
764.299377 0.000000
27.474506 0.000000 0.000000 0.000000
0.000000 4.444698
7 0.020000 0.020000 0.031000
0.490000 0.314000 0.726000 0.398000 1.350000 6.610000 0.726000 0.726000
270000.000000 96.599998 0.006410
1.073000 0.050000 0.116600
72.505432 2.379169 0.001054 0.000000
0.000000

0.969546 46.977169 232.755829
7.106110 0.789729 272.505432 1640.667603 6302.105957
0.000000 9.168849 1.766653 0.505174 0.000000 0.000000
0.000027 0.000000 0.000032
-3.731125 0.085588 62.636364
764.299377 0.000000
11.520665 0.000000 0.000000 0.000000
0.000000 6.296186
7 0.020000 0.040000 0.031000
0.490000 0.314000 0.726000 0.398000 1.350000 6.610000 0.726000 0.726000
270000.000000 96.599998 0.006410
1.073000 0.050000 0.116600
3.912791 1.930520 0.000865 0.000000
0.000000

0.000002 27.398924 44.429680
7.267987 0.807711 265.838257 1596.914185 6301.511719
0.000000 2.845199 1.476437 0.252587 0.000000 0.000000
0.000017 0.000000 0.000032
-3.652856 0.086499 62.620583
764.299377 0.000000
10.788357 0.000000 0.000000 0.000000
0.000000 8.675618
7 0.020000 0.060000 0.031000
0.490000 0.314000 0.726000 0.398000 1.350000 6.610000 0.726000 0.726000
270000.000000 96.599998 0.006410
1.073000 0.050000 0.116600
3.912283 1.932498 0.000875 0.000000
0.000000

0.000000 23.738445 39.540485
7.637963 0.848821 265.730103 1593.937012 6301.250977
0.000000 0.758731 1.241849 0.126294 0.000000 0.000000
0.000010 0.000000 0.000000
-3.572133 0.087470 62.555382
764.299377 0.000000
10.340645 0.000000 0.000000 0.000000
0.000000 9.971575
7 0.020000 0.080000 0.031000
0.490000 0.314000 0.726000 0.398000 1.350000 6.610000 0.726000 0.726000
270000.000000 96.599998 0.006410
1.073000 0.050000 0.116600
3.913009 1.863442 0.000853 0.000000
0.000000

0.000000 21.967449 35.183403
6.508597 0.723359 215.804230 1289.116699 5081.680664
0.000000 0.164376 0.902277 0.063147 0.000000 0.000000
0.000006 0.000000 0.000000
-3.488959 0.088506 62.466099
764.299377 0.000000
8.021182 0.000000 0.000000 0.000000
0.000000 9.513275
7 0.020000 0.100000 0.025000
0.490000 0.314000 0.726000 0.398000 1.350000 6.610000 0.726000 0.726000
270000.000000 96.599998 0.006410
1.073000 0.050000 0.116600
3.156356 1.493229 0.000690 0.000000
0.000000

0.000000 19.276371 88.188599
6.866600 0.824558 213.682693 1284.602295 5081.863281
0.000000 0.011728 0.791320 0.031573 0.000000 0.000000
0.000003 0.000000 0.000000
-3.403359 0.089611 62.362770
764.299377 0.000000
7.496716 0.000000 0.000000 0.000000
0.000000 2.741394
7 0.020000 0.120000 0.025000
0.490000 0.314000 0.726000 0.398000 1.350000 6.610000 0.726000 0.726000
270000.000000 96.599998 0.006410
1.073000 0.050000 0.116600
3.154321 1.372795 0.000642 0.000000
0.000000

0.000000 12.893560 76.524971
7.150737 0.842031 213.975311 1280.445557 5081.409668
0.000000 0.002416 0.749628 0.015787 0.000000 0.000000
0.000001 0.000000 0.000000
-3.315384 0.090790 62.250553
764.299377 0.000000
7.144548 0.000000 0.000000 0.000000
0.000000 1.884391
7 0.020000 0.140000 0.025000
0.490000 0.314000 0.726000 0.398000 1.350000 6.610000 0.726000 0.726000
270000.000000 96.599998 0.006410
1.073000 0.050000 0.116600
3.156374 1.333718 0.000632 0.000000
0.000000

0.000000 32.016613 74.238846
7.405335 0.853823 214.151581 1274.432007 5080.842773
0.000000 0.003049 0.750805 0.007893 0.000000 0.000000
0.000001 0.000000 0.000000
-3.231074 0.091962 86.766785
764.299377 0.000000
6.800294 0.000000 0.000000 0.000000
0.000000 1.264182
7 0.020000 0.160000 0.025000
0.490000 0.314000 0.726000 0.398000 1.350000 6.610000 0.726000 0.726000
270000.000000 96.599998 0.006410
1.073000 0.050000 0.116600
3.158631 1.263232 0.000606 0.000000
0.000000

0.000000 29.464657 63.099522
6.162809 0.699454 172.578293 1022.018494 4064.344971
0.000000 0.001458 0.546394 0.003947 0.000000 0.000000
0.000001 0.000000 0.000000
-3.150539 0.093128 88.873444
764.299377 0.000000
5.222353 0.000000 0.000000 0.000000
0.000000 1.110186
7 0.020000 0.180000 0.020000
0.490000 0.314000 0.726000 0.398000 1.350000 6.610000 0.726000 0.726000
270000.000000 96.599998 0.006410
1.073000 0.050000 0.116600
2.528477 1.010977 0.000491 0.000000
0.000000

0.000000 27.161970 61.105145
6.529688 0.852724 173.605225 1022.519531 4064.068848
0.000000 0.007479 0.579381 0.001973 0.000000 0.000000
0.000000 0.000000 0.000000
-3.068098 0.094370 88.751755
764.299377 0.000000
4.716772 0.000000 0.000000 0.000000
0.000000 5.540451
7 0.020000 0.200000 0.020000
0.490000 0.314000 0.726000 0.398000 1.350000 6.610000 0.726000 0.726000
270000.000000 96.599998 0.006410
1.073000 0.050000 0.116600
2.530019 1.812227 0.000895 0.000000
0.000000

0.000000 25.021172 59.390331
6.748794 0.852861 174.556183 1023.620667 4063.751221
0.000000 0.024707 0.593073 0.000987 0.000000 0.000000
0.000000 0.000000 0.000000
-2.983395 0.095699 88.621498
764.299377 0.000000
4.524902 0.000000 0.000000 0.000000
0.000000 9.572556
7 0.020000 0.220000 0.020000
0.490000 0.314000 0.726000 0.398000 1.350000 6.610000 0.726000 0.726000
270000.000000 96.599998 0.006410
1.073000 0.050000 0.116600
2.531776 2.093443 0.001050 0.000000
0.000000

0.000000 23.088345 57.947670
6.960994 0.855825 175.699295 1024.918335 4063.328125
0.000000 0.025756 0.561054 0.000493 0.000000 0.000000
0.000000 0.000000 0.000000
-2.896552 0.097122 88.482079
764.299377 0.000000
4.328610 0.000000 0.000000 0.000000
0.000000 7.468477
7 0.020000 0.240000 0.020000
0.490000 0.314000 0.726000 0.398000 1.350000 6.610000 0.726000 0.726000
270000.000000 96.599998 0.006410
1.073000 0.050000 0.116600
2.533678 1.396224 0.000708 0.000000
0.000000

0.000000 21.061111 56.260040
7.151529 0.871600 175.889099 1025.186157 4063.306152
0.000000 0.023444 0.546148 0.000247 0.000000 0.000000
0.000000 0.000000 0.000000
-2.807697 0.098645 88.332794
764.299377 0.000000
4.126164 0.000000 0.000000 0.000000
0.000000 5.549530
7 0.020000 0.260000 0.020000
0.490000 0.314000 0.726000 0.398000 1.350000 6.610000 0.726000 0.726000
270000.000000 96.599998 0.006410
1.073000 0.050000 0.116600
2.534352 1.319067 0.000679 0.000000
0.000000

0.000000 20.587666 53.073322
6.754082 0.885534 162.517548 929.481079 3655.208008
0.000000 0.110243 0.610093 0.000123 0.000000 0.000000
0.000000 0.000000 0.000000
-2.716820 0.100280 87.472595
764.299377 0.000000
3.407580 0.000000 0.000000 0.000000
0.000000 9.092376
7 0.020000 0.280000 0.018000
0.490000 0.314000 0.726000 0.398000 1.350000 6.610000 0.726000 0.726000
270000.000000 96.599998 0.000070
1.073000 0.050000 0.116600
2.287321 1.441365 0.000755 0.000000
0.000000

0.000000 19.072256 52.117683
6.932251 0.890180 163.738724 930.922546 3654.729492
0.000000 0.165865 0.575391 0.000062 0.000000 0.000000
0.000000 0.000000 0.000000
-2.624141 0.102033 87.637520
764.299377 0.000000
3.250837 0.000000 0.000000 0.000000
0.000000 9.142434
7 0.020000 0.300000 0.018000
0.490000 0.314000 0.726000 0.398000 1.350000 6.610000 0.726000 0.726000
270000.000000 96.599998 0.000070
1.073000 0.050000 0.116600
2.289137 1.215960 0.000647 0.000000
0.000000

0.000000 17.275095 50.622288
7.098535 0.893370 163.705032 930.436951 3654.792725
0.000000 0.136351 0.526589 0.000031 0.000000 0.000000
0.000000 0.000000 0.000000
-2.527868 0.103957 78.607155
764.299377 0.000000
3.082161 0.000000 0.000000 0.000000
0.000000 7.731103
7 0.020000 0.320000 0.018000
0.490000 0.314000 0.726000 0.398000 1.350000 6.610000 0.726000 0.726000
270000.000000 96.599998 0.000070
1.073000 0.050000 0.116600
2.289138 1.195228 0.000648 0.000000
0.000000

0.000000 15.975838 45.282963
6.392770 0.800982 145.517090 817.893616 3192.953369
0.000000 0.081036 0.398457 0.000015 0.000000 0.000000
0.000000 0.000000 0.000000
-2.426667 0.106099 74.841415
764.299377 0.000000
2.560721 0.000000 0.000000 0.000000
0.000000 6.354840
8 0.020000 0.340000 0.015500
0.483000 0.377000 0.726000 0.484000 1.370000 6.610000 0.770000 0.770000
274000.000000 96.599998 0.000070
1.073000 0.050000 0.116600
2.004297 1.047059 0.000563 0.000000
0.000000

0.000000 14.437534 43.997372
6.525805 0.819081 145.398865 817.424744 3193.028809
0.000000 0.041321 0.367083 0.000008 0.000000 0.000000
0.000000 0.000000 0.000000
-2.323058 0.108436 75.061302
764.299377 0.000000
2.402496 0.000000 0.000000 0.000000
0.000000 5.606931
8 0.020000 0.360000 0.015500
0.483000 0.377000 0.726000 0.484000 1.370000 6.610000 0.770000 0.770000
274000.000000 96.599998 0.000070
1.073000 0.050000 0.116600
2.004143 1.038704 0.000570 0.000000
0.000000

0.000000 13.053053 42.831772
6.649571 0.848588 145.321365 816.924194 3193.104980
0.000000 0.028092 0.358441 0.000004 0.000000 0.000000
0.000000 0.000000 0.000000
-2.218933 0.110948 76.157089
764.299377 0.000000
2.244819 0.000000 0.000000 0.000000
0.000000 5.236546
8 0.020000 0.380000 0.015500
0.483000 0.377000 0.726000 0.484000 1.370000 6.610000 0.770000 0.770000
274000.000000 96.599998 0.000070
1.073000 0.050000 0.116600
2.003981 1.037934 0.000583 0.000000
0.000000

0.000000 11.798429 41.763008
6.835845 0.949457 145.214096 816.470154 3193.181396
0.000000 0.019429 0.346634 0.000002 0.000000 0.000000
0.000000 0.000000 0.000000
-2.114625 0.113646 76.959694
764.299377 0.000000
1.950448 0.000000 0.000000 0.000000
0.000000 5.056725
8 0.020000 0.400000 0.015500
0.483000 0.377000 0.726000 0.484000 1.370000 6.610000 0.770000 0.770000
274000.000000 96.599998 0.000070
1.073000 0.050000 0.116600
2.003813 1.037676 0.000597 0.000000
0.000000

0.000000 10.677451 40.840919
6.940248 0.968171 145.159943 816.189697 3193.233643
0.000000 0.028428 0.354545 0.000001 0.000000 0.000000
0.000000 0.000000 0.000000
-2.010035 0.116560 77.115746
764.299377 0.000000
1.822967 0.000000 0.000000 0.000000
0.000000 4.967549
8 0.020000 0.420000 0.015500
0.483000 0.377000 0.726000 0.484000 1.370000 6.610000 0.770000 0.770000
274000.000000 96.599998 0.000070
1.073000 0.050000 0.116600
2.003765 1.037263 0.000612 0.000000
0.000000

0.000000 9.665934 40.007492
7.034689 0.999998 145.111511 815.964905 3193.284912
0.000000 0.027172 0.359397 0.000000 0.000000 0.000000
0.000000 0.000000 0.000000
-1.904871 0.119727 76.284439
764.299377 0.000000
1.696277 0.000000 0.000000 0.000000
0.000000 4.926517
8 0.020000 0.440000 0.015500
0.483000 0.377000 0.726000 0.484000 1.370000 6.610000 0.770000 0.770000
274000.000000 96.599998 0.000070
1.073000 0.050000 0.116600
2.003734 1.037050 0.000629 0.000000
0.000000

0.000000 8.764205 39.281216
7.125921 1.036120 145.149643 815.775513 3193.312256
0.000000 0.032187 0.363113 0.000000 0.000000 0.000000
0.000000 0.000000 0.000000
-1.798579 0.123205 73.936272
764.299377 0.000000
1.568378 0.000000 0.000000 0.000000
0.000000 4.887922
8 0.020000 0.460000 0.015500
0.483000 0.377000 0.726000 0.484000 1.370000 6.610000 0.770000 0.770000
274000.000000 96.599998 0.000070
1.073000 0.050000 0.116600
2.003757 1.036736 0.000647 0.000000
0.000000

0.000000 7.940132 38.615273
7.219371 1.074042 145.134781 815.633301 3193.336182
0.000000 0.037838 0.365244 0.000000 0.000000 0.000000
0.000000 0.000000 0.000000
-1.690346 0.127075 69.909027
764.299377 0.000000
1.437210 0.000000 0.000000 0.000000
0.000000 4.850007
8 0.020000 0.480000 0.015500
0.483000 0.377000 0.726000 0.484000 1.370000 6.610000 0.770000 0.770000
274000.000000 96.599998 0.000070
1.073000 0.050000 0.116600
2.003770 1.036631 0.000667 0.000000
0.000000

0.000000 7.196832 38.026211
7.388682 1.187191 145.129654 815.554504 3193.358154
0.000000 0.042230 0.355442 0.000000 0.000000 0.000000
0.000000 0.000000 0.000000
-1.579633 0.131434 65.575882
764.299377 0.000000
1.155308 0.000000 0.000000 0.000000
0.000000 4.813482
8 0.020000 0.500000 0.015500
0.483000 0.377000 0.726000 0.484000 1.370000 6.610000 0.770000 0.770000
274000.000000 96.599998 0.000070
1.073000 0.050000 0.116600
2.003812 1.036504 0.000690 0.000000
0.000000

0.000000 6.525447 37.500401
7.468430 1.211667 145.122192 815.523743 3193.376221
0.000000 0.046535 0.356927 0.000000 0.000000 0.000000
0.000000 0.000000 0.000000
-1.466854 0.136367 62.649345
764.299377 0.000000
1.054276 0.000000 0.000000 0.000000
0.000000 4.787224
8 0.020000 0.520000 0.015500
0.483000 0.377000 0.726000 0.484000 1.370000 6.610000 0.770000 0.770000
274000.000000 96.599998 0.000070
1.073000 0.050000 0.116600
2.003874 1.036360 0.000716 0.000000
0.000000

0.000000 5.458756 20.393866
3.854626 0.642077 72.974297 418.624237 1649.127686
0.000000 0.051094 0.229083 0.000000 0.000000 0.000000
0.000000 0.000000 0.000000
-1.352872 0.141960 60.668705
764.299377 0.000000
0.487130 0.000000 0.000000 0.000000
0.000000 4.562193
8 0.020000 0.540000 0.008000
0.483000 0.377000 0.726000 0.484000 1.370000 6.610000 0.770000 0.770000
274000.000000 96.599998 0.002410
1.073000 0.050000 0.116600
1.031558 0.563329 0.000404 0.000000
0.000000

0.000000 4.967650 20.006647
3.934879 0.712760 73.047112 418.655548 1649.109985
0.000000 0.044829 0.217332 0.000000 0.000000 0.000000
0.000000 0.000000 0.000000
-1.238649 0.148311 60.055191
764.299377 0.000000
0.336823 0.000000 0.000000 0.000000
0.000000 4.437568
8 0.020000 0.560000 0.008000
0.483000 0.377000 0.726000 0.484000 1.370000 6.610000 0.770000 0.770000
274000.000000 96.599998 0.002410
1.073000 0.050000 0.116600
1.031695 0.544849 0.000408 0.000000
0.000000

0.000000 4.521801 19.668324
3.957799 0.725790 73.126648 418.738861 1649.080566
0.000000 0.073126 0.230740 0.000000 0.000000 0.000000
0.000000 0.000000 0.000000
-1.124730 0.155566 59.354351
764.299377 0.000000
0.302144 0.000000 0.000000 0.000000
0.000000 4.332791
8 0.020000 0.580000 0.008000
0.483000 0.377000 0.726000 0.484000 1.370000 6.610000 0.770000 0.770000
274000.000000 96.599998 0.002410
1.073000 0.050000 0.116600
1.031860 0.539564 0.000424 0.000000
0.000000

0.000000 4.120307 19.388834
3.981673 0.739114 73.227905 418.926483 1649.033203
0.000000 0.063886 0.249587 0.000000 0.000000 0.000000
0.000000 0.000000 0.000000
-1.011156 0.163954 58.544044
764.299377 0.000000
0.267538 0.000000 0.000000 0.000000
0.000000 4.248670
8 0.020000 0.600000 0.008000
0.483000 0.377000 0.726000 0.484000 1.370000 6.610000 0.770000 0.770000
274000.000000 96.599998 0.002410
1.073000 0.050000 0.116600
1.032083 0.540168 0.000448 0.000000
0.000000

0.000000 3.755738 19.123295
4.048782 0.808655 73.319633 419.054443 1648.995972
0.000000 0.105265 0.265279 0.000000 0.000000 0.000000
0.000000 0.000000 0.000000
-0.897911 0.173797 57.593220
764.299377 0.000000
0.134463 0.000000 0.000000 0.000000
0.000000 4.215690
8 0.020000 0.620000 0.008000
0.483000 0.377000 0.726000 0.484000 1.370000 6.610000 0.770000 0.770000
274000.000000 96.599998 0.002410
1.073000 0.050000 0.116600
1.032262 0.537906 0.000472 0.000000
0.000000

0.000000 3.425735 18.891769
4.052699 0.823595 73.439529 419.156189 1648.968262
0.000000 0.170992 0.279873 0.000000 0.000000 0.000000
0.000000 0.000000 0.000000
-0.784877 0.185562 56.456738
764.299377 0.000000
0.117583 0.000000 0.000000 0.000000
0.000000 4.205919
8 0.020000 0.640000 0.008000
0.483000 0.377000 0.726000 0.484000 1.370000 6.610000 0.770000 0.770000
274000.000000 96.599998 0.002410
1.073000 0.050000 0.116600
1.032438 0.537576 0.000504 0.000000
0.000000

0.000000 3.126467 18.685150
4.107129 0.888714 73.563919 419.248901 1648.931274
0.000000 0.228144 0.282194 0.000000 0.000000 0.000000
0.000000 0.000008 0.000000
-0.671723 0.199960 55.065887
764.299377 0.000000
0.000000 0.000000 0.000000 0.000000
0.000000 4.205618
8 0.020000 0.660000 0.008000
0.483000 0.377000 0.726000 0.484000 1.370000 6.610000 0.770000 0.770000
274000.000000 96.599998 0.002410
1.073000 0.050000 0.116600
1.032606 0.537408 0.000543 0.000000
0.000000

0.000000 2.873147 18.563118
4.105611 0.895550 73.777710 419.576630 1648.852417
0.000000 0.264626 0.284629 0.000000 0.000000 0.000000
0.000000 0.000008 0.000000
-0.557615 0.218138 53.309822
764.299377 0.000000
0.000000 0.000000 0.000000 0.000000
0.000000 4.287262
8 0.020000 0.680000 0.008000
0.483000 0.377000 0.726000 0.484000 1.370000 6.610000 0.770000 0.770000
274000.000000 96.599998 0.002410
1.073000 0.050000 0.116600
1.032943 0.536978 0.000592 0.000000
0.000000

0.000000 2.646364 18.489063
4.097803 0.911467 74.106865 419.908752 1648.721069
0.000000 0.254783 0.276287 0.000000 0.000000 0.000000
0.000000 0.000007 0.000000
-0.440081 0.242097 50.995411
764.299377 0.000000
0.000000 0.000000 0.000000 0.000000
0.000000 4.227026
8 0.020000 0.700000 0.008000
0.483000 0.377000 0.726000 0.484000 1.370000 6.610000 0.770000 0.770000
274000.000000 96.599998 0.002410
1.073000 0.050000 0.116600
1.033348 0.539047 0.000660 0.000000
0.000000

0.000000 2.438825 18.434965
4.087358 0.928640 74.438812 420.249603 1648.594849
0.000000 0.342555 0.277030 0.000000 0.000000 0.000000
0.000000 0.000008 0.000000
-0.308994 0.275709 47.748505
764.299377 0.000000
0.000000 0.000000 0.000000 0.000000
0.000000 4.190348
8 0.020000 0.720000 0.008000
0.483000 0.377000 0.726000 0.484000 1.370000 6.610000 0.770000 0.770000
274000.000000 96.599998 0.002410
1.073000 0.050000 0.116600
1.033748 0.536578 0.000749 0.000000
0.000000

0.000000 2.270144 12.194010
2.538342 0.588506 46.637756 261.679413 1022.665283
0.000000 0.316690 0.198961 0.000000 0.000000 0.000000
0.000000 0.000006 0.000000
-0.138012 0.327375 44.481144
764.299377 0.000000
0.000000 0.000000 0.000000 0.000000
0.000000 3.786683
8 0.020000 0.740000 0.005000
0.486000 0.396000 0.726000 0.501000 1.360000 6.610000 0.785000 0.785000
272000.000000 96.599998 0.003000
1.073000 0.050000 0.116600
0.642042 0.337115 0.000566 0.000000
0.000000

0.000000 2.096552 12.144182
2.525763 0.602415 46.843529 261.982819 1022.570862
0.000000 0.275077 0.192530 0.000000 0.000000 0.000000
0.000000 0.000005 0.000000
-0.040905 0.417255 50.868622
764.299377 0.000000
0.000000 0.000000 0.000000 0.000000
0.000000 3.407040
8 0.020000 0.760000 0.005000
0.486000 0.396000 0.726000 0.501000 1.360000 6.610000 0.785000 0.785000
272000.000000 96.599998 0.003000
1.073000 0.050000 0.116600
0.642344 0.333657 0.000714 0.000000
0.000000

0.000000 1.934086 12.129693
2.514296 0.618158 47.047905 262.399139 1022.464661
0.000000 0.266193 0.194157 0.000000 0.000000 0.000000
0.000000 0.000004 0.000000
0.009242 0.645259 34.480812
764.299377 0.000000
0.000000 0.000000 0.000000 0.000000
0.000000 5.454197
8 0.020000 0.780000 0.005000
0.486000 0.396000 0.726000 0.501000 1.360000 6.610000 0.785000 0.785000
272000.000000 96.599998 0.003000
1.073000 0.050000 0.116600
0.642701 0.333753 0.001102 0.000000
0.000000

0.000000 1.793593 12.126618
2.503128 0.634656 47.298603 262.747009 1022.362732
0.000000 0.119871 0.176374 0.000000 0.000000 0.000000
0.000000 0.000001 0.000001
0.022974 1.000000 0.000000
764.299377 0.000000
0.000000 0.000000 0.000000 0.000000
0.000000 3.008985
8 0.020000 0.800000 0.005000
0.486000 0.396000 0.726000 0.501000 1.360000 6.610000 0.785000 0.785000
272000.000000 96.599998 0.003000
1.073000 0.050000 0.116600
0.643046 0.330267 0.001689 0.000000
0.000000

0.000000 1.654377 12.113767
2.490327 0.652536 47.472095 263.079193 1022.285828
0.000000 0.064584 0.162719 0.000000 0.000000 0.000000
0.000000 0.000001 0.000000
0.110136 1.000000 0.000000
764.299377 0.000000
0.000000 0.000000 0.000000 0.000000
0.000000 2.975206
8 0.020000 0.820000 0.005000
0.486000 0.396000 0.726000 0.501000 1.360000 6.610000 0.785000 0.785000
272000.000000 96.599998 0.003000
1.073000 0.050000 0.116600
0.643333 0.329894 0.001687 0.000000
0.000000

0.000000 1.521083 12.090384
2.477305 0.669588 47.606285 263.347015 1022.217651
0.000000 0.045755 0.154139 0.000000 0.000000 0.000000
0.000000 0.000000 0.000000
0.195855 1.000000 0.000000
764.299377 0.000000
0.000000 0.000000 0.000000 0.000000
0.000000 2.842978
8 0.020000 0.840000 0.005000
0.486000 0.396000 0.726000 0.501000 1.360000 6.610000 0.785000 0.785000
272000.000000 96.599998 0.003000
1.073000 0.050000 0.116600
0.643563 0.329440 0.001685 0.000000
0.000000

0.000000 1.401350 12.084669
2.465224 0.686150 47.756794 263.642212 1022.141541
0.000000 0.032877 0.146272 0.000000 0.000000 0.000000
0.000000 0.000000 0.000000
0.280108 1.000000 0.000000
764.299377 0.000000
0.000000 0.000000 0.000000 0.000000
0.000000 2.784114
8 0.020000 0.860000 0.005000
0.486000 0.396000 0.726000 0.501000 1.360000 6.610000 0.785000 0.785000
272000.000000 96.599998 0.003000
1.073000 0.050000 0.116600
0.643813 0.330573 0.001691 0.000000
0.000000

0.000000 1.289762 12.057509
2.452507 0.701818 47.893139 263.800201 1022.090881
0.000000 0.023248 0.140249 0.000000 0.000000 0.000000
0.000000 0.000000 0.000000
0.362880 1.000000 0.000000
764.299377 0.000000
0.000000 0.000000 0.000000 0.000000
0.000000 2.741976
8 0.020000 0.880000 0.005000
0.486000 0.396000 0.726000 0.501000 1.360000 6.610000 0.785000 0.785000
272000.000000 96.599998 0.003000
1.073000 0.050000 0.116600
0.643980 0.328990 0.001682 0.000000
0.000000

0.000000 1.187822 12.034649
2.440178 0.716899 48.034687 263.932709 1022.043945
0.000000 0.017532 0.136637 0.000000 0.000000 0.000000
0.000000 0.000000 0.000000
0.444159 1.000000 0.000000
764.299377 0.000000
0.000000 0.000000 0.000000 0.000000
0.000000 2.669338
8 0.020000 0.900000 0.005000
0.486000 0.396000 0.726000 0.501000 1.360000 6.610000 0.785000 0.785000
272000.000000 96.599998 0.003000
1.073000 0.050000 0.116600
0.644136 0.328898 0.001682 0.000000
0.000000

0.000000 1.100351 12.049133
2.429474 0.731794 48.260204 264.122009 1021.965149
0.000000 0.015347 0.136154 0.000000 0.000000 0.000000
0.000000 0.000000 0.000000
0.523938 1.000000 0.000000
764.299377 0.000000
0.000000 0.000000 0.000000 0.000000
0.000000 2.567699
8 0.020000 0.920000 0.005000
0.486000 0.396000 0.726000 0.501000 1.360000 6.610000 0.785000 0.785000
272000.000000 96.599998 0.003000
1.073000 0.050000 0.116600
0.644364 0.329682 0.001686 0.000000
0.000000

0.000000 1.017588 3.012627
0.485166 0.149600 9.705487 52.964741 204.378708
0.000000 0.017264 0.031933 0.000000 0.000000 0.000000
0.000000 0.000000 0.000000
0.602213 1.000000 0.000000
764.299377 0.000000
0.000000 0.000000 0.000000 0.000000
0.000000 1.494156
8 0.020000 0.940000 0.001000
0.486000 0.396000 0.726000 0.501000 1.360000 6.610000 0.785000 0.785000
272000.000000 96.599998 0.003000
1.073000 0.050000 0.116600
0.128924 0.068373 0.000349 0.000000
0.000000

0.000000 0.949132 2.971823
0.483111 0.152370 9.761408 52.982693 204.365326
0.000000 0.007947 0.023312 0.000000 0.000000 0.000000
0.000000 0.000000 0.000000
0.678986 1.000000 0.000000
764.299377 0.000000
0.000000 0.000000 0.000000 0.000000
0.000000 1.453076
8 0.020000 0.960000 0.001000
0.486000 0.396000 0.726000 0.501000 1.360000 6.610000 0.785000 0.785000
272000.000000 96.599998 0.003000
1.073000 0.050000 0.116600
0.128973 0.066199 0.000338 0.000000
0.000000

0.000000 0.878796 2.932696
0.481085 0.155033 9.777231 53.033623 204.351456
0.000000 0.001565 0.014342 0.000000 0.000000 0.000000
0.000000 0.000000 0.000000
0.754260 1.000000 0.000000
764.299377 0.000000
0.000000 0.000000 0.000000 0.000000
0.000000 1.083464
8 0.020000 0.980000 0.001000
0.486000 0.396000 0.726000 0.501000 1.360000 6.610000 0.785000 0.785000
272000.000000 96.599998 0.003000
1.073000 0.050000 0.116600
0.129014 0.065624 0.000335 0.000000
0.000000

0.000000 0.819407 2.921209
0.479920 0.157866 9.805118 53.173370 204.328079
0.000000 0.000072 0.006796 0.000000 0.000000 0.000000
0.000000 0.000000 0.000000
0.828040 1.000000 0.000000
764.299377 0.000000
0.000000 0.000000 0.000000 0.000000
0.000000 0.946722
8 0.020000 1.000000 0.001000
0.486000 0.396000 0.726000 0.501000 1.360000 6.610000 0.785000 0.785000
272000.000000 96.599998 0.003000
1.073000 0.050000 0.116600
0.129109 0.065515 0.000335 0.000000
0.000000

0.000000 0.761249 2.901780
0.478428 0.160491 9.824006 53.269325 204.311188
0.000000 0.000003 0.004210 0.000000 0.000000 0.000000
0.000000 0.000000 0.000000
0.900336 1.000000 0.000000
764.299377 0.000000
0.000000 0.000000 0.000000 0.000000
0.000000 0.874568
8 0.020000 1.020000 0.001000
0.486000 0.396000 0.726000 0.501000 1.360000 6.610000 0.785000 0.785000
272000.000000 96.599998 0.003000
1.073000 0.050000 0.116600
0.129175 0.065435 0.000334 0.000000
0.000000

0.000000 0.700282 2.859126
0.476113 0.162736 9.823516 53.266258 204.310364
0.000000 0.000001 0.004448 0.000000 0.000000 0.000000
0.000000 0.000000 0.000000
0.971157 1.000000 0.000000
764.299377 0.000000
0.000000 0.000000 0.000000 0.000000
0.000000 0.846927
8 0.020000 1.040000 0.001000
0.486000 0.396000 0.726000 0.501000 1.360000 6.610000 0.785000 0.785000
272000.000000 96.599998 0.003000
1.073000 0.050000 0.116600
0.129176 0.065435 0.000334 0.000000
0.000000

0.000000 0.645145 2.820665
0.473888 0.164906 9.824166 53.263226 204.308899
0.000000 0.000000 0.005276 0.000000 0.000000 0.000000
0.000000 0.000000 0.000000
1.040516 1.000000 0.000000
764.299377 0.000000
0.000000 0.000000 0.000000 0.000000
0.000000 0.834907
8 0.020000 1.060000 0.001000
0.486000 0.396000 0.726000 0.501000 1.360000 6.610000 0.785000 0.785000
272000.000000 96.599998 0.003000
1.073000 0.050000 0.116600
0.129176 0.065427 0.000334 0.000000
0.000000

0.000000 0.595318 2.786211
0.471753 0.167005 9.824800 53.261795 204.308350
0.000000 0.000000 0.006162 0.000000 0.000000 0.000000
0.000000 0.000000 0.000000
1.108429 1.000000 0.000000
764.299377 0.000000
0.000000 0.000000 0.000000 0.000000
0.000000 0.827323
8 0.020000 1.080000 0.001000
0.486000 0.396000 0.726000 0.501000 1.360000 6.610000 0.785000 0.785000
272000.000000 96.599998 0.003000
1.073000 0.050000 0.116600
0.129179 0.065422 0.000334 0.000000
0.000000

0.000000 0.550275 2.754896
0.469688 0.169033 9.826632 53.258667 204.307739
0.000000 0.000000 0.006979 0.000000 0.000000 0.000000
0.000000 0.000000 0.000000
1.174909 1.000000 0.000000
764.299377 0.000000
0.000000 0.000000 0.000000 0.000000
0.000000 0.820763
8 0.020000 1.100000 0.001000
0.486000 0.396000 0.726000 0.501000 1.360000 6.610000 0.785000 0.785000
272000.000000 96.599998 0.003000
1.073000 0.050000 0.116600
0.129181 0.065419 0.000334 0.000000
0.000000

0.000000 0.509200 2.726125
0.467681 0.170988 9.826163 53.256298 204.308228
0.000000 0.000000 0.007653 0.000000 0.000000 0.000000
0.000000 0.000000 0.000000
1.239975 1.000000 0.000000
764.299377 0.000000
0.000000 0.000000 0.000000 0.000000
0.000000 0.815118
8 0.020000 1.120000 0.001000
0.486000 0.396000 0.726000 0.501000 1.360000 6.610000 0.785000 0.785000
272000.000000 96.599998 0.003000
1.073000 0.050000 0.116600
0.129181 0.065418 0.000334 0.000000
0.000000

0.000000 0.472314 2.700722
0.465764 0.172886 9.827988 53.254566 204.307632
0.000000 0.000000 0.008351 0.000000 0.000000 0.000000
0.000000 0.000000 0.000000
1.303645 1.000000 0.000000
764.299377 0.000000
0.000000 0.000000 0.000000 0.000000
0.000000 0.809052
8 0.020000 1.140000 0.001000
0.486000 0.396000 0.726000 0.501000 1.360000 6.610000 0.785000 0.785000
272000.000000 96.599998 0.003000
1.073000 0.050000 0.116600
0.129183 0.065416 0.000334 0.000000
0.000000

0.000000 0.438737 2.677548
0.463908 0.174722 9.828486 53.253765 204.307419
0.000000 0.000000 0.008921 0.000000 0.000000 0.000000
0.000000 0.000000 0.000000
1.365936 1.000000 0.000000
764.299377 0.000000
0.000000 0.000000 0.000000 0.000000
0.000000 0.839066
8 0.020000 1.160000 0.001000
0.486000 0.396000 0.726000 0.501000 1.360000 6.610000 0.785000 0.785000
272000.000000 96.599998 0.003000
1.073000 0.050000 0.116600
0.129183 0.065618 0.000335 0.000000
0.000000

0.000000 0.408538 2.657138
0.462129 0.176504 9.830533 53.253632 204.306290
0.000000 0.000000 0.009413 0.000000 0.000000 0.000000
0.000000 0.000000 0.000000
1.426870 1.000000 0.000000
764.299377 0.000000
0.000000 0.000000 0.000000 0.000000
0.000000 0.825534
8 0.020000 1.180000 0.001000
0.486000 0.396000 0.726000 0.501000 1.360000 6.610000 0.785000 0.785000
272000.000000 96.599998 0.003000
1.073000 0.050000 0.116600
0.129186 0.065428 0.000334 0.000000
0.000000

0.000000 0.381029 2.638138
0.460389 0.178223 9.831422 53.251980 204.305878
0.000000 0.000000 0.009909 0.000000 0.000000 0.000000
0.000000 0.000000 0.000000
1.486465 1.000000 0.000000
764.299377 0.000000
0.000000 0.000000 0.000000 0.000000
0.000000 0.811405
8 0.020000 1.200000 0.001000
0.486000 0.396000 0.726000 0.501000 1.360000 6.610000 0.785000 0.785000
272000.000000 96.599998 0.003000
1.073000 0.050000 0.116600
0.129188 0.065425 0.000334 0.000000
0.000000

0.000000 0.356130 2.621065
0.458712 0.179889 9.832053 53.251484 204.305557
0.000000 0.000000 0.010326 0.000000 0.000000 0.000000
0.000000 0.000000 0.000000
1.544744 1.000000 0.000000
764.299377 0.000000
0.000000 0.000000 0.000000 0.000000
0.000000 0.801084
8 0.020000 1.220000 0.001000
0.486000 0.396000 0.726000 0.501000 1.360000 6.610000 0.785000 0.785000
272000.000000 96.599998 0.003000
1.073000 0.050000 0.116600
0.129188 0.065421 0.000334 0.000000
0.000000

0.000000 0.333715 2.606094
0.457103 0.181510 9.834146 53.251640 204.304306
0.000000 0.000000 0.010669 0.000000 0.000000 0.000000
0.000000 0.000000 0.000000
1.601726 1.000000 0.000000
764.299377 0.000000
0.000000 0.000000 0.000000 0.000000
0.000000 0.792614
8 0.020000 1.240000 0.001000
0.486000 0.396000 0.726000 0.501000 1.360000 6.610000 0.785000 0.785000
272000.000000 96.599998 0.003000
1.073000 0.050000 0.116600
0.129191 0.065417 0.000334 0.000000
0.000000

0.000000 0.313258 2.591964
0.455525 0.183073 9.834478 53.250839 204.304092
0.000000 0.000000 0.011004 0.000000 0.000000 0.000000
0.000000 0.000000 0.000000
1.657433 1.000000 0.000000
764.299377 0.000000
0.000000 0.000000 0.000000 0.000000
0.000000 0.785416
8 0.020000 1.260000 0.001000
0.486000 0.396000 0.726000 0.501000 1.360000 6.610000 0.785000 0.785000
272000.000000 96.599998 0.003000
1.073000 0.050000 0.116600
0.129192 0.065413 0.000334 0.000000
0.000000

0.000000 0.294902 2.579886
0.454019 0.184598 9.836573 53.251381 204.303192
0.000000 0.000000 0.011303 0.000000 0.000000 0.000000
0.000000 0.000000 0.000000
1.711888 1.000000 0.000000
764.299377 0.000000
0.000000 0.000000 0.000000 0.000000
0.000000 0.778181
8 0.020000 1.280000 0.001000
0.486000 0.396000 0.726000 0.501000 1.360000 6.610000 0.785000 0.785000
272000.000000 96.599998 0.003000
1.073000 0.050000 0.116600
0.129195 0.065408 0.000334 0.000000
0.000000

0.000000 0.278125 2.568381
0.452540 0.186069 9.836953 53.250896 204.303055
0.000000 0.000000 0.011563 0.000000 0.000000 0.000000
0.000000 0.000000 0.000000
1.765110 1.000000 0.000000
764.299377 0.000000
0.000000 0.000000 0.000000 0.000000
0.000000 0.771218
8 0.020000 1.300000 0.001000
0.486000 0.396000 0.726000 0.501000 1.360000 6.610000 0.785000 0.785000
272000.000000 96.599998 0.003000
1.073000 0.050000 0.116600
0.129195 0.065403 0.000334 0.000000
0.000000

0.000000 0.263055 2.558568
0.451126 0.187504 9.838500 53.252026 204.302246
0.000000 0.000000 0.011788 0.000000 0.000000 0.000000
0.000000 0.000000 0.000000
1.817123 1.000000 0.000000
764.299377 0.000000
0.000000 0.000000 0.000000 0.000000
0.000000 0.763939
8 0.020000 1.320000 0.001000
0.486000 0.396000 0.726000 0.501000 1.360000 6.610000 0.785000 0.785000
272000.000000 96.599998 0.003000
1.073000 0.050000 0.116600
0.129197 0.065395 0.000334 0.000000
0.000000

0.000000 0.249385 2.549464
0.449745 0.188893 9.840173 53.251686 204.302292
0.000000 0.000000 0.011995 0.000000 0.000000 0.000000
0.000000 0.000000 0.000000
1.867947 1.000000 0.000000
764.299377 0.000000
0.000000 0.000000 0.000000 0.000000
0.000000 0.756323
8 0.020000 1.340000 0.001000
0.486000 0.396000 0.726000 0.501000 1.360000 6.610000 0.785000 0.785000
272000.000000 96.599998 0.003000
1.073000 0.050000 0.116600
0.129198 0.065389 0.000334 0.000000
0.000000

0.000000 0.236988 2.541267
0.448405 0.190242 9.840752 53.252541 204.301620
0.000000 0.000000 0.012171 0.000000 0.000000 0.000000
0.000000 0.000000 0.000000
1.917605 1.000000 0.000000
764.299377 0.000000
0.000000 0.000000 0.000000 0.000000
0.000000 0.748553
8 0.020000 1.360000 0.001000
0.486000 0.396000 0.726000 0.501000 1.360000 6.610000 0.785000 0.785000
272000.000000 96.599998 0.003000
1.073000 0.050000 0.116600
0.129200 0.065378 0.000334 0.000000
0.000000

0.000000 0.225753 2.533735
0.447101 0.191550 9.841771 53.252342 204.301834
0.000000 0.000000 0.012318 0.000000 0.000000 0.000000
0.000000 0.000000 0.000000
1.966117 1.000000 0.000000
764.299377 0.000000
0.000000 0.000000 0.000000 0.000000
0.000000 0.740551
8 0.020000 1.380000 0.001000
0.486000 0.396000 0.726000 0.501000 1.360000 6.610000 0.785000 0.785000
272000.000000 96.599998 0.003000
1.073000 0.050000 0.116600
0.129201 0.065363 0.000334 0.000000
0.000000

0.000000 0.215648 2.527265
0.445846 0.192826 9.843543 53.252838 204.301453
0.000000 0.000000 0.012457 0.000000 0.000000 0.000000
0.000000 0.000000 0.000000
2.013504 1.000000 0.000000
764.299377 0.000000
0.000000 0.000000 0.000000 0.000000
0.000000 0.731941
8 0.020000 1.400000 0.001000
0.486000 0.396000 0.726000 0.501000 1.360000 6.610000 0.785000 0.785000
272000.000000 96.599998 0.003000
1.073000 0.050000 0.116600
0.129202 0.065337 0.000334 0.000000
0.000000

0.000000 0.206435 2.521353
0.444624 0.194064 9.844140 53.254089 204.301300
0.000000 0.000000 0.012552 0.000000 0.000000 0.000000
0.000000 0.000000 0.000000
2.059788 1.000000 0.000000
764.299377 0.000000
0.000000 0.000000 0.000000 0.000000
0.000000 0.723049
8 0.020000 1.420000 0.001000
0.486000 0.396000 0.726000 0.501000 1.360000 6.610000 0.785000 0.785000
272000.000000 96.599998 0.003000
1.073000 0.050000 0.116600
0.129203 0.065314 0.000334 0.000000
0.000000

0.000000 0.172428 2.499651
0.443423 0.195263 9.845485 53.254578 204.300659
0.000000 0.000000 0.014167 0.000000 0.000000 0.000000
0.000000 0.000000 0.000000
2.104990 1.000000 0.000000
764.299377 0.000000
0.000000 0.000000 0.000000 0.000000
0.000000 0.714406
8 0.020000 1.440000 0.001000
0.486000 0.396000 0.726000 0.501000 1.360000 6.610000 0.785000 0.785000
272000.000000 96.599998 0.003000
1.073000 0.050000 0.116600
0.129205 0.065328 0.000334 0.000000
0.000000

0.000000 0.167359 2.496603
0.442277 0.196436 9.846796 53.256035 204.300064
0.000000 0.000012 0.034620 0.000000 0.000000 0.000000
0.000000 0.000000 0.000000
2.149130 1.000000 0.000000
764.299377 0.000000
0.000000 0.000000 0.000000 0.000000
0.000000 0.703534
8 0.020000 1.460000 0.001000
0.486000 0.396000 0.726000 0.501000 1.360000 6.610000 0.785000 0.785000
272000.000000 96.599998 0.003000
1.073000 0.050000 0.116600
0.129206 0.065331 0.000334 0.000000
0.000000

0.000000 0.162778 2.493849
0.441162 0.197577 9.847969 53.257324 204.299652
0.000000 0.000039 0.034948 0.000000 0.000000 0.000000
0.000000 0.000000 0.000000
2.192228 1.000000 0.000000
764.299377 0.000000
0.000000 0.000000 0.000000 0.000000
0.000000 1.332045
8 0.020000 1.480000 0.001000
0.486000 0.396000 0.726000 0.501000 1.360000 6.610000 0.785000 0.785000
272000.000000 96.599998 0.003000
1.073000 0.050000 0.116600
0.129209 0.065860 0.000336 0.000000
0.000000

0.000000 0.158637 2.491359
0.440077 0.198685 9.849651 53.257874 204.299637
0.000000 0.000123 0.035338 0.000000 0.000000 0.000000
0.000000 0.000000 0.000000
2.234303 1.000000 0.000000
764.299377 0.000000
0.000000 0.000000 0.000000 0.000000
0.000000 0.823828
8 0.020000 1.500000 0.001000
0.486000 0.396000 0.726000 0.501000 1.360000 6.610000 0.785000 0.785000
272000.000000 96.599998 0.003000
1.073000 0.050000 0.116600
0.129210 0.065414 0.000334 0.000000
0.000000

0.000000 0.154823 2.488769
0.439009 0.199759 9.849994 53.257988 204.299469
0.000000 0.000320 0.036238 0.000000 0.000000 0.000000
0.000000 0.000000 0.000000
2.275377 1.000000 0.000000
764.299377 0.000000
0.000000 0.000000 0.000000 0.000000
0.000000 0.792793
8 0.020000 1.520000 0.001000
0.486000 0.396000 0.726000 0.501000 1.360000 6.610000 0.785000 0.785000
272000.000000 96.599998 0.003000
1.073000 0.050000 0.116600
0.129210 0.065387 0.000334 0.000000
0.000000

0.000000 0.151432 2.486760
0.437980 0.200808 9.851629 53.258224 204.299301
0.000000 0.000652 0.037326 0.000000 0.000000 0.000000
0.000000 0.000000 0.000000
2.315466 1.000000 0.000000
764.299377 0.000000
0.000000 0.000000 0.000000 0.000000
0.000000 0.810035
8 0.020000 1.540000 0.001000
0.486000 0.396000 0.726000 0.501000 1.360000 6.610000 0.785000 0.785000
272000.000000 96.599998 0.003000
1.073000 0.050000 0.116600
0.129212 0.065400 0.000334 0.000000
0.000000

0.000000 0.135594 2.475969
0.436958 0.201820 9.851856 53.257927 204.299393
0.000000 0.002217 0.080502 0.000000 0.000000 0.000000
0.000000 0.000000 0.000000
2.354590 1.000000 0.000000
764.299377 0.000000
0.000000 0.000000 0.000000 0.000000
0.000000 0.783832
8 0.020000 1.560000 0.001000
0.486000 0.396000 0.726000 0.501000 1.360000 6.610000 0.785000 0.785000
272000.000000 96.599998 0.003000
1.073000 0.050000 0.116600
0.129212 0.065381 0.000334 0.000000
0.000000

0.000000 0.134008 2.475144
0.435982 0.202814 9.852962 53.258369 204.299393
0.000000 0.003256 0.081982 0.000000 0.000000 0.000000
0.000000 0.000000 0.000000
2.392768 1.000000 0.000000
764.299377 0.000000
0.000000 0.000000 0.000000 0.000000
0.000000 0.793204
8 0.020000 1.580000 0.001000
0.486000 0.396000 0.726000 0.501000 1.360000 6.610000 0.785000 0.785000
272000.000000 96.599998 0.003000
1.073000 0.050000 0.116600
0.129212 0.065387 0.000334 0.000000
0.000000

0.000000 0.132583 2.474509
0.435036 0.203782 9.854510 53.258801 204.298782
0.000000 0.004067 0.083051 0.000000 0.000000 0.000000
0.000000 0.000000 0.000000
2.430017 1.000000 0.000000
764.299377 0.000000
0.000000 0.000000 0.000000 0.000000
0.000000 0.780884
8 0.020000 1.600000 0.001000
0.486000 0.396000 0.726000 0.501000 1.360000 6.610000 0.785000 0.785000
272000.000000 96.599998 0.003000
1.073000 0.050000 0.116600
0.129213 0.065379 0.000334 0.000000
0.000000

0.000000 0.131266 2.473831
0.434109 0.204724 9.854773 53.259754 204.298996
0.000000 0.004460 0.083629 0.000000 0.000000 0.000000
0.000000 0.000000 0.000000
2.466354 1.000000 0.000000
764.299377 0.000000
0.000000 0.000000 0.000000 0.000000
0.000000 1.135432
8 0.020000 1.620000 0.001000
0.486000 0.396000 0.726000 0.501000 1.360000 6.610000 0.785000 0.785000
272000.000000 96.599998 0.003000
1.073000 0.050000 0.116600
0.129214 0.065903 0.000337 0.000000
0.000000

0.000000 0.130092 2.473312
0.433210 0.205643 9.855802 53.260551 204.299332
0.000000 0.004336 0.083648 0.000000 0.000000 0.000000
0.000000 0.000000 0.000000
2.501797 1.000000 0.000000
764.299377 0.000000
0.000000 0.000000 0.000000 0.000000
0.000000 0.848675
8 0.020000 1.640000 0.001000
0.486000 0.396000 0.726000 0.501000 1.360000 6.610000 0.785000 0.785000
272000.000000 96.599998 0.003000
1.073000 0.050000 0.116600
0.129216 0.065424 0.000334 0.000000
0.000000

0.000000 0.129051 2.473094
0.432342 0.206541 9.857309 53.261700 204.298462
0.000000 0.003769 0.083271 0.000000 0.000000 0.000000
0.000000 0.000000 0.000000
2.536362 1.000000 0.000000
764.299377 0.000000
0.000000 0.000000 0.000000 0.000000
0.000000 0.867585
8 0.020000 1.660000 0.001000
0.486000 0.396000 0.726000 0.501000 1.360000 6.610000 0.785000 0.785000
272000.000000 96.599998 0.003000
1.073000 0.050000 0.116600
0.129216 0.065440 0.000334 0.000000
0.000000

0.000000 0.121327 2.467627
0.431473 0.207407 9.857181 53.261868 204.298859
0.000000 0.003014 0.084237 0.000000 0.000000 0.000000
0.000000 0.000000 0.000000
2.570065 1.000000 0.000000
764.299377 0.000000
0.000000 0.000000 0.000000 0.000000
0.000000 0.843970
8 0.020000 1.680000 0.001000
0.486000 0.396000 0.726000 0.501000 1.360000 6.610000 0.785000 0.785000
272000.000000 96.599998 0.003000
1.073000 0.050000 0.116600
0.129217 0.065428 0.000334 0.000000
0.000000

0.000000 0.121102 2.470983
0.430743 0.208305 9.860273 53.275131 204.295654
0.000000 0.002228 0.083824 0.000000 0.000000 0.000000
0.000000 0.000000 0.000000
2.602920 1.000000 0.000000
764.299377 0.000000
0.000000 0.000000 0.000000 0.000000
0.000000 0.834564
8 0.020000 1.700000 0.001000
0.486000 0.396000 0.726000 0.501000 1.360000 6.610000 0.785000 0.785000
272000.000000 96.599998 0.003000
1.073000 0.050000 0.116600
0.129226 0.065414 0.000334 0.000000
0.000000

0.000000 0.120894 2.471719
0.429952 0.209144 9.861356 53.278416 204.295029
0.000000 0.001585 0.082811 0.000000 0.000000 0.000000
0.000000 0.000000 0.000000
2.634944 1.000000 0.000000
764.299377 0.000000
0.000000 0.000000 0.000000 0.000000
0.000000 0.831870
8 0.020000 1.720000 0.001000
0.486000 0.396000 0.726000 0.501000 1.360000 6.610000 0.785000 0.785000
272000.000000 96.599998 0.003000
1.073000 0.050000 0.116600
0.129229 0.065412 0.000334 0.000000
0.000000

0.000000 0.120731 2.472478
0.429180 0.209960 9.862870 53.281078 204.294830
0.000000 0.001143 0.082150 0.000000 0.000000 0.000000
0.000000 0.000000 0.000000
2.666150 1.000000 0.000000
764.299377 0.000000
0.000000 0.000000 0.000000 0.000000
0.000000 0.859588
8 0.020000 1.740000 0.001000
0.486000 0.396000 0.726000 0.501000 1.360000 6.610000 0.785000 0.785000
272000.000000 96.599998 0.003000
1.073000 0.050000 0.116600
0.129230 0.065427 0.000334 0.000000
0.000000

0.000000 0.120553 2.473579
0.428440 0.210763 9.863459 53.286423 204.293747
0.000000 0.000875 0.081879 0.000000 0.000000 0.000000
0.000000 0.000000 0.000000
2.696552 1.000000 0.000000
764.299377 0.000000
0.000000 0.000000 0.000000 0.000000
0.000000 0.835471
8 0.020000 1.760000 0.001000
0.486000 0.396000 0.726000 0.501000 1.360000 6.610000 0.785000 0.785000
272000.000000 96.599998 0.003000
1.073000 0.050000 0.116600
0.129234 0.065412 0.000334 0.000000
0.000000

0.000000 0.120430 2.474764
0.427720 0.211546 9.865407 53.290447 204.292831
0.000000 0.000723 0.081568 0.000000 0.000000 0.000000
0.000000 0.000000 0.000000
2.726164 1.000000 0.000000
764.299377 0.000000
0.000000 0.000000 0.000000 0.000000
0.000000 0.845060
8 0.020000 1.780000 0.001000
0.486000 0.396000 0.726000 0.501000 1.360000 6.610000 0.785000 0.785000
272000.000000 96.599998 0.003000
1.073000 0.050000 0.116600
0.129237 0.065416 0.000334 0.000000
0.000000

0.000000 0.120276 2.475772
0.427014 0.212308 9.866043 53.295105 204.292999
0.000000 0.000640 0.081337 0.000000 0.000000 0.000000
0.000000 0.000000 0.000000
2.754997 1.000000 0.000000
764.299377 0.000000
0.000000 0.000000 0.000000 0.000000
0.000000 0.835785
8 0.020000 1.800000 0.001000
0.486000 0.396000 0.726000 0.501000 1.360000 6.610000 0.785000 0.785000
272000.000000 96.599998 0.003000
1.073000 0.050000 0.116600
0.129240 0.065408 0.000334 0.000000
0.000000

0.000000 0.118819 2.475944
0.426330 0.213054 9.867945 53.299103 204.292572
0.000000 0.000882 0.114741 0.000000 0.000000 0.000000
0.000000 0.000000 0.000000
2.783064 1.000000 0.000000
764.299377 0.000000
0.000000 0.000000 0.000000 0.000000
0.000000 0.833572
8 0.020000 1.820000 0.001000
0.486000 0.396000 0.726000 0.501000 1.360000 6.610000 0.785000 0.785000
272000.000000 96.599998 0.003000
1.073000 0.050000 0.116600
0.129242 0.065406 0.000334 0.000000
0.000000

0.000000 0.118836 2.476612
0.425646 0.213772 9.868266 53.301918 204.292740
0.000000 0.001066 0.116288 0.000000 0.000000 0.000000
0.000000 0.000000 0.000000
2.810376 1.000000 0.000000
764.299377 0.000000
0.000000 0.000000 0.000000 0.000000
0.000000 0.832380
8 0.020000 1.840000 0.001000
0.486000 0.396000 0.726000 0.501000 1.360000 6.610000 0.785000 0.785000
272000.000000 96.599998 0.003000
1.073000 0.050000 0.116600
0.129245 0.065404 0.000334 0.000000
0.000000

0.000000 0.118875 2.477410
0.424983 0.214475 9.869302 53.304665 204.292099
0.000000 0.001249 0.116931 0.000000 0.000000 0.000000
0.000000 0.000000 0.000000
2.836945 1.000000 0.000000
764.299377 0.000000
0.000000 0.000000 0.000000 0.000000
0.000000 0.822290
8 0.020000 1.860000 0.001000
0.486000 0.396000 0.726000 0.501000 1.360000 6.610000 0.785000 0.785000
272000.000000 96.599998 0.003000
1.073000 0.050000 0.116600
0.129246 0.065397 0.000334 0.000000
0.000000

0.000000 0.118919 2.478232
0.424337 0.215161 9.870487 53.307156 204.291565
0.000000 0.001425 0.119162 0.000000 0.000000 0.000000
0.000000 0.000000 0.000000
2.862780 1.000000 0.000000
764.299377 0.000000
0.000000 0.000000 0.000000 0.000000
0.000000 0.836948
8 0.020000 1.880000 0.001000
0.486000 0.396000 0.726000 0.501000 1.360000 6.610000 0.785000 0.785000
272000.000000 96.599998 0.003000
1.073000 0.050000 0.116600
0.129249 0.065406 0.000334 0.000000
0.000000

0.000000 0.118940 2.478814
0.423701 0.215827 9.870836 53.309467 204.291611
0.000000 0.001551 0.118052 0.000000 0.000000 0.000000
0.000000 0.000000 0.000000
2.887892 1.000000 0.000000
764.299377 0.000000
0.000000 0.000000 0.000000 0.000000
0.000000 0.828202
8 0.020000 1.900000 0.001000
0.486000 0.396000 0.726000 0.501000 1.360000 6.610000 0.785000 0.785000
272000.000000 96.599998 0.003000
1.073000 0.050000 0.116600
0.129250 0.065399 0.000334 0.000000
0.000000

0.000000 0.118976 2.479613
0.423089 0.216480 9.871878 53.312302 204.290787
0.000000 0.001645 0.118419 0.000000 0.000000 0.000000
0.000000 0.000000 0.000000
2.912288 1.000000 0.000000
764.299377 0.000000
0.000000 0.000000 0.000000 0.000000
0.000000 0.826709
8 0.020000 1.920000 0.001000
0.486000 0.396000 0.726000 0.501000 1.360000 6.610000 0.785000 0.785000
272000.000000 96.599998 0.003000
1.073000 0.050000 0.116600
0.129252 0.065397 0.000334 0.000000
0.000000

0.000000 0.119024 2.481053
0.422511 0.217127 9.873651 53.317150 204.290207
0.000000 0.001679 0.118844 0.000000 0.000000 0.000000
0.000000 0.000000 0.000000
2.935978 1.000000 0.000000
764.299377 0.000000
0.000000 0.000000 0.000000 0.000000
0.000000 0.824473
8 0.020000 1.940000 0.001000
0.486000 0.396000 0.726000 0.501000 1.360000 6.610000 0.785000 0.785000
272000.000000 96.599998 0.003000
1.073000 0.050000 0.116600
0.129256 0.065394 0.000334 0.000000
0.000000

0.000000 0.119071 2.483742
0.421987 0.217779 9.876308 53.326828 204.289215
0.000000 0.001798 0.131179 0.000000 0.000000 0.000000
0.000000 0.000000 0.000000
2.958970 1.000000 0.000000
764.299377 0.000000
0.000000 0.000000 0.000000 0.000000
0.000000 0.820859
8 0.020000 1.960000 0.001000
0.486000 0.396000 0.726000 0.501000 1.360000 6.610000 0.785000 0.785000
272000.000000 96.599998 0.003000
1.073000 0.050000 0.116600
0.129262 0.065389 0.000334 0.000000
0.000000

0.000000 0.119118 2.496738
0.421796 0.218580 9.886428 53.376644 204.283890
0.000000 0.001847 0.134293 0.000000 0.000000 0.000000
0.000000 0.000000 0.000000
2.981270 1.000000 0.000000
764.299377 0.000000
0.000000 0.000000 0.000000 0.000000
0.000000 0.805474
8 0.020000 1.980000 0.001000
0.486000 0.396000 0.726000 0.501000 1.360000 6.610000 0.785000 0.785000
272000.000000 96.599998 0.003000
1.073000 0.050000 0.116600
0.129292 0.065356 0.000334 0.000000
0.000000

0.000000 0.119165 2.519644
0.421929 0.219529 9.903757 53.465572 204.275116
0.000000 0.004760 0.117132 0.000000 0.000000 0.000000
0.000000 0.000000 0.000000
3.002885 1.000000 0.000000
764.299377 0.000000
0.000000 0.000000 0.000000 0.000000
0.000000 0.774462
8 0.020000 2.000000 0.001000
0.486000 0.396000 0.726000 0.501000 1.360000 6.610000 0.785000 0.785000
272000.000000 96.599998 0.003000
1.073000 0.050000 0.116600
0.129349 0.065343 0.000334 0.000000
0.000000
1.000000
2.000000
0.000000 0.000000
0.000000
0
-0.760000
0 0
0.000000
1
0.000000
1.000000
1.000000
1.000000
0.000000 0.000000 0.000000
0.000000 0.000000
0.000000 0.000000 0.000000 0.000000 0.000000 0.000000 0.000000
0.000000 0.000000 0.000000 0.000000 0.000000 0.000000 0.000000
0
2.000000
1
C:\DNDC\sites\Ottawa\CEFSoilc.spf
-1.000000 -1.000000
0.000000
38
38
10.000000
108
0.000000
0.000000
261
0.000000
49019.398438
1
