7
Clay_loam
0.314000 0.490000 0.006410 0.726000 0.398000 1.000000 0.000000 0.000000
1.350000 6.610000 1 0.031000 0.500000 0.050000 0.010000 0.240000 0.750000
0.000000 0.020000 2.000000 270000.000000 96.599998 100
0.233300 1.944000 3.025300 0.000000 1
10.000000 10.000000 10.000000 5.000000 25.000000 100.000000
0.000000 0.000000 0.000000 0.000000 0.000000 0.000000
500.000000 0.000000 0.000000

0.000000 78.862389 677.990540
12.847295 1.429309 117.755547 1211.079102 5710.538574
0.000000 3.156221 0.521418 1.010348 0.000002 0.000000
0.000048 0.000007 0.000000
-1.025974 0.155409 25.940525
764.299377 0.000000
0.452408 0.000000 0.000000 0.000000
0.000000 18.418747
7 0.020000 0.020000 0.031000
0.490000 0.314000 0.726000 0.398000 1.350000 6.610000 0.726000 0.726000
270000.000000 96.599998 0.006410
1.073000 0.050000 0.116600
18.958948 7.408835 0.006633 0.000000
0.000000

0.000000 71.272369 677.977112
13.049305 1.452021 114.399750 1215.271606 5711.975098
0.000000 0.975766 0.612995 0.505174 0.000002 0.000000
0.000043 0.000007 0.000000
-0.777459 0.171839 51.967781
764.299377 0.000000
0.345669 0.000000 0.000000 0.000000
0.000000 12.892839
7 0.020000 0.040000 0.031000
0.490000 0.314000 0.726000 0.398000 1.350000 6.610000 0.726000 0.726000
270000.000000 96.599998 0.006410
1.073000 0.050000 0.116600
18.935154 7.417782 0.007715 0.000000
0.000000

0.000000 71.972008 675.496765
13.194436 1.586882 115.042885 1214.689453 5711.704102
0.000000 1.527772 0.642111 0.252587 0.000002 0.000000
0.000042 0.000951 0.000019
-0.604088 0.191088 51.442005
764.299377 0.000000
0.000000 0.000000 0.000000 0.000000
0.000000 17.045607
7 0.020000 0.060000 0.031000
0.490000 0.314000 0.726000 0.398000 1.350000 6.610000 0.726000 0.726000
270000.000000 96.599998 0.006410
1.073000 0.050000 0.116600
18.939613 7.426815 0.008488 0.000000
0.000000

0.000000 72.896637 676.187561
13.189476 1.554100 115.533653 1214.248413 5711.497070
0.000000 1.770162 0.643832 0.126294 0.000002 0.000000
0.000011 0.000890 0.000018
-0.441751 0.217136 49.465630
764.299377 0.000000
0.000000 0.000000 0.000000 0.000000
0.000000 17.426308
7 0.020000 0.080000 0.031000
0.490000 0.314000 0.726000 0.398000 1.350000 6.610000 0.726000 0.726000
270000.000000 96.599998 0.006410
1.073000 0.050000 0.116600
18.943010 7.422871 0.009495 0.000000
0.000000

0.000000 73.491516 676.639099
13.190438 1.524378 115.859634 1213.965576 5711.351562
0.000000 1.873751 0.638855 0.063147 0.000002 0.000000
0.000010 0.000803 0.000016
-0.290572 0.255626 45.931995
764.299377 0.000000
0.000000 0.000000 0.000000 0.000000
0.000000 16.912891
7 0.020000 0.100000 0.025000
0.490000 0.314000 0.726000 0.398000 1.350000 6.610000 0.726000 0.726000
270000.000000 96.599998 0.006410
1.073000 0.050000 0.116600
18.945253 7.419108 0.010974 0.000000
0.000000

0.000000 106.628433 700.507690
12.475653 1.415291 130.424469 1199.337524 5705.272461
0.000000 1.463429 0.372559 0.031573 0.000002 0.000000
0.000003 0.000649 0.000013
-0.154005 0.321921 39.532627
764.299377 0.000000
0.000000 0.000000 0.000000 0.000000
0.000000 9.737440
7 0.020000 0.120000 0.025000
0.490000 0.314000 0.726000 0.398000 1.350000 6.610000 0.726000 0.726000
270000.000000 96.599998 0.006410
1.073000 0.050000 0.116600
19.041601 7.320490 0.013327 0.000000
0.000000

0.000009 12.797448 549.762085
13.738227 1.537421 212.439423 1282.806030 5612.805176
0.000000 0.671455 0.326010 0.015787 0.000000 0.000000
0.000002 0.000389 0.000008
-0.050564 0.485917 23.500816
764.299377 0.000000
0.000000 0.000000 0.000000 0.000000
0.000000 7.708352
7 0.020000 0.140000 0.025000
0.490000 0.314000 0.726000 0.398000 1.350000 6.610000 0.726000 0.726000
270000.000000 96.599998 0.006410
1.073000 0.050000 0.116600
20.782290 4.925348 0.012906 0.000000
0.000000

0.000011 32.885567 539.107117
13.665227 1.524339 211.708191 1274.134033 5612.189941
0.000000 0.325395 0.272737 0.007893 0.000000 0.000000
0.000001 0.000119 0.000097
0.025924 0.725887 0.000000
764.299377 0.000000
0.000000 0.000000 0.000000 0.000000
0.000000 7.356935
7 0.020000 0.160000 0.025000
0.490000 0.314000 0.726000 0.398000 1.350000 6.610000 0.726000 0.726000
270000.000000 96.599998 0.006410
1.073000 0.050000 0.116600
20.799894 4.540007 0.017511 0.000000
0.000000

0.000014 31.143333 529.171204
13.641935 1.549150 212.414383 1274.169678 5611.543945
0.000000 0.192750 0.255467 0.003947 0.000000 0.000000
0.000001 0.000070 0.000057
0.161499 0.725954 0.000000
764.299377 0.000000
0.000000 0.000000 0.000000 0.000000
0.000000 6.125833
7 0.020000 0.180000 0.020000
0.490000 0.314000 0.726000 0.398000 1.350000 6.610000 0.726000 0.726000
270000.000000 96.599998 0.006410
1.073000 0.050000 0.116600
20.822742 4.190758 0.016135 0.000000
0.000000

0.000018 29.476257 517.259277
13.621932 1.573173 213.271942 1274.302124 5611.408203
0.000000 0.176160 0.267051 0.001973 0.000000 0.000000
0.000000 0.000058 0.000048
0.291274 0.725981 0.000000
764.299377 0.000000
0.000000 0.000000 0.000000 0.000000
0.000000 6.302673
7 0.020000 0.200000 0.020000
0.490000 0.314000 0.726000 0.398000 1.350000 6.610000 0.726000 0.726000
270000.000000 96.599998 0.006410
1.073000 0.050000 0.116600
20.839676 8.328143 0.032800 0.000000
0.000000

0.000023 28.975687 507.334534
13.671988 1.604299 215.332153 1280.685547 5608.316406
0.000000 0.169762 0.390368 0.000987 0.000000 0.000000
0.000000 0.000050 0.000041
0.415478 0.726000 0.000000
764.299377 0.000000
0.000000 0.000000 0.000000 0.000000
0.000000 5.950384
7 0.020000 0.220000 0.020000
0.490000 0.314000 0.726000 0.398000 1.350000 6.610000 0.726000 0.726000
270000.000000 96.599998 0.006410
1.073000 0.050000 0.116600
20.891785 10.825871 0.043236 0.000000
0.000000

0.000113 26.789843 285.244598
8.696927 1.035990 138.010010 815.483459 4105.251465
0.000000 0.150841 0.338313 0.000493 0.000000 0.000000
0.000000 0.000040 0.000033
0.534336 0.726000 0.000000
764.299377 0.000000
0.000000 0.000000 0.000000 0.000000
0.000000 4.964281
7 0.020000 0.240000 0.020000
0.490000 0.314000 0.726000 0.398000 1.350000 6.610000 0.726000 0.726000
270000.000000 96.599998 0.006410
1.073000 0.050000 0.116600
2.306246 4.216488 0.016235 0.000000
0.000000

0.000104 24.346380 258.790680
8.584828 1.037319 136.636978 806.668274 4104.830078
0.000000 0.131703 0.332974 0.000247 0.000000 0.000000
0.000000 0.000032 0.000026
0.648086 0.726000 0.000000
764.299377 0.000000
0.000000 0.000000 0.000000 0.000000
0.000000 4.266907
7 0.020000 0.260000 0.020000
0.490000 0.314000 0.726000 0.398000 1.350000 6.610000 0.726000 0.726000
270000.000000 96.599998 0.006410
1.073000 0.050000 0.116600
2.308510 2.286121 0.008712 0.000000
0.000000

0.000319 26.542843 256.073547
8.130703 0.995254 132.671417 764.745117 3690.753174
0.000000 0.501206 0.425046 0.000123 0.000000 0.000000
0.000000 0.000079 0.000065
0.753757 0.823607 0.000000
764.299377 0.000000
0.000000 0.000000 0.000000 0.000000
0.000000 12.949551
7 0.020000 0.280000 0.018000
0.490000 0.314000 0.726000 0.398000 1.350000 6.610000 0.726000 0.726000
270000.000000 96.599998 0.000070
1.073000 0.050000 0.116600
2.114063 3.088193 0.013408 0.000000
0.000000

0.000399 25.417633 238.255463
8.140876 1.008242 133.993607 767.021240 3688.969971
0.000000 0.403840 0.398811 0.000062 0.000000 0.000000
0.000000 0.000061 0.000050
0.849267 0.909556 0.000000
764.299377 0.000000
0.000000 0.000000 0.000000 0.000000
0.000000 8.750871
7 0.020000 0.300000 0.018000
0.490000 0.314000 0.726000 0.398000 1.350000 6.610000 0.726000 0.726000
270000.000000 96.599998 0.000070
1.073000 0.050000 0.116600
2.124430 1.648440 0.007843 0.000000
0.000000

0.000360 22.983345 215.914001
8.027849 1.004895 132.351044 758.050659 3688.687500
0.000000 0.247300 0.358895 0.000031 0.000000 0.000000
0.000000 0.000038 0.000031
0.936755 0.955197 0.000000
764.299377 0.000000
0.000000 0.000000 0.000000 0.000000
0.000000 6.799972
7 0.020000 0.320000 0.018000
0.490000 0.314000 0.726000 0.398000 1.350000 6.610000 0.726000 0.726000
270000.000000 96.599998 0.000070
1.073000 0.050000 0.116600
2.123623 1.398802 0.006980 0.000000
0.000000

0.000423 21.799225 199.634888
7.320529 0.925429 122.117920 691.145569 3221.468506
0.000000 0.120351 0.278649 0.000015 0.000000 0.000000
0.000000 0.000019 0.000015
1.018355 0.979233 0.000000
764.299377 0.000000
0.000000 0.000000 0.000000 0.000000
0.000000 5.624391
8 0.020000 0.340000 0.015500
0.483000 0.377000 0.726000 0.484000 1.370000 6.610000 0.770000 0.770000
274000.000000 96.599998 0.000070
1.073000 0.050000 0.116600
1.876904 1.213241 0.006022 0.000000
0.000000

0.000374 19.643963 180.860260
7.234093 0.922955 120.780937 684.031555 3221.346191
0.000000 0.056259 0.250478 0.000008 0.000000 0.000000
0.000000 0.000008 0.000007
1.095020 0.988867 0.000000
764.299377 0.000000
0.000000 0.000000 0.000000 0.000000
0.000000 5.083271
8 0.020000 0.360000 0.015500
0.483000 0.377000 0.726000 0.484000 1.370000 6.610000 0.770000 0.770000
274000.000000 96.599998 0.000070
1.073000 0.050000 0.116600
1.876328 1.164106 0.005833 0.000000
0.000000

0.000335 17.741190 164.045776
7.154221 0.920637 119.607658 677.306885 3221.322021
0.000000 0.032719 0.240791 0.000004 0.000000 0.000000
0.000000 0.000004 0.000004
1.167063 0.993074 0.000000
764.299377 0.000000
0.000000 0.000000 0.000000 0.000000
0.000000 4.841295
8 0.020000 0.380000 0.015500
0.483000 0.377000 0.726000 0.484000 1.370000 6.610000 0.770000 0.770000
274000.000000 96.599998 0.000070
1.073000 0.050000 0.116600
1.875684 1.152820 0.005801 0.000000
0.000000

0.000299 16.005745 148.868301
7.080329 0.918474 118.479088 671.069275 3221.269775
0.000000 0.025787 0.242420 0.000002 0.000000 0.000000
0.000000 0.000003 0.000003
1.234833 0.994087 0.000000
764.299377 0.000000
0.000000 0.000000 0.000000 0.000000
0.000000 4.721402
8 0.020000 0.400000 0.015500
0.483000 0.377000 0.726000 0.484000 1.370000 6.610000 0.770000 0.770000
274000.000000 96.599998 0.000070
1.073000 0.050000 0.116600
1.874988 1.151351 0.005799 0.000000
0.000000

0.000273 14.501661 135.452927
7.020892 0.917631 117.604561 666.080688 3221.242188
0.000000 0.024227 0.248247 0.000001 0.000000 0.000000
0.000000 0.000003 0.000002
1.298607 0.992889 0.000000
764.299377 0.000000
0.000000 0.000000 0.000000 0.000000
0.000000 4.663561
8 0.020000 0.420000 0.015500
0.483000 0.377000 0.726000 0.484000 1.370000 6.610000 0.770000 0.770000
274000.000000 96.599998 0.000070
1.073000 0.050000 0.116600
1.874914 1.150897 0.005790 0.000000
0.000000

0.000247 13.125912 123.282578
6.966443 0.916940 116.849419 661.454163 3221.268555
0.000000 0.024271 0.255581 0.000000 0.000000 0.000000
0.000000 0.000002 0.000002
1.358633 0.989676 0.000000
764.299377 0.000000
0.000000 0.000000 0.000000 0.000000
0.000000 4.639280
8 0.020000 0.440000 0.015500
0.483000 0.377000 0.726000 0.484000 1.370000 6.610000 0.770000 0.770000
274000.000000 96.599998 0.000070
1.073000 0.050000 0.116600
1.874784 1.151547 0.005775 0.000000
0.000000

0.000226 11.910076 112.394226
6.920511 0.916913 116.310921 657.512573 3221.261963
0.000000 0.065469 0.330670 0.000000 0.000000 0.000000
0.000000 0.000005 0.000004
1.415145 0.984621 0.000000
764.299377 0.000000
0.000000 0.000000 0.000000 0.000000
0.000000 4.616333
8 0.020000 0.460000 0.015500
0.483000 0.377000 0.726000 0.484000 1.370000 6.610000 0.770000 0.770000
274000.000000 96.599998 0.000070
1.073000 0.050000 0.116600
1.874936 1.148949 0.005732 0.000000
0.000000

0.000205 10.780982 102.441544
6.877975 0.916917 115.713371 653.982971 3221.269287
0.000000 0.204917 0.427231 0.000000 0.000000 0.000000
0.000000 0.000013 0.000010
1.468354 0.978492 0.000000
764.299377 0.000000
0.000000 0.000000 0.000000 0.000000
0.000000 4.582241
8 0.020000 0.480000 0.015500
0.483000 0.377000 0.726000 0.484000 1.370000 6.610000 0.770000 0.770000
274000.000000 96.599998 0.000070
1.073000 0.050000 0.116600
1.875004 1.148491 0.005694 0.000000
0.000000

0.000187 9.776380 93.514175
6.842350 0.917455 115.268921 651.052673 3221.308594
0.000000 0.401594 0.492622 0.000000 0.000000 0.000000
0.000000 0.000018 0.000015
1.518439 0.972649 0.000000
764.299377 0.000000
0.000000 0.000000 0.000000 0.000000
0.000000 4.552627
8 0.020000 0.500000 0.015500
0.483000 0.377000 0.726000 0.484000 1.370000 6.610000 0.770000 0.770000
274000.000000 96.599998 0.000070
1.073000 0.050000 0.116600
1.875314 1.147956 0.005657 0.000000
0.000000

0.000171 8.863060 85.443001
6.811323 0.918249 114.877106 648.565430 3221.327148
0.000000 0.541580 0.526714 0.000000 0.000000 0.000000
0.000000 0.000020 0.000016
1.565540 0.968408 0.000000
764.299377 0.000000
0.000000 0.000000 0.000000 0.000000
0.000000 4.540627
8 0.020000 0.520000 0.015500
0.483000 0.377000 0.726000 0.484000 1.370000 6.610000 0.770000 0.770000
274000.000000 96.599998 0.000070
1.073000 0.050000 0.116600
1.875675 1.147452 0.005630 0.000000
0.000000

0.000031 6.238504 66.095726
3.418842 0.463376 56.410347 325.743866 1666.390625
0.000000 0.669428 0.358280 0.000000 0.000000 0.000000
0.000000 0.000020 0.000016
1.612138 0.770000 0.000000
764.299377 0.000000
0.000000 0.000000 0.000000 0.000000
0.000000 4.331347
8 0.020000 0.540000 0.008000
0.483000 0.377000 0.726000 0.484000 1.370000 6.610000 0.770000 0.770000
274000.000000 96.599998 0.002410
1.073000 0.050000 0.116600
0.950702 0.742062 0.002889 0.000000
0.000000

0.000030 5.705069 60.427544
3.401028 0.463421 56.271465 324.277588 1666.210083
0.000000 0.640849 0.362859 0.000000 0.000000 0.000000
0.000000 0.000017 0.000014
1.658813 0.770000 0.000000
764.299377 0.000000
0.000000 0.000000 0.000000 0.000000
0.000000 4.250984
8 0.020000 0.560000 0.008000
0.483000 0.377000 0.726000 0.484000 1.370000 6.610000 0.770000 0.770000
274000.000000 96.599998 0.002410
1.073000 0.050000 0.116600
0.951702 0.640134 0.002491 0.000000
0.000000

0.000030 5.257742 55.447990
3.389753 0.464212 56.302509 323.340393 1665.992676
0.000000 0.564479 0.363258 0.000000 0.000000 0.000000
0.000000 0.000014 0.000012
1.703063 0.770000 0.000000
764.299377 0.000000
0.000000 0.000000 0.000000 0.000000
0.000000 4.255162
8 0.020000 0.580000 0.008000
0.483000 0.377000 0.726000 0.484000 1.370000 6.610000 0.770000 0.770000
274000.000000 96.599998 0.002410
1.073000 0.050000 0.116600
0.952995 0.621167 0.002417 0.000000
0.000000

0.000031 4.866713 50.993092
3.383498 0.465562 56.436752 322.836548 1665.748657
0.000000 0.487477 0.361785 0.000000 0.000000 0.000000
0.000000 0.000011 0.000009
1.745039 0.770000 0.000000
764.299377 0.000000
0.000000 0.000000 0.000000 0.000000
0.000000 4.124545
8 0.020000 0.600000 0.008000
0.483000 0.377000 0.726000 0.484000 1.370000 6.610000 0.770000 0.770000
274000.000000 96.599998 0.002410
1.073000 0.050000 0.116600
0.954462 0.617870 0.002404 0.000000
0.000000

0.000032 4.505376 46.924786
3.378944 0.467029 56.566288 322.507111 1665.550293
0.000000 0.452428 0.364175 0.000000 0.000000 0.000000
0.000000 0.000010 0.000008
1.784888 0.770000 0.000000
764.299377 0.000000
0.000000 0.000000 0.000000 0.000000
0.000000 3.972834
8 0.020000 0.620000 0.008000
0.483000 0.377000 0.726000 0.484000 1.370000 6.610000 0.770000 0.770000
274000.000000 96.599998 0.002410
1.073000 0.050000 0.116600
0.955869 0.613460 0.002387 0.000000
0.000000

0.000034 4.172656 43.247814
3.378187 0.468916 56.721233 322.559387 1665.337158
0.000000 0.505574 0.379237 0.000000 0.000000 0.000000
0.000000 0.000009 0.000008
1.822753 0.770000 0.000000
764.299377 0.000000
0.000000 0.000000 0.000000 0.000000
0.000000 3.868282
8 0.020000 0.640000 0.008000
0.483000 0.377000 0.726000 0.484000 1.370000 6.610000 0.770000 0.770000
274000.000000 96.599998 0.002410
1.073000 0.050000 0.116600
0.957385 0.609536 0.002371 0.000000
0.000000

0.000036 3.865133 39.906857
3.380056 0.471073 56.902885 322.862457 1665.093262
0.000000 0.627359 0.399379 0.000000 0.000000 0.000000
0.000000 0.000009 0.000008
1.858774 0.770000 0.000000
764.299377 0.000000
0.000000 0.000000 0.000000 0.000000
0.000000 3.808810
8 0.020000 0.660000 0.008000
0.483000 0.377000 0.726000 0.484000 1.370000 6.610000 0.770000 0.770000
274000.000000 96.599998 0.002410
1.073000 0.050000 0.116600
0.958941 0.606943 0.002361 0.000000
0.000000

0.000037 3.579651 36.889160
3.387156 0.473876 57.186359 323.636536 1664.824951
0.000000 0.754189 0.416841 0.000000 0.000000 0.000000
0.000000 0.000009 0.000008
1.893085 0.770000 0.000000
764.299377 0.000000
0.000000 0.000000 0.000000 0.000000
0.000000 3.908278
8 0.020000 0.680000 0.008000
0.483000 0.377000 0.726000 0.484000 1.370000 6.610000 0.770000 0.770000
274000.000000 96.599998 0.002410
1.073000 0.050000 0.116600
0.960722 0.612284 0.002382 0.000000
0.000000

0.000040 3.333481 34.227638
3.399223 0.477302 57.591244 324.831512 1664.495483
0.000000 0.813567 0.426708 0.000000 0.000000 0.000000
0.000000 0.000009 0.000007
1.925816 0.770000 0.000000
764.299377 0.000000
0.000000 0.000000 0.000000 0.000000
0.000000 3.853083
8 0.020000 0.700000 0.008000
0.483000 0.377000 0.726000 0.484000 1.370000 6.610000 0.770000 0.770000
274000.000000 96.599998 0.002410
1.073000 0.050000 0.116600
0.962753 0.608114 0.002366 0.000000
0.000000

0.000047 2.888313 30.240160
3.416950 0.481464 58.084389 326.608002 1664.115723
0.000000 0.875523 0.435887 0.000000 0.000000 0.000000
0.000000 0.000008 0.000006
1.957094 0.770000 0.000000
764.299377 0.000000
0.000000 0.000000 0.000000 0.000000
0.000000 3.907627
8 0.020000 0.720000 0.008000
0.483000 0.377000 0.726000 0.484000 1.370000 6.610000 0.770000 0.770000
274000.000000 96.599998 0.002410
1.073000 0.050000 0.116600
0.965321 0.610325 0.002374 0.000000
0.000000

0.000065 2.812713 27.295021
2.204441 0.311577 37.721138 210.706192 1032.157837
0.000000 0.823247 0.310867 0.000000 0.000000 0.000000
0.000000 0.000007 0.000006
1.985836 0.908255 0.000000
764.299377 0.000000
0.000000 0.000000 0.000000 0.000000
0.000000 3.620697
8 0.020000 0.740000 0.005000
0.486000 0.396000 0.726000 0.501000 1.360000 6.610000 0.785000 0.785000
272000.000000 96.599998 0.003000
1.073000 0.050000 0.116600
0.602988 0.395096 0.001836 0.000000
0.000000

0.000074 2.664293 25.514000
2.216600 0.314183 38.118584 212.032867 1031.793335
0.000000 0.713181 0.304675 0.000000 0.000000 0.000000
0.000000 0.000006 0.000005
2.011584 1.000000 0.000000
764.299377 0.000000
0.000000 0.000000 0.000000 0.000000
0.000000 3.069534
8 0.020000 0.760000 0.005000
0.486000 0.396000 0.726000 0.501000 1.360000 6.610000 0.785000 0.785000
272000.000000 96.599998 0.003000
1.073000 0.050000 0.116600
0.604750 0.378391 0.001936 0.000000
0.000000

0.000088 2.540599 23.949224
2.233342 0.317394 38.547283 213.594254 1031.461548
0.000000 0.841105 0.314322 0.000000 0.000000 0.000000
0.000000 0.000005 0.000004
2.035546 1.000000 0.000000
764.299377 0.000000
0.000000 0.000000 0.000000 0.000000
0.000000 2.811581
8 0.020000 0.780000 0.005000
0.486000 0.396000 0.726000 0.501000 1.360000 6.610000 0.785000 0.785000
272000.000000 96.599998 0.003000
1.073000 0.050000 0.116600
0.606596 0.374063 0.001913 0.000000
0.000000

0.000102 2.378568 22.325907
2.250377 0.320621 38.953754 215.209747 1031.075806
0.000000 0.770209 0.317934 0.000000 0.000000 0.000000
0.000000 0.000005 0.000004
2.058404 1.000000 0.000000
764.299377 0.000000
0.000000 0.000000 0.000000 0.000000
0.000000 2.882376
8 0.020000 0.800000 0.005000
0.486000 0.396000 0.726000 0.501000 1.360000 6.610000 0.785000 0.785000
272000.000000 96.599998 0.003000
1.073000 0.050000 0.116600
0.608542 0.370419 0.001895 0.000000
0.000000

0.000000 1.907545 19.249996
2.267273 0.323807 39.383114 216.803574 1030.676514
0.000000 0.807001 0.324841 0.000000 0.000000 0.000000
0.000000 0.000004 0.000003
2.080257 1.000000 0.000000
764.299377 0.000000
0.000000 0.000000 0.000000 0.000000
0.000000 2.796144
8 0.020000 0.820000 0.005000
0.486000 0.396000 0.726000 0.501000 1.360000 6.610000 0.785000 0.785000
272000.000000 96.599998 0.003000
1.073000 0.050000 0.116600
0.610677 0.365634 0.001870 0.000000
0.000000

0.000000 1.788659 18.163183
2.287788 0.327488 39.820087 218.772629 1030.363037
0.000000 0.897658 0.334726 0.000000 0.000000 0.000000
0.000000 0.000004 0.000003
2.101196 1.000000 0.000000
764.299377 0.000000
0.000000 0.000000 0.000000 0.000000
0.000000 2.498834
8 0.020000 0.840000 0.005000
0.486000 0.396000 0.726000 0.501000 1.360000 6.610000 0.785000 0.785000
272000.000000 96.599998 0.003000
1.073000 0.050000 0.116600
0.612451 0.362178 0.001852 0.000000
0.000000

0.000000 1.640761 16.988998
2.302381 0.330304 40.129951 220.198456 1030.081665
0.000000 0.858112 0.339292 0.000000 0.000000 0.000000
0.000000 0.000003 0.000003
2.121310 1.000000 0.000000
764.299377 0.000000
0.000000 0.000000 0.000000 0.000000
0.000000 2.429503
8 0.020000 0.860000 0.005000
0.486000 0.396000 0.726000 0.501000 1.360000 6.610000 0.785000 0.785000
272000.000000 96.599998 0.003000
1.073000 0.050000 0.116600
0.613921 0.361793 0.001850 0.000000
0.000000

0.000000 1.537536 16.063187
2.316257 0.332999 40.431557 221.546539 1029.878296
0.000000 0.730406 0.338996 0.000000 0.000000 0.000000
0.000000 0.000003 0.000002
2.140682 1.000000 0.000000
764.299377 0.000000
0.000000 0.000000 0.000000 0.000000
0.000000 2.409563
8 0.020000 0.880000 0.005000
0.486000 0.396000 0.726000 0.501000 1.360000 6.610000 0.785000 0.785000
272000.000000 96.599998 0.003000
1.073000 0.050000 0.116600
0.615144 0.357787 0.001830 0.000000
0.000000

0.000000 1.441569 15.219770
2.329312 0.335561 40.765579 222.766708 1029.703491
0.000000 0.561801 0.332050 0.000000 0.000000 0.000000
0.000000 0.000002 0.000002
2.159392 1.000000 0.000000
764.299377 0.000000
0.000000 0.000000 0.000000 0.000000
0.000000 2.353154
8 0.020000 0.900000 0.005000
0.486000 0.396000 0.726000 0.501000 1.360000 6.610000 0.785000 0.785000
272000.000000 96.599998 0.003000
1.073000 0.050000 0.116600
0.616281 0.356548 0.001824 0.000000
0.000000

0.000000 1.274088 13.828602
2.342967 0.338195 41.131809 224.027130 1029.451904
0.000000 0.397038 0.320587 0.000000 0.000000 0.000000
0.000000 0.000001 0.000001
2.177514 1.000000 0.000000
764.299377 0.000000
0.000000 0.000000 0.000000 0.000000
0.000000 2.234985
8 0.020000 0.920000 0.005000
0.486000 0.396000 0.726000 0.501000 1.360000 6.610000 0.785000 0.785000
272000.000000 96.599998 0.003000
1.073000 0.050000 0.116600
0.617626 0.357152 0.001827 0.000000
0.000000

0.000000 1.193475 9.560363
0.490988 0.071003 8.617045 46.887676 205.890549
0.000000 0.376894 0.147092 0.000000 0.000000 0.000000
0.000000 0.000001 0.000001
2.195118 1.000000 0.000000
764.299377 0.000000
0.000000 0.000000 0.000000 0.000000
0.000000 1.152939
8 0.020000 0.940000 0.001000
0.486000 0.396000 0.726000 0.501000 1.360000 6.610000 0.785000 0.785000
272000.000000 96.599998 0.003000
1.073000 0.050000 0.116600
0.123813 0.078789 0.000402 0.000000
0.000000

0.000000 1.122198 8.889458
0.493468 0.071495 8.665773 47.140049 205.832520
0.000000 0.287883 0.143057 0.000000 0.000000 0.000000
0.000000 0.000001 0.000001
2.212271 1.000000 0.000000
764.299377 0.000000
0.000000 0.000000 0.000000 0.000000
0.000000 1.045353
8 0.020000 0.960000 0.001000
0.486000 0.396000 0.726000 0.501000 1.360000 6.610000 0.785000 0.785000
272000.000000 96.599998 0.003000
1.073000 0.050000 0.116600
0.124131 0.072407 0.000370 0.000000
0.000000

0.000000 1.074000 8.333152
0.497426 0.072200 8.739608 47.533031 205.752625
0.000000 0.205613 0.139744 0.000000 0.000000 0.000000
0.000000 0.000001 0.000000
2.229036 1.000000 0.000000
764.299377 0.000000
0.000000 0.000000 0.000000 0.000000
0.000000 1.045325
8 0.020000 0.980000 0.001000
0.486000 0.396000 0.726000 0.501000 1.360000 6.610000 0.785000 0.785000
272000.000000 96.599998 0.003000
1.073000 0.050000 0.116600
0.124535 0.070441 0.000360 0.000000
0.000000

0.000000 1.036852 7.842096
0.503539 0.073218 8.850920 48.132103 205.642731
0.000000 0.144951 0.135311 0.000000 0.000000 0.000000
0.000000 0.000000 0.000000
2.245470 1.000000 0.000000
764.299377 0.000000
0.000000 0.000000 0.000000 0.000000
0.000000 1.016171
8 0.020000 1.000000 0.001000
0.486000 0.396000 0.726000 0.501000 1.360000 6.610000 0.785000 0.785000
272000.000000 96.599998 0.003000
1.073000 0.050000 0.116600
0.125136 0.069846 0.000357 0.000000
0.000000

0.000000 0.958982 7.278279
0.504573 0.073497 8.874207 48.245045 205.605652
0.000000 0.103553 0.129887 0.000000 0.000000 0.000000
0.000000 0.000000 0.000000
2.261628 1.000000 0.000000
764.299377 0.000000
0.000000 0.000000 0.000000 0.000000
0.000000 0.979958
8 0.020000 1.020000 0.001000
0.486000 0.396000 0.726000 0.501000 1.360000 6.610000 0.785000 0.785000
272000.000000 96.599998 0.003000
1.073000 0.050000 0.116600
0.125293 0.069240 0.000354 0.000000
0.000000

0.000000 0.881208 6.739624
0.504391 0.073597 8.875154 48.242104 205.589706
0.000000 0.076041 0.124338 0.000000 0.000000 0.000000
0.000000 0.000000 0.000000
2.277560 1.000000 0.000000
764.299377 0.000000
0.000000 0.000000 0.000000 0.000000
0.000000 0.964566
8 0.020000 1.040000 0.001000
0.486000 0.396000 0.726000 0.501000 1.360000 6.610000 0.785000 0.785000
272000.000000 96.599998 0.003000
1.073000 0.050000 0.116600
0.125364 0.069134 0.000353 0.000000
0.000000

0.000000 0.781563 6.169858
0.502775 0.073487 8.850622 48.102768 205.585007
0.000000 0.057577 0.119053 0.000000 0.000000 0.000000
0.000000 0.000000 0.000000
2.293315 1.000000 0.000000
764.299377 0.000000
0.000000 0.000000 0.000000 0.000000
0.000000 0.967350
8 0.020000 1.060000 0.001000
0.486000 0.396000 0.726000 0.501000 1.360000 6.610000 0.785000 0.785000
272000.000000 96.599998 0.003000
1.073000 0.050000 0.116600
0.125381 0.069073 0.000353 0.000000
0.000000

0.000000 0.713982 5.719856
0.502061 0.073506 8.842638 48.047234 205.582214
0.000000 0.044507 0.113640 0.000000 0.000000 0.000000
0.000000 0.000000 0.000000
2.308935 1.000000 0.000000
764.299377 0.000000
0.000000 0.000000 0.000000 0.000000
0.000000 0.955125
8 0.020000 1.080000 0.001000
0.486000 0.396000 0.726000 0.501000 1.360000 6.610000 0.785000 0.785000
272000.000000 96.599998 0.003000
1.073000 0.050000 0.116600
0.125401 0.069325 0.000354 0.000000
0.000000

0.000000 0.652282 5.311321
0.501390 0.073531 8.834599 47.995914 205.581451
0.000000 0.034993 0.109610 0.000000 0.000000 0.000000
0.000000 0.000000 0.000000
2.324461 1.000000 0.000000
764.299377 0.000000
0.000000 0.000000 0.000000 0.000000
0.000000 1.004128
8 0.020000 1.100000 0.001000
0.486000 0.396000 0.726000 0.501000 1.360000 6.610000 0.785000 0.785000
272000.000000 96.599998 0.003000
1.073000 0.050000 0.116600
0.125417 0.069079 0.000353 0.000000
0.000000

0.000000 0.596245 4.941577
0.500792 0.073566 8.827484 47.951584 205.581833
0.000000 0.027284 0.102494 0.000000 0.000000 0.000000
0.000000 0.000000 0.000000
2.339931 1.000000 0.000000
764.299377 0.000000
0.000000 0.000000 0.000000 0.000000
0.000000 0.957166
8 0.020000 1.120000 0.001000
0.486000 0.396000 0.726000 0.501000 1.360000 6.610000 0.785000 0.785000
272000.000000 96.599998 0.003000
1.073000 0.050000 0.116600
0.125428 0.068989 0.000352 0.000000
0.000000

0.000000 0.545496 4.607162
0.500261 0.073610 8.821791 47.912952 205.581207
0.000000 0.021054 0.096375 0.000000 0.000000 0.000000
0.000000 0.000000 0.000000
2.355377 1.000000 0.000000
764.299377 0.000000
0.000000 0.000000 0.000000 0.000000
0.000000 0.966199
8 0.020000 1.140000 0.001000
0.486000 0.396000 0.726000 0.501000 1.360000 6.610000 0.785000 0.785000
272000.000000 96.599998 0.003000
1.073000 0.050000 0.116600
0.125446 0.069195 0.000353 0.000000
0.000000

0.000000 0.486441 4.266212
0.499386 0.073604 8.809160 47.842430 205.579178
0.000000 0.015998 0.090612 0.000000 0.000000 0.000000
0.000000 0.000000 0.000000
2.370833 1.000000 0.000000
764.299377 0.000000
0.000000 0.000000 0.000000 0.000000
0.000000 0.972956
8 0.020000 1.160000 0.001000
0.486000 0.396000 0.726000 0.501000 1.360000 6.610000 0.785000 0.785000
272000.000000 96.599998 0.003000
1.073000 0.050000 0.116600
0.125462 0.069140 0.000353 0.000000
0.000000

0.000000 0.445689 3.995974
0.499025 0.073673 8.806151 47.819584 205.579102
0.000000 0.011990 0.085369 0.000000 0.000000 0.000000
0.000000 0.000000 0.000000
2.386327 1.000000 0.000000
764.299377 0.000000
0.000000 0.000000 0.000000 0.000000
0.000000 0.968622
8 0.020000 1.180000 0.001000
0.486000 0.396000 0.726000 0.501000 1.360000 6.610000 0.785000 0.785000
272000.000000 96.599998 0.003000
1.073000 0.050000 0.116600
0.125481 0.068976 0.000352 0.000000
0.000000

0.000000 0.409007 3.752134
0.498704 0.073748 8.804398 47.799843 205.578156
0.000000 0.008975 0.081051 0.000000 0.000000 0.000000
0.000000 0.000000 0.000000
2.401883 1.000000 0.000000
764.299377 0.000000
0.000000 0.000000 0.000000 0.000000
0.000000 0.958563
8 0.020000 1.200000 0.001000
0.486000 0.396000 0.726000 0.501000 1.360000 6.610000 0.785000 0.785000
272000.000000 96.599998 0.003000
1.073000 0.050000 0.116600
0.125493 0.068870 0.000352 0.000000
0.000000

0.000000 0.375532 3.531245
0.498437 0.073832 8.802414 47.786137 205.577408
0.000000 0.006844 0.077939 0.000000 0.000000 0.000000
0.000000 0.000000 0.000000
2.417526 1.000000 0.000000
764.299377 0.000000
0.000000 0.000000 0.000000 0.000000
0.000000 0.956389
8 0.020000 1.220000 0.001000
0.486000 0.396000 0.726000 0.501000 1.360000 6.610000 0.785000 0.785000
272000.000000 96.599998 0.003000
1.073000 0.050000 0.116600
0.125511 0.068844 0.000352 0.000000
0.000000

0.000000 0.337213 3.306532
0.497918 0.073879 8.797444 47.747181 205.574417
0.000000 0.005479 0.076785 0.000000 0.000000 0.000000
0.000000 0.000000 0.000000
2.433277 1.000000 0.000000
764.299377 0.000000
0.000000 0.000000 0.000000 0.000000
0.000000 0.945834
8 0.020000 1.240000 0.001000
0.486000 0.396000 0.726000 0.501000 1.360000 6.610000 0.785000 0.785000
272000.000000 96.599998 0.003000
1.073000 0.050000 0.116600
0.125525 0.068850 0.000352 0.000000
0.000000

0.000000 0.310564 3.128699
0.497749 0.073979 8.797572 47.742104 205.573181
0.000000 0.004650 0.076614 0.000000 0.000000 0.000000
0.000000 0.000000 0.000000
2.449153 1.000000 0.000000
764.299377 0.000000
0.000000 0.000000 0.000000 0.000000
0.000000 0.954026
8 0.020000 1.260000 0.001000
0.486000 0.396000 0.726000 0.501000 1.360000 6.610000 0.785000 0.785000
272000.000000 96.599998 0.003000
1.073000 0.050000 0.116600
0.125541 0.068775 0.000351 0.000000
0.000000

0.000000 0.286126 2.967032
0.497573 0.074080 8.796853 47.737202 205.574768
0.000000 0.004236 0.077933 0.000000 0.000000 0.000000
0.000000 0.000000 0.000000
2.465173 1.000000 0.000000
764.299377 0.000000
0.000000 0.000000 0.000000 0.000000
0.000000 0.944055
8 0.020000 1.280000 0.001000
0.486000 0.396000 0.726000 0.501000 1.360000 6.610000 0.785000 0.785000
272000.000000 96.599998 0.003000
1.073000 0.050000 0.116600
0.125554 0.070769 0.000361 0.000000
0.000000

0.000000 0.264305 2.822000
0.497461 0.074191 8.798741 47.736805 205.573135
0.000000 0.004143 0.080613 0.000000 0.000000 0.000000
0.000000 0.000000 0.000000
2.481350 1.000000 0.000000
764.299377 0.000000
0.000000 0.000000 0.000000 0.000000
0.000000 0.954451
8 0.020000 1.300000 0.001000
0.486000 0.396000 0.726000 0.501000 1.360000 6.610000 0.785000 0.785000
272000.000000 96.599998 0.003000
1.073000 0.050000 0.116600
0.125568 0.068954 0.000352 0.000000
0.000000

0.000000 0.244379 2.690434
0.497351 0.074303 8.799345 47.737904 205.573837
0.000000 0.004246 0.083247 0.000000 0.000000 0.000000
0.000000 0.000000 0.000000
2.497698 1.000000 0.000000
764.299377 0.000000
0.000000 0.000000 0.000000 0.000000
0.000000 0.940413
8 0.020000 1.320000 0.001000
0.486000 0.396000 0.726000 0.501000 1.360000 6.610000 0.785000 0.785000
272000.000000 96.599998 0.003000
1.073000 0.050000 0.116600
0.125584 0.069192 0.000353 0.000000
0.000000

0.000000 0.221708 2.556605
0.497093 0.074395 8.798366 47.723995 205.571976
0.000000 0.004516 0.086472 0.000000 0.000000 0.000000
0.000000 0.000000 0.000000
2.514226 1.000000 0.000000
764.299377 0.000000
0.000000 0.000000 0.000000 0.000000
0.000000 0.928786
8 0.020000 1.340000 0.001000
0.486000 0.396000 0.726000 0.501000 1.360000 6.610000 0.785000 0.785000
272000.000000 96.599998 0.003000
1.073000 0.050000 0.116600
0.125598 0.068991 0.000352 0.000000
0.000000

0.000000 0.205708 2.450178
0.497002 0.074513 8.799289 47.726879 205.572433
0.000000 0.004902 0.089932 0.000000 0.000000 0.000000
0.000000 0.000000 0.000000
2.530944 1.000000 0.000000
764.299377 0.000000
0.000000 0.000000 0.000000 0.000000
0.000000 0.971282
8 0.020000 1.360000 0.001000
0.486000 0.396000 0.726000 0.501000 1.360000 6.610000 0.785000 0.785000
272000.000000 96.599998 0.003000
1.073000 0.050000 0.116600
0.125611 0.068917 0.000352 0.000000
0.000000

0.000000 0.191272 2.354343
0.496937 0.074637 8.801965 47.731110 205.573792
0.000000 0.005354 0.093262 0.000000 0.000000 0.000000
0.000000 0.000000 0.000000
2.547861 1.000000 0.000000
764.299377 0.000000
0.000000 0.000000 0.000000 0.000000
0.000000 0.943561
8 0.020000 1.380000 0.001000
0.486000 0.396000 0.726000 0.501000 1.360000 6.610000 0.785000 0.785000
272000.000000 96.599998 0.003000
1.073000 0.050000 0.116600
0.125624 0.068883 0.000352 0.000000
0.000000

0.000000 0.178222 2.267946
0.496889 0.074765 8.803838 47.738049 205.576019
0.000000 0.005839 0.096458 0.000000 0.000000 0.000000
0.000000 0.000000 0.000000
2.564981 1.000000 0.000000
764.299377 0.000000
0.000000 0.000000 0.000000 0.000000
0.000000 0.939732
8 0.020000 1.400000 0.001000
0.486000 0.396000 0.726000 0.501000 1.360000 6.610000 0.785000 0.785000
272000.000000 96.599998 0.003000
1.073000 0.050000 0.116600
0.125636 0.068860 0.000352 0.000000
0.000000

0.000000 0.166414 2.189934
0.496848 0.074896 8.806912 47.744686 205.576996
0.000000 0.006370 0.099951 0.000000 0.000000 0.000000
0.000000 0.000000 0.000000
2.582311 1.000000 0.000000
764.299377 0.000000
0.000000 0.000000 0.000000 0.000000
0.000000 0.923787
8 0.020000 1.420000 0.001000
0.486000 0.396000 0.726000 0.501000 1.360000 6.610000 0.785000 0.785000
272000.000000 96.599998 0.003000
1.073000 0.050000 0.116600
0.125650 0.068807 0.000351 0.000000
0.000000

0.000000 0.153081 2.110639
0.496708 0.075013 8.807142 47.743069 205.576767
0.000000 0.006898 0.102772 0.000000 0.000000 0.000000
0.000000 0.000000 0.000000
2.599854 1.000000 0.000000
764.299377 0.000000
0.000000 0.000000 0.000000 0.000000
0.000000 0.930702
8 0.020000 1.440000 0.001000
0.486000 0.396000 0.726000 0.501000 1.360000 6.610000 0.785000 0.785000
272000.000000 96.599998 0.003000
1.073000 0.050000 0.116600
0.125660 0.068895 0.000352 0.000000
0.000000

0.000000 0.143728 2.048280
0.496703 0.075153 8.810865 47.753384 205.577164
0.000000 0.007408 0.105400 0.000000 0.000000 0.000000
0.000000 0.000000 0.000000
2.617612 1.000000 0.000000
764.299377 0.000000
0.000000 0.000000 0.000000 0.000000
0.000000 0.950424
8 0.020000 1.460000 0.001000
0.486000 0.396000 0.726000 0.501000 1.360000 6.610000 0.785000 0.785000
272000.000000 96.599998 0.003000
1.073000 0.050000 0.116600
0.125674 0.068874 0.000352 0.000000
0.000000

0.000000 0.135215 1.992000
0.496703 0.075295 8.813561 47.765316 205.577789
0.000000 0.007938 0.108583 0.000000 0.000000 0.000000
0.000000 0.000000 0.000000
2.635587 1.000000 0.000000
764.299377 0.000000
0.000000 0.000000 0.000000 0.000000
0.000000 0.919709
8 0.020000 1.480000 0.001000
0.486000 0.396000 0.726000 0.501000 1.360000 6.610000 0.785000 0.785000
272000.000000 96.599998 0.003000
1.073000 0.050000 0.116600
0.125686 0.069371 0.000354 0.000000
0.000000

0.000000 0.127577 1.941195
0.496694 0.075437 8.817224 47.775356 205.578537
0.000000 0.008417 0.110866 0.000000 0.000000 0.000000
0.000000 0.000000 0.000000
2.653780 1.000000 0.000000
764.299377 0.000000
0.000000 0.000000 0.000000 0.000000
0.000000 0.948910
8 0.020000 1.500000 0.001000
0.486000 0.396000 0.726000 0.501000 1.360000 6.610000 0.785000 0.785000
272000.000000 96.599998 0.003000
1.073000 0.050000 0.116600
0.125698 0.068966 0.000352 0.000000
0.000000

0.000000 0.069919 1.657159
0.496327 0.075527 8.813767 47.755005 205.578552
0.000000 0.009235 0.117979 0.000000 0.000000 0.000000
0.000000 0.000000 0.000000
2.672191 1.000000 0.000000
764.299377 0.000000
0.000000 0.000000 0.000000 0.000000
0.000000 0.930336
8 0.020000 1.520000 0.001000
0.486000 0.396000 0.726000 0.501000 1.360000 6.610000 0.785000 0.785000
272000.000000 96.599998 0.003000
1.073000 0.050000 0.116600
0.125711 0.068834 0.000352 0.000000
0.000000

0.000000 0.068409 1.638374
0.496351 0.075678 8.817420 47.768810 205.580597
0.000000 0.009975 0.120470 0.000000 0.000000 0.000000
0.000000 0.000000 0.000000
2.690819 1.000000 0.000000
764.299377 0.000000
0.000000 0.000000 0.000000 0.000000
0.000000 0.928490
8 0.020000 1.540000 0.001000
0.486000 0.396000 0.726000 0.501000 1.360000 6.610000 0.785000 0.785000
272000.000000 96.599998 0.003000
1.073000 0.050000 0.116600
0.125722 0.068878 0.000352 0.000000
0.000000

0.000000 0.065730 1.616936
0.496327 0.075824 8.820785 47.777599 205.581345
0.000000 0.010664 0.122806 0.000000 0.000000 0.000000
0.000000 0.000000 0.000000
2.709662 1.000000 0.000000
764.299377 0.000000
0.000000 0.000000 0.000000 0.000000
0.000000 0.916700
8 0.020000 1.560000 0.001000
0.486000 0.396000 0.726000 0.501000 1.360000 6.610000 0.785000 0.785000
272000.000000 96.599998 0.003000
1.073000 0.050000 0.116600
0.125733 0.068792 0.000351 0.000000
0.000000

0.000000 0.064618 1.602115
0.496335 0.075976 8.823632 47.790672 205.583206
0.000000 0.011248 0.125014 0.000000 0.000000 0.000000
0.000000 0.000000 0.000000
2.728718 1.000000 0.000000
764.299377 0.000000
0.000000 0.000000 0.000000 0.000000
0.000000 0.914838
8 0.020000 1.580000 0.001000
0.486000 0.396000 0.726000 0.501000 1.360000 6.610000 0.785000 0.785000
272000.000000 96.599998 0.003000
1.073000 0.050000 0.116600
0.125745 0.068814 0.000351 0.000000
0.000000

0.000000 0.063703 1.589653
0.496389 0.076137 8.827931 47.807606 205.582672
0.000000 0.011700 0.127000 0.000000 0.000000 0.000000
0.000000 0.000000 0.000000
2.747986 1.000000 0.000000
764.299377 0.000000
0.000000 0.000000 0.000000 0.000000
0.000000 0.911511
8 0.020000 1.600000 0.001000
0.486000 0.396000 0.726000 0.501000 1.360000 6.610000 0.785000 0.785000
272000.000000 96.599998 0.003000
1.073000 0.050000 0.116600
0.125754 0.068830 0.000352 0.000000
0.000000

0.000000 0.062883 1.578249
0.496414 0.076295 8.831918 47.821800 205.583908
0.000000 0.012043 0.128880 0.000000 0.000000 0.000000
0.000000 0.000000 0.000000
2.767461 1.000000 0.000000
764.299377 0.000000
0.000000 0.000000 0.000000 0.000000
0.000000 0.956027
8 0.020000 1.620000 0.001000
0.486000 0.396000 0.726000 0.501000 1.360000 6.610000 0.785000 0.785000
272000.000000 96.599998 0.003000
1.073000 0.050000 0.116600
0.125767 0.069386 0.000354 0.000000
0.000000

0.000000 0.062152 1.568290
0.496449 0.076456 8.835761 47.837410 205.585052
0.000000 0.012303 0.130664 0.000000 0.000000 0.000000
0.000000 0.000000 0.000000
2.787141 1.000000 0.000000
764.299377 0.000000
0.000000 0.000000 0.000000 0.000000
0.000000 0.922585
8 0.020000 1.640000 0.001000
0.486000 0.396000 0.726000 0.501000 1.360000 6.610000 0.785000 0.785000
272000.000000 96.599998 0.003000
1.073000 0.050000 0.116600
0.125776 0.068844 0.000352 0.000000
0.000000

0.000000 0.061530 1.559570
0.496481 0.076619 8.839579 47.852886 205.586090
0.000000 0.012510 0.132385 0.000000 0.000000 0.000000
0.000000 0.000000 0.000000
2.807022 1.000000 0.000000
764.299377 0.000000
0.000000 0.000000 0.000000 0.000000
0.000000 0.910913
8 0.020000 1.660000 0.001000
0.486000 0.396000 0.726000 0.501000 1.360000 6.610000 0.785000 0.785000
272000.000000 96.599998 0.003000
1.073000 0.050000 0.116600
0.125787 0.068852 0.000352 0.000000
0.000000

0.000000 0.060255 1.549166
0.496482 0.076778 8.842370 47.865971 205.588043
0.000000 0.012694 0.134109 0.000000 0.000000 0.000000
0.000000 0.000000 0.000000
2.827101 1.000000 0.000000
764.299377 0.000000
0.000000 0.000000 0.000000 0.000000
0.000000 0.907802
8 0.020000 1.680000 0.001000
0.486000 0.396000 0.726000 0.501000 1.360000 6.610000 0.785000 0.785000
272000.000000 96.599998 0.003000
1.073000 0.050000 0.116600
0.125800 0.068806 0.000351 0.000000
0.000000

0.000000 0.059797 1.543889
0.496595 0.076957 8.847553 47.889679 205.588593
0.000000 0.012869 0.135808 0.000000 0.000000 0.000000
0.000000 0.000000 0.000000
2.847372 1.000000 0.000000
764.299377 0.000000
0.000000 0.000000 0.000000 0.000000
0.000000 0.905115
8 0.020000 1.700000 0.001000
0.486000 0.396000 0.726000 0.501000 1.360000 6.610000 0.785000 0.785000
272000.000000 96.599998 0.003000
1.073000 0.050000 0.116600
0.125817 0.068800 0.000351 0.000000
0.000000

0.000000 0.059478 1.538624
0.496650 0.077128 8.852288 47.907276 205.588898
0.000000 0.013037 0.137503 0.000000 0.000000 0.000000
0.000000 0.000000 0.000000
2.867832 1.000000 0.000000
764.299377 0.000000
0.000000 0.000000 0.000000 0.000000
0.000000 0.901880
8 0.020000 1.720000 0.001000
0.486000 0.396000 0.726000 0.501000 1.360000 6.610000 0.785000 0.785000
272000.000000 96.599998 0.003000
1.073000 0.050000 0.116600
0.125828 0.068792 0.000351 0.000000
0.000000

0.000000 0.059182 1.533991
0.496689 0.077299 8.855665 47.924557 205.589447
0.000000 0.013204 0.139236 0.000000 0.000000 0.000000
0.000000 0.000000 0.000000
2.888477 1.000000 0.000000
764.299377 0.000000
0.000000 0.000000 0.000000 0.000000
0.000000 0.958426
8 0.020000 1.740000 0.001000
0.486000 0.396000 0.726000 0.501000 1.360000 6.610000 0.785000 0.785000
272000.000000 96.599998 0.003000
1.073000 0.050000 0.116600
0.125839 0.068828 0.000351 0.000000
0.000000

0.000000 0.058979 1.530434
0.496753 0.077474 8.860461 47.943451 205.589859
0.000000 0.013388 0.140946 0.000000 0.000000 0.000000
0.000000 0.000000 0.000000
2.909303 1.000000 0.000000
764.299377 0.000000
0.000000 0.000000 0.000000 0.000000
0.000000 0.905183
8 0.020000 1.760000 0.001000
0.486000 0.396000 0.726000 0.501000 1.360000 6.610000 0.785000 0.785000
272000.000000 96.599998 0.003000
1.073000 0.050000 0.116600
0.125853 0.068756 0.000351 0.000000
0.000000

0.000000 0.058796 1.527399
0.496804 0.077650 8.864037 47.962105 205.590317
0.000000 0.013628 0.142768 0.000000 0.000000 0.000000
0.000000 0.000000 0.000000
2.930306 1.000000 0.000000
764.299377 0.000000
0.000000 0.000000 0.000000 0.000000
0.000000 0.902237
8 0.020000 1.780000 0.001000
0.486000 0.396000 0.726000 0.501000 1.360000 6.610000 0.785000 0.785000
272000.000000 96.599998 0.003000
1.073000 0.050000 0.116600
0.125868 0.068789 0.000351 0.000000
0.000000

0.000000 0.058655 1.524869
0.496850 0.077826 8.868070 47.980003 205.592026
0.000000 0.013934 0.144715 0.000000 0.000000 0.000000
0.000000 0.000000 0.000000
2.951481 1.000000 0.000000
764.299377 0.000000
0.000000 0.000000 0.000000 0.000000
0.000000 0.900488
8 0.020000 1.800000 0.001000
0.486000 0.396000 0.726000 0.501000 1.360000 6.610000 0.785000 0.785000
272000.000000 96.599998 0.003000
1.073000 0.050000 0.116600
0.125880 0.068749 0.000351 0.000000
0.000000

0.000000 0.054899 1.474805
0.496877 0.078000 8.872448 47.995968 205.593002
0.000000 0.014343 0.147517 0.000000 0.000000 0.000000
0.000000 0.000000 0.000000
2.972826 1.000000 0.000000
764.299377 0.000000
0.000000 0.000000 0.000000 0.000000
0.000000 0.934629
8 0.020000 1.820000 0.001000
0.486000 0.396000 0.726000 0.501000 1.360000 6.610000 0.785000 0.785000
272000.000000 96.599998 0.003000
1.073000 0.050000 0.116600
0.125888 0.068767 0.000351 0.000000
0.000000

0.000000 0.055211 1.477757
0.496918 0.078178 8.876214 48.013744 205.593323
0.000000 0.014729 0.149510 0.000000 0.000000 0.000000
0.000000 0.000000 0.000000
2.994335 1.000000 0.000000
764.299377 0.000000
0.000000 0.000000 0.000000 0.000000
0.000000 0.908795
8 0.020000 1.840000 0.001000
0.486000 0.396000 0.726000 0.501000 1.360000 6.610000 0.785000 0.785000
272000.000000 96.599998 0.003000
1.073000 0.050000 0.116600
0.125904 0.068721 0.000351 0.000000
0.000000

0.000000 0.055492 1.480586
0.496949 0.078356 8.879542 48.031067 205.593399
0.000000 0.015027 0.151354 0.000000 0.000000 0.000000
0.000000 0.000000 0.000000
3.016006 1.000000 0.000000
764.299377 0.000000
0.000000 0.000000 0.000000 0.000000
0.000000 0.898206
8 0.020000 1.860000 0.001000
0.486000 0.396000 0.726000 0.501000 1.360000 6.610000 0.785000 0.785000
272000.000000 96.599998 0.003000
1.073000 0.050000 0.116600
0.125912 0.068691 0.000351 0.000000
0.000000

0.000000 0.055807 1.483549
0.496985 0.078537 8.883294 48.048603 205.592987
0.000000 0.015165 0.153078 0.000000 0.000000 0.000000
0.000000 0.000000 0.000000
3.037836 1.000000 0.000000
764.299377 0.000000
0.000000 0.000000 0.000000 0.000000
0.000000 0.914076
8 0.020000 1.880000 0.001000
0.486000 0.396000 0.726000 0.501000 1.360000 6.610000 0.785000 0.785000
272000.000000 96.599998 0.003000
1.073000 0.050000 0.116600
0.125926 0.068714 0.000351 0.000000
0.000000

0.000000 0.056059 1.486000
0.496988 0.078713 8.885211 48.064266 205.594086
0.000000 0.015103 0.154599 0.000000 0.000000 0.000000
0.000000 0.000000 0.000000
3.059820 1.000000 0.000000
764.299377 0.000000
0.000000 0.000000 0.000000 0.000000
0.000000 0.905709
8 0.020000 1.900000 0.001000
0.486000 0.396000 0.726000 0.501000 1.360000 6.610000 0.785000 0.785000
272000.000000 96.599998 0.003000
1.073000 0.050000 0.116600
0.125935 0.068709 0.000351 0.000000
0.000000

0.000000 0.056355 1.488849
0.497016 0.078895 8.888078 48.082008 205.594360
0.000000 0.014875 0.156020 0.000000 0.000000 0.000000
0.000000 0.000000 0.000000
3.081957 1.000000 0.000000
764.299377 0.000000
0.000000 0.000000 0.000000 0.000000
0.000000 0.904739
8 0.020000 1.920000 0.001000
0.486000 0.396000 0.726000 0.501000 1.360000 6.610000 0.785000 0.785000
272000.000000 96.599998 0.003000
1.073000 0.050000 0.116600
0.125945 0.068702 0.000351 0.000000
0.000000

0.000000 0.056648 1.492054
0.497066 0.079081 8.892077 48.101261 205.594315
0.000000 0.014561 0.157405 0.000000 0.000000 0.000000
0.000000 0.000000 0.000000
3.104243 1.000000 0.000000
764.299377 0.000000
0.000000 0.000000 0.000000 0.000000
0.000000 0.903456
8 0.020000 1.940000 0.001000
0.486000 0.396000 0.726000 0.501000 1.360000 6.610000 0.785000 0.785000
272000.000000 96.599998 0.003000
1.073000 0.050000 0.116600
0.125960 0.068667 0.000351 0.000000
0.000000

0.000000 0.056957 1.496044
0.497163 0.079276 8.897087 48.125084 205.593918
0.000000 0.014246 0.158819 0.000000 0.000000 0.000000
0.000000 0.000000 0.000000
3.126676 1.000000 0.000000
764.299377 0.000000
0.000000 0.000000 0.000000 0.000000
0.000000 0.902175
8 0.020000 1.960000 0.001000
0.486000 0.396000 0.726000 0.501000 1.360000 6.610000 0.785000 0.785000
272000.000000 96.599998 0.003000
1.073000 0.050000 0.116600
0.125973 0.068656 0.000351 0.000000
0.000000

0.000000 0.057266 1.505855
0.497647 0.079535 8.908998 48.186443 205.590454
0.000000 0.013976 0.160284 0.000000 0.000000 0.000000
0.000000 0.000000 0.000000
3.149255 1.000000 0.000000
764.299377 0.000000
0.000000 0.000000 0.000000 0.000000
0.000000 0.901163
8 0.020000 1.980000 0.001000
0.486000 0.396000 0.726000 0.501000 1.360000 6.610000 0.785000 0.785000
272000.000000 96.599998 0.003000
1.073000 0.050000 0.116600
0.126014 0.068599 0.000350 0.000000
0.000000

0.000000 0.057565 1.521141
0.498491 0.079852 8.927218 48.282921 205.585312
0.000000 0.082741 0.232421 0.000000 0.000000 0.000000
0.000000 0.000000 0.000000
3.171977 1.000000 0.000000
764.299377 0.000000
0.000000 0.000000 0.000000 0.000000
0.000000 0.909918
8 0.020000 2.000000 0.001000
0.486000 0.396000 0.726000 0.501000 1.360000 6.610000 0.785000 0.785000
272000.000000 96.599998 0.003000
1.073000 0.050000 0.116600
0.126077 0.068635 0.000351 0.000000
0.000000
1.000000
2.000000
0.000000 0.000000
0.000000
0
-0.760000
0 0
0.000000
1
0.000000
1.000000
1.000000
1.000000
0.000000 0.000000 0.000000
0.000000 0.000000
0.000000 0.000000 0.000000 0.000000 0.000000 0.000000 0.000000
0.000000 0.000000 0.000000 0.000000 0.000000 0.000000 0.000000
238
2.000000
1
C:\DNDC\sites\Ottawa\CEFSoilc.spf
-1.000000 -1.000000
0.000000
38
38
10.000000
105
0.000000
0.000000
257
0.000000
399256.500000
1
