7
Clay_loam
0.314000 0.490000 0.006410 0.726000 0.398000 1.000000 0.000000 0.000000
1.350000 6.610000 1 0.031000 0.500000 0.050000 0.010000 0.240000 0.750000
0.000000 0.020000 2.000000 270000.000000 96.599998 100
0.233300 1.944000 3.025300 0.000000 1
10.000000 10.000000 10.000000 5.000000 25.000000 100.000000
0.000000 0.000000 0.028205 0.000000 0.000000 0.000000
500.000000 0.000000 0.000000

0.000000 71.274002 708.580017
12.853846 1.546916 107.377586 1228.385986 5739.159668
0.000000 5.885890 0.308969 1.010348 0.000000 0.000000
0.000012 0.001027 0.000323
-0.019289 0.457481 0.000000
764.299377 0.000000
0.000000 0.000000 0.000000 0.000000
0.000000 22.680202
7 0.020000 0.020000 0.031000
0.490000 0.314000 0.726000 0.398000 1.350000 6.610000 0.726000 0.726000
270000.000000 96.599998 0.006410
1.073000 0.050000 0.116600
18.382545 7.713484 0.019062 0.000000
0.000000

0.000000 69.622505 708.489990
13.114988 1.512571 106.809616 1229.531128 5739.414551
0.000000 0.656358 0.425745 0.505174 0.000000 0.000000
0.000004 0.000021 0.000005
0.126075 0.726000 0.000000
764.299377 0.000000
0.000000 0.000000 0.000000 0.000000
0.000000 12.146172
7 0.020000 0.040000 0.031000
0.490000 0.314000 0.726000 0.398000 1.350000 6.610000 0.726000 0.726000
270000.000000 96.599998 0.006410
1.073000 0.050000 0.116600
18.378096 7.669638 0.030085 0.000000
0.000000

0.000000 72.458061 709.789062
13.137813 1.480228 108.287651 1227.779663 5738.783203
0.000000 0.948834 0.444252 0.252587 0.000000 0.000000
0.000003 0.000011 0.000004
0.229992 0.726000 0.000000
764.299377 0.000000
0.000000 0.000000 0.000000 0.000000
0.000000 15.554876
7 0.020000 0.060000 0.031000
0.490000 0.314000 0.726000 0.398000 1.350000 6.610000 0.726000 0.726000
270000.000000 96.599998 0.006410
1.073000 0.050000 0.116600
18.388906 7.662434 0.030062 0.000000
0.000000

0.000000 74.265114 711.546143
13.280406 1.480453 109.132797 1226.667236 5738.424805
0.000000 0.932271 0.456158 0.126294 0.000000 0.000000
0.000002 0.000004 0.000002
0.333320 0.726000 0.000000
764.299377 0.000000
0.000000 0.000000 0.000000 0.000000
0.000000 15.333439
7 0.020000 0.080000 0.031000
0.490000 0.314000 0.726000 0.398000 1.350000 6.610000 0.726000 0.726000
270000.000000 96.599998 0.006410
1.073000 0.050000 0.116600
18.395103 7.646121 0.030017 0.000000
0.000000

0.000000 75.598297 712.604980
13.250475 1.515247 109.758423 1225.957520 5738.161621
0.000000 0.835790 0.453714 0.063147 0.000000 0.000000
0.000000 0.000001 0.000001
0.436038 0.726000 0.000000
764.299377 0.000000
0.000000 0.000000 0.000000 0.000000
0.000000 14.412767
7 0.020000 0.100000 0.025000
0.490000 0.314000 0.726000 0.398000 1.350000 6.610000 0.726000 0.726000
270000.000000 96.599998 0.006410
1.073000 0.050000 0.116600
18.399584 7.627629 0.029942 0.000000
0.000000

0.000000 127.758369 755.946777
12.672408 1.484464 129.096695 1201.222900 5729.958008
0.000000 0.355715 0.134352 0.031573 0.000000 0.000000
0.000000 0.000000 0.000000
0.538121 0.726000 0.000000
764.299377 0.000000
0.000000 0.000000 0.000000 0.000000
0.000000 6.446426
7 0.020000 0.120000 0.025000
0.490000 0.314000 0.726000 0.398000 1.350000 6.610000 0.726000 0.726000
270000.000000 96.599998 0.006410
1.073000 0.050000 0.116600
18.530657 7.478610 0.029316 0.000000
0.000000

0.000002 27.684422 552.676331
13.700719 1.644250 211.124237 1278.734375 5616.167480
0.000000 0.164490 0.163463 0.015787 0.000000 0.000000
0.000000 0.000000 0.000000
0.639547 0.726000 0.000000
764.299377 0.000000
0.000000 0.000000 0.000000 0.000000
0.000000 3.631372
7 0.020000 0.140000 0.025000
0.490000 0.314000 0.726000 0.398000 1.350000 6.610000 0.726000 0.726000
270000.000000 96.599998 0.006410
1.073000 0.050000 0.116600
20.667097 4.730608 0.018268 0.000000
0.000000

0.000003 52.208935 542.038025
13.500694 1.657004 210.131134 1266.525269 5615.413574
0.000000 0.092297 0.153368 0.007893 0.000000 0.000000
0.000000 0.000000 0.000000
0.740291 0.726000 0.000000
764.299377 0.000000
0.000000 0.000000 0.000000 0.000000
0.000000 2.802785
7 0.020000 0.160000 0.025000
0.490000 0.314000 0.726000 0.398000 1.350000 6.610000 0.726000 0.726000
270000.000000 96.599998 0.006410
1.073000 0.050000 0.116600
20.688496 4.281738 0.016494 0.000000
0.000000

0.000004 48.529060 530.678833
13.463203 1.687841 210.980179 1265.681763 5614.687988
0.000000 0.062319 0.148279 0.003947 0.000000 0.000000
0.000000 0.000000 0.000000
0.840329 0.726000 0.000000
764.299377 0.000000
0.000000 0.000000 0.000000 0.000000
0.000000 2.481037
7 0.020000 0.180000 0.020000
0.490000 0.314000 0.726000 0.398000 1.350000 6.610000 0.726000 0.726000
270000.000000 96.599998 0.006410
1.073000 0.050000 0.116600
20.715183 3.875157 0.014895 0.000000
0.000000

0.000005 45.155411 516.193909
13.434324 1.718542 211.935318 1265.604004 5614.486328
0.000000 0.171714 0.193546 0.001973 0.000000 0.000000
0.000000 0.000000 0.000000
0.939635 0.726000 0.000000
764.299377 0.000000
0.000000 0.000000 0.000000 0.000000
0.000000 3.221966
7 0.020000 0.200000 0.020000
0.490000 0.314000 0.726000 0.398000 1.350000 6.610000 0.726000 0.726000
270000.000000 96.599998 0.006410
1.073000 0.050000 0.116600
20.735693 8.683387 0.034267 0.000000
0.000000

0.000007 42.663223 503.339600
13.474878 1.757127 213.700928 1272.204712 5611.410645
0.000000 0.781322 0.441736 0.000987 0.000000 0.000000
0.000000 0.000000 0.000000
1.038184 0.726000 0.000000
764.299377 0.000000
0.000000 0.000000 0.000000 0.000000
0.000000 7.370233
7 0.020000 0.220000 0.020000
0.490000 0.314000 0.726000 0.398000 1.350000 6.610000 0.726000 0.726000
270000.000000 96.599998 0.006410
1.073000 0.050000 0.116600
20.790041 12.130527 0.048803 0.000000
0.000000

0.000035 39.360329 295.851471
8.580355 1.139421 136.832382 810.727234 4106.493164
0.000000 0.824201 0.354113 0.000493 0.000000 0.000000
0.000000 0.000000 0.000000
1.135950 0.726000 0.000000
764.299377 0.000000
0.000000 0.000000 0.000000 0.000000
0.000000 7.209970
7 0.020000 0.240000 0.020000
0.490000 0.314000 0.726000 0.398000 1.350000 6.610000 0.726000 0.726000
270000.000000 96.599998 0.006410
1.073000 0.050000 0.116600
2.295423 4.611777 0.017795 0.000000
0.000000

0.000032 35.617382 268.061951
8.452971 1.142264 135.120056 801.272095 4105.986328
0.000000 0.688179 0.334395 0.000247 0.000000 0.000000
0.000000 0.000000 0.000000
1.232910 0.726000 0.000000
764.299377 0.000000
0.000000 0.000000 0.000000 0.000000
0.000000 6.256667
7 0.020000 0.260000 0.020000
0.490000 0.314000 0.726000 0.398000 1.350000 6.610000 0.726000 0.726000
270000.000000 96.599998 0.006410
1.073000 0.050000 0.116600
2.297600 2.421628 0.009234 0.000000
0.000000

0.000123 37.112621 266.734009
8.030459 1.102765 131.409668 761.138855 3691.934814
0.000000 1.326999 0.351240 0.000123 0.000000 0.000000
0.000000 0.000000 0.000000
1.327826 0.739553 0.000000
764.299377 0.000000
0.000000 0.000000 0.000000 0.000000
0.000000 15.617266
7 0.020000 0.280000 0.018000
0.490000 0.314000 0.726000 0.398000 1.350000 6.610000 0.726000 0.726000
270000.000000 96.599998 0.000070
1.073000 0.050000 0.116600
2.106008 3.203660 0.012505 0.000000
0.000000

0.000167 35.212257 248.694321
8.023195 1.118241 132.820816 763.115234 3690.091797
0.000000 0.640020 0.292002 0.000062 0.000000 0.000000
0.000000 0.000000 0.000000
1.418405 0.821530 0.000000
764.299377 0.000000
0.000000 0.000000 0.000000 0.000000
0.000000 9.701793
7 0.020000 0.300000 0.018000
0.490000 0.314000 0.726000 0.398000 1.350000 6.610000 0.726000 0.726000
270000.000000 96.599998 0.000070
1.073000 0.050000 0.116600
2.117000 1.681140 0.007228 0.000000
0.000000

0.000152 31.921303 225.493942
7.893191 1.115222 131.261810 753.479370 3689.749512
0.000000 0.287705 0.253508 0.000031 0.000000 0.000000
0.000000 0.000000 0.000000
1.504608 0.876040 0.000000
764.299377 0.000000
0.000000 0.000000 0.000000 0.000000
0.000000 6.948032
7 0.020000 0.320000 0.018000
0.490000 0.314000 0.726000 0.398000 1.350000 6.610000 0.726000 0.726000
270000.000000 96.599998 0.000070
1.073000 0.050000 0.116600
2.116271 1.410966 0.006459 0.000000
0.000000

0.000187 29.970940 208.928131
7.199511 1.030200 121.307739 687.990479 3222.425781
0.000000 0.127647 0.197479 0.000015 0.000000 0.000000
0.000000 0.000000 0.000000
1.588024 0.922493 0.000000
764.299377 0.000000
0.000000 0.000000 0.000000 0.000000
0.000000 5.573802
8 0.020000 0.340000 0.015500
0.483000 0.377000 0.726000 0.484000 1.370000 6.610000 0.770000 0.770000
274000.000000 96.599998 0.000070
1.073000 0.050000 0.116600
1.871285 1.222195 0.005716 0.000000
0.000000

0.000167 27.109667 189.446243
7.103123 1.028604 120.076859 680.308594 3222.262207
0.000000 0.066068 0.183495 0.000008 0.000000 0.000000
0.000000 0.000000 0.000000
1.669451 0.945064 0.000000
764.299377 0.000000
0.000000 0.000000 0.000000 0.000000
0.000000 4.991528
8 0.020000 0.360000 0.015500
0.483000 0.377000 0.726000 0.484000 1.370000 6.610000 0.770000 0.770000
274000.000000 96.599998 0.000070
1.073000 0.050000 0.116600
1.870786 1.170296 0.005605 0.000000
0.000000

0.000150 24.501154 171.654495
7.015044 1.027319 118.821350 673.266907 3222.215820
0.000000 0.045902 0.179838 0.000004 0.000000 0.000000
0.000000 0.000000 0.000000
1.749179 0.962100 0.000000
764.299377 0.000000
0.000000 0.000000 0.000000 0.000000
0.000000 4.739981
8 0.020000 0.380000 0.015500
0.483000 0.377000 0.726000 0.484000 1.370000 6.610000 0.770000 0.770000
274000.000000 96.599998 0.000070
1.073000 0.050000 0.116600
1.870135 1.158118 0.005646 0.000000
0.000000

0.000134 22.136763 155.649155
6.934227 1.026302 117.670746 666.689636 3222.130127
0.000000 0.041063 0.181065 0.000002 0.000000 0.000000
0.000000 0.000000 0.000000
1.827426 0.974334 0.000000
764.299377 0.000000
0.000000 0.000000 0.000000 0.000000
0.000000 4.616260
8 0.020000 0.400000 0.015500
0.483000 0.377000 0.726000 0.484000 1.370000 6.610000 0.770000 0.770000
274000.000000 96.599998 0.000070
1.073000 0.050000 0.116600
1.869446 1.156315 0.005709 0.000000
0.000000

0.000122 20.030455 141.460968
6.868239 1.026771 116.692924 661.426941 3222.089355
0.000000 0.041472 0.183810 0.000001 0.000000 0.000000
0.000000 0.000000 0.000000
1.904359 0.982307 0.000000
764.299377 0.000000
0.000000 0.000000 0.000000 0.000000
0.000000 4.547608
8 0.020000 0.420000 0.015500
0.483000 0.377000 0.726000 0.484000 1.370000 6.610000 0.770000 0.770000
274000.000000 96.599998 0.000070
1.073000 0.050000 0.116600
1.869341 1.155786 0.005753 0.000000
0.000000

0.000110 18.131460 128.659424
6.808329 1.027515 115.850868 656.572998 3222.099854
0.000000 0.043484 0.186626 0.000000 0.000000 0.000000
0.000000 0.000000 0.000000
1.980103 0.986473 0.000000
764.299377 0.000000
0.000000 0.000000 0.000000 0.000000
0.000000 4.505803
8 0.020000 0.440000 0.015500
0.483000 0.377000 0.726000 0.484000 1.370000 6.610000 0.770000 0.770000
274000.000000 96.599998 0.000070
1.073000 0.050000 0.116600
1.869220 1.156356 0.005780 0.000000
0.000000

0.000101 16.425501 117.151466
6.757514 1.029061 115.111931 652.527893 3222.080811
0.000000 0.045941 0.189742 0.000000 0.000000 0.000000
0.000000 0.000000 0.000000
2.054758 0.987227 0.000000
764.299377 0.000000
0.000000 0.000000 0.000000 0.000000
0.000000 4.478212
8 0.020000 0.460000 0.015500
0.483000 0.377000 0.726000 0.484000 1.370000 6.610000 0.770000 0.770000
274000.000000 96.599998 0.000070
1.073000 0.050000 0.116600
1.869356 1.153760 0.005771 0.000000
0.000000

0.000091 14.870457 106.676689
6.711297 1.030791 114.474533 648.789429 3222.073486
0.000000 0.048591 0.192924 0.000000 0.000000 0.000000
0.000000 0.000000 0.000000
2.128407 0.984842 0.000000
764.299377 0.000000
0.000000 0.000000 0.000000 0.000000
0.000000 4.457247
8 0.020000 0.480000 0.015500
0.483000 0.377000 0.726000 0.484000 1.370000 6.610000 0.770000 0.770000
274000.000000 96.599998 0.000070
1.073000 0.050000 0.116600
1.869438 1.153219 0.005755 0.000000
0.000000

0.000083 13.468530 97.236565
6.672656 1.033217 113.917999 645.722412 3222.108154
0.000000 0.051215 0.195633 0.000000 0.000000 0.000000
0.000000 0.000000 0.000000
2.201138 0.979250 0.000000
764.299377 0.000000
0.000000 0.000000 0.000000 0.000000
0.000000 4.439436
8 0.020000 0.500000 0.015500
0.483000 0.377000 0.726000 0.484000 1.370000 6.610000 0.770000 0.770000
274000.000000 96.599998 0.000070
1.073000 0.050000 0.116600
1.869736 1.152675 0.005719 0.000000
0.000000

0.000076 12.205419 88.731720
6.639494 1.036078 113.480217 643.083557 3222.121338
0.000000 0.053947 0.198489 0.000000 0.000000 0.000000
0.000000 0.000000 0.000000
2.273071 0.969814 0.000000
764.299377 0.000000
0.000000 0.000000 0.000000 0.000000
0.000000 4.422549
8 0.020000 0.520000 0.015500
0.483000 0.377000 0.726000 0.484000 1.370000 6.610000 0.770000 0.770000
274000.000000 96.599998 0.000070
1.073000 0.050000 0.116600
1.870114 1.152164 0.005661 0.000000
0.000000

0.000011 9.080410 68.462761
3.335939 0.524278 55.574833 323.033081 1666.878052
0.000000 0.061396 0.150881 0.000000 0.000000 0.000000
0.000000 0.000000 0.000000
2.347672 0.770000 0.000000
764.299377 0.000000
0.000000 0.000000 0.000000 0.000000
0.000000 4.233145
8 0.020000 0.540000 0.008000
0.483000 0.377000 0.726000 0.484000 1.370000 6.610000 0.770000 0.770000
274000.000000 96.599998 0.002410
1.073000 0.050000 0.116600
0.946950 0.751213 0.002925 0.000000
0.000000

0.000010 8.277154 62.556171
3.314892 0.525043 55.374737 321.464417 1666.687988
0.000000 0.060011 0.151042 0.000000 0.000000 0.000000
0.000000 0.000000 0.000000
2.425159 0.770000 0.000000
764.299377 0.000000
0.000000 0.000000 0.000000 0.000000
0.000000 4.086960
8 0.020000 0.560000 0.008000
0.483000 0.377000 0.726000 0.484000 1.370000 6.610000 0.770000 0.770000
274000.000000 96.599998 0.002410
1.073000 0.050000 0.116600
0.947991 0.644972 0.002510 0.000000
0.000000

0.000011 7.574913 57.342247
3.300579 0.526677 55.279869 320.513702 1666.463379
0.000000 0.067843 0.155227 0.000000 0.000000 0.000000
0.000000 0.000000 0.000000
2.501483 0.770000 0.000000
764.299377 0.000000
0.000000 0.000000 0.000000 0.000000
0.000000 3.980425
8 0.020000 0.580000 0.008000
0.483000 0.377000 0.726000 0.484000 1.370000 6.610000 0.770000 0.770000
274000.000000 96.599998 0.002410
1.073000 0.050000 0.116600
0.949325 0.625038 0.002432 0.000000
0.000000

0.000011 6.957244 52.683029
3.291536 0.528975 55.283066 320.028320 1666.214844
0.000000 0.103560 0.166379 0.000000 0.000000 0.000000
0.000000 0.000000 0.000000
2.576633 0.770000 0.000000
764.299377 0.000000
0.000000 0.000000 0.000000 0.000000
0.000000 4.188188
8 0.020000 0.600000 0.008000
0.483000 0.377000 0.726000 0.484000 1.370000 6.610000 0.770000 0.770000
274000.000000 96.599998 0.002410
1.073000 0.050000 0.116600
0.950845 0.621830 0.002419 0.000000
0.000000

0.000012 6.422564 48.498749
3.284968 0.531510 55.399326 319.676270 1666.004272
0.000000 0.134072 0.170526 0.000000 0.000000 0.000000
0.000000 0.000000 0.000000
2.650596 0.770000 0.000000
764.299377 0.000000
0.000000 0.000000 0.000000 0.000000
0.000000 4.283334
8 0.020000 0.620000 0.008000
0.483000 0.377000 0.726000 0.484000 1.370000 6.610000 0.770000 0.770000
274000.000000 96.599998 0.002410
1.073000 0.050000 0.116600
0.952365 0.617239 0.002401 0.000000
0.000000

0.000013 5.946873 44.739807
3.282670 0.534591 55.622429 319.675903 1665.777710
0.000000 0.128334 0.167295 0.000000 0.000000 0.000000
0.000000 0.000000 0.000000
2.723361 0.770000 0.000000
764.299377 0.000000
0.000000 0.000000 0.000000 0.000000
0.000000 4.130158
8 0.020000 0.640000 0.008000
0.483000 0.377000 0.726000 0.484000 1.370000 6.610000 0.770000 0.770000
274000.000000 96.599998 0.002410
1.073000 0.050000 0.116600
0.954024 0.613009 0.002385 0.000000
0.000000

0.000014 5.504880 41.310349
3.283119 0.537988 55.879673 319.932159 1665.521729
0.000000 0.175243 0.172194 0.000000 0.000000 0.000000
0.000000 0.000000 0.000000
2.794920 0.770000 0.000000
764.299377 0.000000
0.000000 0.000000 0.000000 0.000000
0.000000 3.926227
8 0.020000 0.660000 0.008000
0.483000 0.377000 0.726000 0.484000 1.370000 6.610000 0.770000 0.770000
274000.000000 96.599998 0.002410
1.073000 0.050000 0.116600
0.955716 0.610164 0.002374 0.000000
0.000000

0.000015 5.074237 38.163567
3.288397 0.542061 56.157806 320.703918 1665.250366
0.000000 0.388747 0.187254 0.000000 0.000000 0.000000
0.000000 0.000000 0.000000
2.865265 0.770000 0.000000
764.299377 0.000000
0.000000 0.000000 0.000000 0.000000
0.000000 3.883740
8 0.020000 0.680000 0.008000
0.483000 0.377000 0.726000 0.484000 1.370000 6.610000 0.770000 0.770000
274000.000000 96.599998 0.002410
1.073000 0.050000 0.116600
0.957587 0.615454 0.002394 0.000000
0.000000

0.000017 4.701998 35.405567
3.299145 0.546931 56.575619 321.938324 1664.915283
0.000000 0.427899 0.186302 0.000000 0.000000 0.000000
0.000000 0.000000 0.000000
2.934392 0.770000 0.000000
764.299377 0.000000
0.000000 0.000000 0.000000 0.000000
0.000000 4.110282
8 0.020000 0.700000 0.008000
0.483000 0.377000 0.726000 0.484000 1.370000 6.610000 0.770000 0.770000
274000.000000 96.599998 0.002410
1.073000 0.050000 0.116600
0.959743 0.611672 0.002380 0.000000
0.000000

0.000022 4.222771 31.500830
3.316639 0.552845 57.299534 323.678162 1664.518188
0.000000 0.255780 0.167718 0.000000 0.000000 0.000000
0.000000 0.000000 0.000000
3.002296 0.770000 0.000000
764.299377 0.000000
0.000000 0.000000 0.000000 0.000000
0.000000 3.799959
8 0.020000 0.720000 0.008000
0.483000 0.377000 0.726000 0.484000 1.370000 6.610000 0.770000 0.770000
274000.000000 96.599998 0.002410
1.073000 0.050000 0.116600
0.962578 0.613103 0.002385 0.000000
0.000000

0.000032 4.032681 28.641422
2.146982 0.359645 37.304386 209.180695 1032.428833
0.000000 0.112980 0.104136 0.000000 0.000000 0.000000
0.000000 0.000000 0.000000
3.068581 0.785000 0.000000
764.299377 0.000000
0.000000 0.000000 0.000000 0.000000
0.000000 2.985661
8 0.020000 0.740000 0.005000
0.486000 0.396000 0.726000 0.501000 1.360000 6.610000 0.785000 0.785000
272000.000000 96.599998 0.003000
1.073000 0.050000 0.116600
0.601445 0.397447 0.001596 0.000000
0.000000

0.000037 3.764496 26.731012
2.159766 0.363587 37.643723 210.569946 1032.060913
0.000000 0.167564 0.099199 0.000000 0.000000 0.000000
0.000000 0.000000 0.000000
3.133252 0.785000 0.000000
764.299377 0.000000
0.000000 0.000000 0.000000 0.000000
0.000000 3.130322
8 0.020000 0.760000 0.005000
0.486000 0.396000 0.726000 0.501000 1.360000 6.610000 0.785000 0.785000
272000.000000 96.599998 0.003000
1.073000 0.050000 0.116600
0.603259 0.382145 0.001535 0.000000
0.000000

0.000045 3.526795 25.032454
2.174139 0.367742 38.007046 212.197037 1031.728027
0.000000 0.033244 0.084302 0.000000 0.000000 0.000000
0.000000 0.000000 0.000000
3.196701 0.785000 0.000000
764.299377 0.000000
0.000000 0.000000 0.000000 0.000000
0.000000 3.138993
8 0.020000 0.780000 0.005000
0.486000 0.396000 0.726000 0.501000 1.360000 6.610000 0.785000 0.785000
272000.000000 96.599998 0.003000
1.073000 0.050000 0.116600
0.605145 0.376162 0.001510 0.000000
0.000000

0.000054 3.281009 23.318123
2.183469 0.371052 38.417377 213.847717 1031.332764
0.000000 0.009295 0.075757 0.000000 0.000000 0.000000
0.000000 0.000000 0.000000
3.255389 0.991883 0.000000
764.299377 0.000000
0.000000 0.000000 0.000000 0.000000
0.000000 2.619339
8 0.020000 0.800000 0.005000
0.486000 0.396000 0.726000 0.501000 1.360000 6.610000 0.785000 0.785000
272000.000000 96.599998 0.003000
1.073000 0.050000 0.116600
0.607157 0.371854 0.001887 0.000000
0.000000

0.000000 2.781965 20.211432
2.199056 0.375169 38.815422 215.465134 1030.926758
0.000000 0.007097 0.074856 0.000000 0.000000 0.000000
0.000000 0.000000 0.000000
3.309586 1.000000 0.000000
764.299377 0.000000
0.000000 0.000000 0.000000 0.000000
0.000000 2.540473
8 0.020000 0.820000 0.005000
0.486000 0.396000 0.726000 0.501000 1.360000 6.610000 0.785000 0.785000
272000.000000 96.599998 0.003000
1.073000 0.050000 0.116600
0.609353 0.366901 0.001877 0.000000
0.000000

0.000000 2.581913 19.028498
2.218783 0.379942 39.272316 217.453186 1030.610718
0.000000 0.007623 0.076388 0.000000 0.000000 0.000000
0.000000 0.000000 0.000000
3.362456 1.000000 0.000000
764.299377 0.000000
0.000000 0.000000 0.000000 0.000000
0.000000 2.518221
8 0.020000 0.840000 0.005000
0.486000 0.396000 0.726000 0.501000 1.360000 6.610000 0.785000 0.785000
272000.000000 96.599998 0.003000
1.073000 0.050000 0.116600
0.611183 0.363561 0.001860 0.000000
0.000000

0.000000 2.366363 17.774128
2.232801 0.383704 39.629501 218.877884 1030.323853
0.000000 0.009394 0.078735 0.000000 0.000000 0.000000
0.000000 0.000000 0.000000
3.414029 1.000000 0.000000
764.299377 0.000000
0.000000 0.000000 0.000000 0.000000
0.000000 2.453960
8 0.020000 0.860000 0.005000
0.486000 0.396000 0.726000 0.501000 1.360000 6.610000 0.785000 0.785000
272000.000000 96.599998 0.003000
1.073000 0.050000 0.116600
0.612710 0.363051 0.001857 0.000000
0.000000

0.000000 2.193777 16.760853
2.246011 0.387288 39.947048 220.240158 1030.119507
0.000000 0.010651 0.079074 0.000000 0.000000 0.000000
0.000000 0.000000 0.000000
3.464317 1.000000 0.000000
764.299377 0.000000
0.000000 0.000000 0.000000 0.000000
0.000000 2.402239
8 0.020000 0.880000 0.005000
0.486000 0.396000 0.726000 0.501000 1.360000 6.610000 0.785000 0.785000
272000.000000 96.599998 0.003000
1.073000 0.050000 0.116600
0.613974 0.358937 0.001836 0.000000
0.000000

0.000000 2.034341 15.835695
2.258408 0.390694 40.242348 221.525208 1029.947021
0.000000 0.010611 0.078461 0.000000 0.000000 0.000000
0.000000 0.000000 0.000000
3.513332 1.000000 0.000000
764.299377 0.000000
0.000000 0.000000 0.000000 0.000000
0.000000 2.369275
8 0.020000 0.900000 0.005000
0.486000 0.396000 0.726000 0.501000 1.360000 6.610000 0.785000 0.785000
272000.000000 96.599998 0.003000
1.073000 0.050000 0.116600
0.615145 0.357669 0.001829 0.000000
0.000000

0.000000 1.822650 14.406465
2.271501 0.394190 40.574657 222.859009 1029.694092
0.000000 0.009978 0.077830 0.000000 0.000000 0.000000
0.000000 0.000000 0.000000
3.561088 1.000000 0.000000
764.299377 0.000000
0.000000 0.000000 0.000000 0.000000
0.000000 2.340193
8 0.020000 0.920000 0.005000
0.486000 0.396000 0.726000 0.501000 1.360000 6.610000 0.785000 0.785000
272000.000000 96.599998 0.003000
1.073000 0.050000 0.116600
0.616541 0.358319 0.001833 0.000000
0.000000

0.000000 1.694583 10.261548
0.477903 0.083142 8.539419 46.762169 205.942215
0.000000 0.009717 0.020398 0.000000 0.000000 0.000000
0.000000 0.000000 0.000000
3.607600 1.000000 0.000000
764.299377 0.000000
0.000000 0.000000 0.000000 0.000000
0.000000 1.165432
8 0.020000 0.940000 0.001000
0.486000 0.396000 0.726000 0.501000 1.360000 6.610000 0.785000 0.785000
272000.000000 96.599998 0.003000
1.073000 0.050000 0.116600
0.123610 0.079116 0.000404 0.000000
0.000000

0.000000 1.583881 9.530572
0.480286 0.083799 8.618549 46.996910 205.881805
0.000000 0.006494 0.017647 0.000000 0.000000 0.000000
0.000000 0.000000 0.000000
3.652887 1.000000 0.000000
764.299377 0.000000
0.000000 0.000000 0.000000 0.000000
0.000000 1.007726
8 0.020000 0.960000 0.001000
0.486000 0.396000 0.726000 0.501000 1.360000 6.610000 0.785000 0.785000
272000.000000 96.599998 0.003000
1.073000 0.050000 0.116600
0.123948 0.072585 0.000371 0.000000
0.000000

0.000000 1.486327 8.905679
0.483917 0.084669 8.692233 47.379971 205.802536
0.000000 0.003353 0.015337 0.000000 0.000000 0.000000
0.000000 0.000000 0.000000
3.696968 1.000000 0.000000
764.299377 0.000000
0.000000 0.000000 0.000000 0.000000
0.000000 1.018209
8 0.020000 0.980000 0.001000
0.486000 0.396000 0.726000 0.501000 1.360000 6.610000 0.785000 0.785000
272000.000000 96.599998 0.003000
1.073000 0.050000 0.116600
0.124353 0.070627 0.000361 0.000000
0.000000

0.000000 1.402967 8.351204
0.489644 0.085901 8.801337 47.969212 205.694366
0.000000 0.001440 0.013825 0.000000 0.000000 0.000000
0.000000 0.000000 0.000000
3.739862 1.000000 0.000000
764.299377 0.000000
0.000000 0.000000 0.000000 0.000000
0.000000 0.990118
8 0.020000 1.000000 0.001000
0.486000 0.396000 0.726000 0.501000 1.360000 6.610000 0.785000 0.785000
272000.000000 96.599998 0.003000
1.073000 0.050000 0.116600
0.124954 0.070021 0.000358 0.000000
0.000000

0.000000 1.288662 7.734302
0.490436 0.086263 8.822894 48.073963 205.657364
0.000000 0.000554 0.013140 0.000000 0.000000 0.000000
0.000000 0.000000 0.000000
3.781591 1.000000 0.000000
764.299377 0.000000
0.000000 0.000000 0.000000 0.000000
0.000000 0.968568
8 0.020000 1.020000 0.001000
0.486000 0.396000 0.726000 0.501000 1.360000 6.610000 0.785000 0.785000
272000.000000 96.599998 0.003000
1.073000 0.050000 0.116600
0.125112 0.069413 0.000354 0.000000
0.000000

0.000000 1.178297 7.147465
0.490053 0.086411 8.821876 48.063427 205.641632
0.000000 0.000201 0.012909 0.000000 0.000000 0.000000
0.000000 0.000000 0.000000
3.822178 1.000000 0.000000
764.299377 0.000000
0.000000 0.000000 0.000000 0.000000
0.000000 0.982773
8 0.020000 1.040000 0.001000
0.486000 0.396000 0.726000 0.501000 1.360000 6.610000 0.785000 0.785000
272000.000000 96.599998 0.003000
1.073000 0.050000 0.116600
0.125183 0.069323 0.000354 0.000000
0.000000

0.000000 1.052543 6.536664
0.488280 0.086306 8.796330 47.915840 205.636749
0.000000 0.000076 0.013029 0.000000 0.000000 0.000000
0.000000 0.000000 0.000000
3.861647 1.000000 0.000000
764.299377 0.000000
0.000000 0.000000 0.000000 0.000000
0.000000 0.968164
8 0.020000 1.060000 0.001000
0.486000 0.396000 0.726000 0.501000 1.360000 6.610000 0.785000 0.785000
272000.000000 96.599998 0.003000
1.073000 0.050000 0.116600
0.125201 0.069251 0.000354 0.000000
0.000000

0.000000 0.958786 6.047688
0.487420 0.086354 8.786610 47.855045 205.634048
0.000000 0.000035 0.013158 0.000000 0.000000 0.000000
0.000000 0.000000 0.000000
3.900021 1.000000 0.000000
764.299377 0.000000
0.000000 0.000000 0.000000 0.000000
0.000000 0.959739
8 0.020000 1.080000 0.001000
0.486000 0.396000 0.726000 0.501000 1.360000 6.610000 0.785000 0.785000
272000.000000 96.599998 0.003000
1.073000 0.050000 0.116600
0.125222 0.069502 0.000355 0.000000
0.000000

0.000000 0.873546 5.604130
0.486619 0.086406 8.778251 47.798267 205.632874
0.000000 0.000024 0.013290 0.000000 0.000000 0.000000
0.000000 0.000000 0.000000
3.937326 1.000000 0.000000
764.299377 0.000000
0.000000 0.000000 0.000000 0.000000
0.000000 0.982259
8 0.020000 1.100000 0.001000
0.486000 0.396000 0.726000 0.501000 1.360000 6.610000 0.785000 0.785000
272000.000000 96.599998 0.003000
1.073000 0.050000 0.116600
0.125239 0.069255 0.000354 0.000000
0.000000

0.000000 0.795974 5.202122
0.485898 0.086465 8.770059 47.749046 205.633575
0.000000 0.000021 0.013377 0.000000 0.000000 0.000000
0.000000 0.000000 0.000000
3.973589 1.000000 0.000000
764.299377 0.000000
0.000000 0.000000 0.000000 0.000000
0.000000 0.959165
8 0.020000 1.120000 0.001000
0.486000 0.396000 0.726000 0.501000 1.360000 6.610000 0.785000 0.785000
272000.000000 96.599998 0.003000
1.073000 0.050000 0.116600
0.125251 0.069164 0.000353 0.000000
0.000000

0.000000 0.725825 4.838742
0.485258 0.086533 8.763580 47.706291 205.632858
0.000000 0.000020 0.013520 0.000000 0.000000 0.000000
0.000000 0.000000 0.000000
4.008836 1.000000 0.000000
764.299377 0.000000
0.000000 0.000000 0.000000 0.000000
0.000000 0.952777
8 0.020000 1.140000 0.001000
0.486000 0.396000 0.726000 0.501000 1.360000 6.610000 0.785000 0.785000
272000.000000 96.599998 0.003000
1.073000 0.050000 0.116600
0.125269 0.069363 0.000354 0.000000
0.000000

0.000000 0.650711 4.472788
0.484291 0.086537 8.751604 47.630550 205.630569
0.000000 0.000020 0.013559 0.000000 0.000000 0.000000
0.000000 0.000000 0.000000
4.043094 1.000000 0.000000
764.299377 0.000000
0.000000 0.000000 0.000000 0.000000
0.000000 0.953165
8 0.020000 1.160000 0.001000
0.486000 0.396000 0.726000 0.501000 1.360000 6.610000 0.785000 0.785000
272000.000000 96.599998 0.003000
1.073000 0.050000 0.116600
0.125286 0.069307 0.000354 0.000000
0.000000

0.000000 0.593852 4.178448
0.483837 0.086627 8.747602 47.604538 205.630554
0.000000 0.000021 0.013686 0.000000 0.000000 0.000000
0.000000 0.000000 0.000000
4.076391 1.000000 0.000000
764.299377 0.000000
0.000000 0.000000 0.000000 0.000000
0.000000 0.974849
8 0.020000 1.180000 0.001000
0.486000 0.396000 0.726000 0.501000 1.360000 6.610000 0.785000 0.785000
272000.000000 96.599998 0.003000
1.073000 0.050000 0.116600
0.125306 0.069160 0.000353 0.000000
0.000000

0.000000 0.542640 3.913063
0.483438 0.086722 8.744884 47.582466 205.629547
0.000000 0.000021 0.013740 0.000000 0.000000 0.000000
0.000000 0.000000 0.000000
4.108756 1.000000 0.000000
764.299377 0.000000
0.000000 0.000000 0.000000 0.000000
0.000000 0.954933
8 0.020000 1.200000 0.001000
0.486000 0.396000 0.726000 0.501000 1.360000 6.610000 0.785000 0.785000
272000.000000 96.599998 0.003000
1.073000 0.050000 0.116600
0.125319 0.069043 0.000353 0.000000
0.000000

0.000000 0.496103 3.672828
0.483104 0.086825 8.743651 47.565697 205.628601
0.000000 0.000021 0.013801 0.000000 0.000000 0.000000
0.000000 0.000000 0.000000
4.140215 1.000000 0.000000
764.299377 0.000000
0.000000 0.000000 0.000000 0.000000
0.000000 0.951370
8 0.020000 1.220000 0.001000
0.486000 0.396000 0.726000 0.501000 1.360000 6.610000 0.785000 0.785000
272000.000000 96.599998 0.003000
1.073000 0.050000 0.116600
0.125338 0.069016 0.000352 0.000000
0.000000

0.000000 0.446659 3.430852
0.482520 0.086878 8.736766 47.525101 205.625824
0.000000 0.000021 0.013822 0.000000 0.000000 0.000000
0.000000 0.000000 0.000000
4.170799 1.000000 0.000000
764.299377 0.000000
0.000000 0.000000 0.000000 0.000000
0.000000 0.945053
8 0.020000 1.240000 0.001000
0.486000 0.396000 0.726000 0.501000 1.360000 6.610000 0.785000 0.785000
272000.000000 96.599998 0.003000
1.073000 0.050000 0.116600
0.125352 0.069022 0.000352 0.000000
0.000000

0.000000 0.409207 3.237123
0.482299 0.086993 8.737314 47.518017 205.624603
0.000000 0.000021 0.013882 0.000000 0.000000 0.000000
0.000000 0.000000 0.000000
4.200536 1.000000 0.000000
764.299377 0.000000
0.000000 0.000000 0.000000 0.000000
0.000000 0.939071
8 0.020000 1.260000 0.001000
0.486000 0.396000 0.726000 0.501000 1.360000 6.610000 0.785000 0.785000
272000.000000 96.599998 0.003000
1.073000 0.050000 0.116600
0.125369 0.068939 0.000352 0.000000
0.000000

0.000000 0.374911 3.060947
0.482072 0.087104 8.736646 47.510685 205.626328
0.000000 0.000021 0.013885 0.000000 0.000000 0.000000
0.000000 0.000000 0.000000
4.229454 1.000000 0.000000
764.299377 0.000000
0.000000 0.000000 0.000000 0.000000
0.000000 0.932058
8 0.020000 1.280000 0.001000
0.486000 0.396000 0.726000 0.501000 1.360000 6.610000 0.785000 0.785000
272000.000000 96.599998 0.003000
1.073000 0.050000 0.116600
0.125382 0.070931 0.000362 0.000000
0.000000

0.000000 0.344180 2.903204
0.481918 0.087224 8.737612 47.509464 205.624741
0.000000 0.000020 0.013909 0.000000 0.000000 0.000000
0.000000 0.000000 0.000000
4.257581 1.000000 0.000000
764.299377 0.000000
0.000000 0.000000 0.000000 0.000000
0.000000 0.934701
8 0.020000 1.300000 0.001000
0.486000 0.396000 0.726000 0.501000 1.360000 6.610000 0.785000 0.785000
272000.000000 96.599998 0.003000
1.073000 0.050000 0.116600
0.125397 0.069117 0.000353 0.000000
0.000000

0.000000 0.316206 2.760156
0.481772 0.087342 8.738672 47.508591 205.625336
0.000000 0.000020 0.013924 0.000000 0.000000 0.000000
0.000000 0.000000 0.000000
4.284947 1.000000 0.000000
764.299377 0.000000
0.000000 0.000000 0.000000 0.000000
0.000000 0.926187
8 0.020000 1.320000 0.001000
0.486000 0.396000 0.726000 0.501000 1.360000 6.610000 0.785000 0.785000
272000.000000 96.599998 0.003000
1.073000 0.050000 0.116600
0.125413 0.069353 0.000354 0.000000
0.000000

0.000000 0.286772 2.616494
0.481490 0.087433 8.737705 47.493721 205.623291
0.000000 0.000020 0.013941 0.000000 0.000000 0.000000
0.000000 0.000000 0.000000
4.311578 1.000000 0.000000
764.299377 0.000000
0.000000 0.000000 0.000000 0.000000
0.000000 0.971050
8 0.020000 1.340000 0.001000
0.486000 0.396000 0.726000 0.501000 1.360000 6.610000 0.785000 0.785000
272000.000000 96.599998 0.003000
1.073000 0.050000 0.116600
0.125428 0.069187 0.000353 0.000000
0.000000

0.000000 0.264084 2.500450
0.481370 0.087551 8.738422 47.495152 205.624222
0.000000 0.000020 0.013926 0.000000 0.000000 0.000000
0.000000 0.000000 0.000000
4.337502 1.000000 0.000000
764.299377 0.000000
0.000000 0.000000 0.000000 0.000000
0.000000 0.946450
8 0.020000 1.360000 0.001000
0.486000 0.396000 0.726000 0.501000 1.360000 6.610000 0.785000 0.785000
272000.000000 96.599998 0.003000
1.073000 0.050000 0.116600
0.125442 0.069080 0.000353 0.000000
0.000000

0.000000 0.243630 2.396046
0.481288 0.087674 8.740333 47.499348 205.625732
0.000000 0.000019 0.013903 0.000000 0.000000 0.000000
0.000000 0.000000 0.000000
4.362745 1.000000 0.000000
764.299377 0.000000
0.000000 0.000000 0.000000 0.000000
0.000000 0.946463
8 0.020000 1.380000 0.001000
0.486000 0.396000 0.726000 0.501000 1.360000 6.610000 0.785000 0.785000
272000.000000 96.599998 0.003000
1.073000 0.050000 0.116600
0.125455 0.069055 0.000353 0.000000
0.000000

0.000000 0.225135 2.301904
0.481228 0.087798 8.742599 47.505295 205.627960
0.000000 0.000019 0.013916 0.000000 0.000000 0.000000
0.000000 0.000000 0.000000
4.387335 1.000000 0.000000
764.299377 0.000000
0.000000 0.000000 0.000000 0.000000
0.000000 0.935952
8 0.020000 1.400000 0.001000
0.486000 0.396000 0.726000 0.501000 1.360000 6.610000 0.785000 0.785000
272000.000000 96.599998 0.003000
1.073000 0.050000 0.116600
0.125468 0.069027 0.000353 0.000000
0.000000

0.000000 0.208413 2.216940
0.481182 0.087923 8.745329 47.512074 205.629105
0.000000 0.000019 0.013866 0.000000 0.000000 0.000000
0.000000 0.000000 0.000000
4.411296 1.000000 0.000000
764.299377 0.000000
0.000000 0.000000 0.000000 0.000000
0.000000 0.917794
8 0.020000 1.420000 0.001000
0.486000 0.396000 0.726000 0.501000 1.360000 6.610000 0.785000 0.785000
272000.000000 96.599998 0.003000
1.073000 0.050000 0.116600
0.125483 0.068966 0.000352 0.000000
0.000000

0.000000 0.190847 2.131402
0.481033 0.088027 8.745221 47.509552 205.629089
0.000000 0.000018 0.013861 0.000000 0.000000 0.000000
0.000000 0.000000 0.000000
4.434656 1.000000 0.000000
764.299377 0.000000
0.000000 0.000000 0.000000 0.000000
0.000000 0.936082
8 0.020000 1.440000 0.001000
0.486000 0.396000 0.726000 0.501000 1.360000 6.610000 0.785000 0.785000
272000.000000 96.599998 0.003000
1.073000 0.050000 0.116600
0.125493 0.069065 0.000353 0.000000
0.000000

0.000000 0.177428 2.063307
0.481032 0.088156 8.748500 47.520248 205.629395
0.000000 0.000018 0.013855 0.000000 0.000000 0.000000
0.000000 0.000000 0.000000
4.457437 1.000000 0.000000
764.299377 0.000000
0.000000 0.000000 0.000000 0.000000
0.000000 0.939085
8 0.020000 1.460000 0.001000
0.486000 0.396000 0.726000 0.501000 1.360000 6.610000 0.785000 0.785000
272000.000000 96.599998 0.003000
1.073000 0.050000 0.116600
0.125508 0.069039 0.000353 0.000000
0.000000

0.000000 0.165243 2.001860
0.481041 0.088286 8.752038 47.531643 205.629898
0.000000 0.000018 0.013839 0.000000 0.000000 0.000000
0.000000 0.000000 0.000000
4.479663 1.000000 0.000000
764.299377 0.000000
0.000000 0.000000 0.000000 0.000000
0.000000 0.922145
8 0.020000 1.480000 0.001000
0.486000 0.396000 0.726000 0.501000 1.360000 6.610000 0.785000 0.785000
272000.000000 96.599998 0.003000
1.073000 0.050000 0.116600
0.125520 0.069534 0.000355 0.000000
0.000000

0.000000 0.154229 1.946181
0.481035 0.088411 8.754372 47.542328 205.631012
0.000000 0.000017 0.013762 0.000000 0.000000 0.000000
0.000000 0.000000 0.000000
4.501359 1.000000 0.000000
764.299377 0.000000
0.000000 0.000000 0.000000 0.000000
0.000000 0.927498
8 0.020000 1.500000 0.001000
0.486000 0.396000 0.726000 0.501000 1.360000 6.610000 0.785000 0.785000
272000.000000 96.599998 0.003000
1.073000 0.050000 0.116600
0.125533 0.069123 0.000353 0.000000
0.000000

0.000000 0.062794 1.609719
0.480613 0.088461 8.750909 47.516983 205.631058
0.000000 0.002584 0.097909 0.000000 0.000000 0.000000
0.000000 0.000000 0.000000
4.522546 1.000000 0.000000
764.299377 0.000000
0.000000 0.000000 0.000000 0.000000
0.000000 0.916071
8 0.020000 1.520000 0.001000
0.486000 0.396000 0.726000 0.501000 1.360000 6.610000 0.785000 0.785000
272000.000000 96.599998 0.003000
1.073000 0.050000 0.116600
0.125546 0.068991 0.000352 0.000000
0.000000

0.000000 0.061457 1.591614
0.480660 0.088593 8.754438 47.531418 205.633133
0.000000 0.007940 0.100856 0.000000 0.000000 0.000000
0.000000 0.000000 0.000000
4.543247 1.000000 0.000000
764.299377 0.000000
0.000000 0.000000 0.000000 0.000000
0.000000 0.912732
8 0.020000 1.540000 0.001000
0.486000 0.396000 0.726000 0.501000 1.360000 6.610000 0.785000 0.785000
272000.000000 96.599998 0.003000
1.073000 0.050000 0.116600
0.125558 0.069033 0.000353 0.000000
0.000000

0.000000 0.059081 1.570998
0.480667 0.088716 8.757650 47.541393 205.633774
0.000000 0.014119 0.103483 0.000000 0.000000 0.000000
0.000000 0.000000 0.000000
4.563482 1.000000 0.000000
764.299377 0.000000
0.000000 0.000000 0.000000 0.000000
0.000000 0.949729
8 0.020000 1.560000 0.001000
0.486000 0.396000 0.726000 0.501000 1.360000 6.610000 0.785000 0.785000
272000.000000 96.599998 0.003000
1.073000 0.050000 0.116600
0.125569 0.068976 0.000352 0.000000
0.000000

0.000000 0.058099 1.556726
0.480703 0.088844 8.760909 47.554550 205.635727
0.000000 0.019050 0.105730 0.000000 0.000000 0.000000
0.000000 0.000000 0.000000
4.583272 1.000000 0.000000
764.299377 0.000000
0.000000 0.000000 0.000000 0.000000
0.000000 0.917125
8 0.020000 1.580000 0.001000
0.486000 0.396000 0.726000 0.501000 1.360000 6.610000 0.785000 0.785000
272000.000000 96.599998 0.003000
1.073000 0.050000 0.116600
0.125582 0.068976 0.000352 0.000000
0.000000

0.000000 0.057282 1.544662
0.480782 0.088979 8.764454 47.572250 205.635498
0.000000 0.021967 0.107566 0.000000 0.000000 0.000000
0.000000 0.000000 0.000000
4.602635 1.000000 0.000000
764.299377 0.000000
0.000000 0.000000 0.000000 0.000000
0.000000 0.913962
8 0.020000 1.600000 0.001000
0.486000 0.396000 0.726000 0.501000 1.360000 6.610000 0.785000 0.785000
272000.000000 96.599998 0.003000
1.073000 0.050000 0.116600
0.125591 0.068992 0.000352 0.000000
0.000000

0.000000 0.056565 1.533728
0.480841 0.089109 8.768209 47.587345 205.636917
0.000000 0.023244 0.109137 0.000000 0.000000 0.000000
0.000000 0.000000 0.000000
4.621592 1.000000 0.000000
764.299377 0.000000
0.000000 0.000000 0.000000 0.000000
0.000000 0.937390
8 0.020000 1.620000 0.001000
0.486000 0.396000 0.726000 0.501000 1.360000 6.610000 0.785000 0.785000
272000.000000 96.599998 0.003000
1.073000 0.050000 0.116600
0.125605 0.069546 0.000355 0.000000
0.000000

0.000000 0.055923 1.524169
0.480912 0.089240 8.772013 47.603603 205.638184
0.000000 0.023654 0.110593 0.000000 0.000000 0.000000
0.000000 0.000000 0.000000
4.640159 1.000000 0.000000
764.299377 0.000000
0.000000 0.000000 0.000000 0.000000
0.000000 0.910462
8 0.020000 1.640000 0.001000
0.486000 0.396000 0.726000 0.501000 1.360000 6.610000 0.785000 0.785000
272000.000000 96.599998 0.003000
1.073000 0.050000 0.116600
0.125614 0.068999 0.000352 0.000000
0.000000

0.000000 0.055390 1.515886
0.480986 0.089371 8.776272 47.619755 205.639297
0.000000 0.023825 0.112023 0.000000 0.000000 0.000000
0.000000 0.000000 0.000000
4.658352 1.000000 0.000000
764.299377 0.000000
0.000000 0.000000 0.000000 0.000000
0.000000 0.901640
8 0.020000 1.660000 0.001000
0.486000 0.396000 0.726000 0.501000 1.360000 6.610000 0.785000 0.785000
272000.000000 96.599998 0.003000
1.073000 0.050000 0.116600
0.125626 0.069005 0.000352 0.000000
0.000000

0.000000 0.054249 1.505830
0.481023 0.089495 8.779089 47.632980 205.641571
0.000000 0.024077 0.113516 0.000000 0.000000 0.000000
0.000000 0.000000 0.000000
4.676189 1.000000 0.000000
764.299377 0.000000
0.000000 0.000000 0.000000 0.000000
0.000000 0.898060
8 0.020000 1.680000 0.001000
0.486000 0.396000 0.726000 0.501000 1.360000 6.610000 0.785000 0.785000
272000.000000 96.599998 0.003000
1.073000 0.050000 0.116600
0.125639 0.068958 0.000352 0.000000
0.000000

0.000000 0.053852 1.500810
0.481176 0.089639 8.784312 47.657169 205.642258
0.000000 0.024473 0.115025 0.000000 0.000000 0.000000
0.000000 0.000000 0.000000
4.693685 1.000000 0.000000
764.299377 0.000000
0.000000 0.000000 0.000000 0.000000
0.000000 0.940682
8 0.020000 1.700000 0.001000
0.486000 0.396000 0.726000 0.501000 1.360000 6.610000 0.785000 0.785000
272000.000000 96.599998 0.003000
1.073000 0.050000 0.116600
0.125656 0.068982 0.000352 0.000000
0.000000

0.000000 0.053579 1.495804
0.481273 0.089773 8.788500 47.675873 205.642807
0.000000 0.024924 0.116550 0.000000 0.000000 0.000000
0.000000 0.000000 0.000000
4.710853 1.000000 0.000000
764.299377 0.000000
0.000000 0.000000 0.000000 0.000000
0.000000 0.906561
8 0.020000 1.720000 0.001000
0.486000 0.396000 0.726000 0.501000 1.360000 6.610000 0.785000 0.785000
272000.000000 96.599998 0.003000
1.073000 0.050000 0.116600
0.125668 0.068951 0.000352 0.000000
0.000000

0.000000 0.053327 1.491406
0.481358 0.089903 8.792433 47.693203 205.643661
0.000000 0.025281 0.118014 0.000000 0.000000 0.000000
0.000000 0.000000 0.000000
4.727706 1.000000 0.000000
764.299377 0.000000
0.000000 0.000000 0.000000 0.000000
0.000000 0.927323
8 0.020000 1.740000 0.001000
0.486000 0.396000 0.726000 0.501000 1.360000 6.610000 0.785000 0.785000
272000.000000 96.599998 0.003000
1.073000 0.050000 0.116600
0.125679 0.068980 0.000352 0.000000
0.000000

0.000000 0.053157 1.488053
0.481468 0.090037 8.796796 47.713085 205.644287
0.000000 0.025428 0.119547 0.000000 0.000000 0.000000
0.000000 0.000000 0.000000
4.744258 1.000000 0.000000
764.299377 0.000000
0.000000 0.000000 0.000000 0.000000
0.000000 0.924790
8 0.020000 1.760000 0.001000
0.486000 0.396000 0.726000 0.501000 1.360000 6.610000 0.785000 0.785000
272000.000000 96.599998 0.003000
1.073000 0.050000 0.116600
0.125694 0.068926 0.000352 0.000000
0.000000

0.000000 0.053009 1.485229
0.481568 0.090169 8.801097 47.731754 205.644730
0.000000 0.025346 0.121128 0.000000 0.000000 0.000000
0.000000 0.000000 0.000000
4.760521 1.000000 0.000000
764.299377 0.000000
0.000000 0.000000 0.000000 0.000000
0.000000 0.905522
8 0.020000 1.780000 0.001000
0.486000 0.396000 0.726000 0.501000 1.360000 6.610000 0.785000 0.785000
272000.000000 96.599998 0.003000
1.073000 0.050000 0.116600
0.125709 0.068947 0.000352 0.000000
0.000000

0.000000 0.052895 1.482867
0.481664 0.090300 8.805185 47.750134 205.646713
0.000000 0.025120 0.122768 0.000000 0.000000 0.000000
0.000000 0.000000 0.000000
4.776505 1.000000 0.000000
764.299377 0.000000
0.000000 0.000000 0.000000 0.000000
0.000000 0.895128
8 0.020000 1.800000 0.001000
0.486000 0.396000 0.726000 0.501000 1.360000 6.610000 0.785000 0.785000
272000.000000 96.599998 0.003000
1.073000 0.050000 0.116600
0.125721 0.068901 0.000352 0.000000
0.000000

0.000000 0.049520 1.434277
0.481736 0.090426 8.808909 47.766647 205.647842
0.000000 0.024904 0.124862 0.000000 0.000000 0.000000
0.000000 0.000000 0.000000
4.792222 1.000000 0.000000
764.299377 0.000000
0.000000 0.000000 0.000000 0.000000
0.000000 0.930686
8 0.020000 1.820000 0.001000
0.486000 0.396000 0.726000 0.501000 1.360000 6.610000 0.785000 0.785000
272000.000000 96.599998 0.003000
1.073000 0.050000 0.116600
0.125730 0.068930 0.000352 0.000000
0.000000

0.000000 0.049817 1.437269
0.481833 0.090556 8.813127 47.784760 205.648346
0.000000 0.024781 0.126595 0.000000 0.000000 0.000000
0.000000 0.000000 0.000000
4.807678 1.000000 0.000000
764.299377 0.000000
0.000000 0.000000 0.000000 0.000000
0.000000 0.898693
8 0.020000 1.840000 0.001000
0.486000 0.396000 0.726000 0.501000 1.360000 6.610000 0.785000 0.785000
272000.000000 96.599998 0.003000
1.073000 0.050000 0.116600
0.125746 0.068872 0.000352 0.000000
0.000000

0.000000 0.050092 1.440187
0.481925 0.090684 8.817496 47.802155 205.648438
0.000000 0.024766 0.128287 0.000000 0.000000 0.000000
0.000000 0.000000 0.000000
4.822885 1.000000 0.000000
764.299377 0.000000
0.000000 0.000000 0.000000 0.000000
0.000000 0.908966
8 0.020000 1.860000 0.001000
0.486000 0.396000 0.726000 0.501000 1.360000 6.610000 0.785000 0.785000
272000.000000 96.599998 0.003000
1.073000 0.050000 0.116600
0.125755 0.068853 0.000352 0.000000
0.000000

0.000000 0.050378 1.443081
0.482014 0.090812 8.820895 47.820091 205.648254
0.000000 0.024839 0.130010 0.000000 0.000000 0.000000
0.000000 0.000000 0.000000
4.837849 1.000000 0.000000
764.299377 0.000000
0.000000 0.000000 0.000000 0.000000
0.000000 0.900677
8 0.020000 1.880000 0.001000
0.486000 0.396000 0.726000 0.501000 1.360000 6.610000 0.785000 0.785000
272000.000000 96.599998 0.003000
1.073000 0.050000 0.116600
0.125769 0.068864 0.000352 0.000000
0.000000

0.000000 0.050627 1.445632
0.482082 0.090935 8.824820 47.834900 205.649353
0.000000 0.024969 0.131533 0.000000 0.000000 0.000000
0.000000 0.000000 0.000000
4.852576 1.000000 0.000000
764.299377 0.000000
0.000000 0.000000 0.000000 0.000000
0.000000 0.912305
8 0.020000 1.900000 0.001000
0.486000 0.396000 0.726000 0.501000 1.360000 6.610000 0.785000 0.785000
272000.000000 96.599998 0.003000
1.073000 0.050000 0.116600
0.125779 0.068870 0.000352 0.000000
0.000000

0.000000 0.050906 1.448491
0.482170 0.091061 8.828640 47.852261 205.649750
0.000000 0.025120 0.133100 0.000000 0.000000 0.000000
0.000000 0.000000 0.000000
4.867075 1.000000 0.000000
764.299377 0.000000
0.000000 0.000000 0.000000 0.000000
0.000000 0.903157
8 0.020000 1.920000 0.001000
0.486000 0.396000 0.726000 0.501000 1.360000 6.610000 0.785000 0.785000
272000.000000 96.599998 0.003000
1.073000 0.050000 0.116600
0.125789 0.068857 0.000352 0.000000
0.000000

0.000000 0.051175 1.451646
0.482278 0.091191 8.832501 47.871796 205.650040
0.000000 0.025241 0.134533 0.000000 0.000000 0.000000
0.000000 0.000000 0.000000
4.881350 1.000000 0.000000
764.299377 0.000000
0.000000 0.000000 0.000000 0.000000
0.000000 0.902105
8 0.020000 1.940000 0.001000
0.486000 0.396000 0.726000 0.501000 1.360000 6.610000 0.785000 0.785000
272000.000000 96.599998 0.003000
1.073000 0.050000 0.116600
0.125804 0.068822 0.000351 0.000000
0.000000

0.000000 0.051459 1.455561
0.482434 0.091329 8.837211 47.896118 205.649872
0.000000 0.025291 0.136034 0.000000 0.000000 0.000000
0.000000 0.000000 0.000000
4.895405 1.000000 0.000000
764.299377 0.000000
0.000000 0.000000 0.000000 0.000000
0.000000 0.901069
8 0.020000 1.960000 0.001000
0.486000 0.396000 0.726000 0.501000 1.360000 6.610000 0.785000 0.785000
272000.000000 96.599998 0.003000
1.073000 0.050000 0.116600
0.125817 0.068811 0.000351 0.000000
0.000000

0.000000 0.051732 1.465064
0.482962 0.091538 8.848283 47.957764 205.646774
0.000000 0.025261 0.137585 0.000000 0.000000 0.000000
0.000000 0.000000 0.000000
4.909245 1.000000 0.000000
764.299377 0.000000
0.000000 0.000000 0.000000 0.000000
0.000000 0.900549
8 0.020000 1.980000 0.001000
0.486000 0.396000 0.726000 0.501000 1.360000 6.610000 0.785000 0.785000
272000.000000 96.599998 0.003000
1.073000 0.050000 0.116600
0.125858 0.068754 0.000351 0.000000
0.000000

0.000000 0.052019 1.480066
0.483852 0.091814 8.866989 48.054230 205.641754
0.000000 0.120531 0.182155 0.000000 0.000000 0.000000
0.000000 0.000000 0.000000
4.922873 1.000000 0.000000
764.299377 0.000000
0.000000 0.000000 0.000000 0.000000
0.000000 0.905152
8 0.020000 2.000000 0.001000
0.486000 0.396000 0.726000 0.501000 1.360000 6.610000 0.785000 0.785000
272000.000000 96.599998 0.003000
1.073000 0.050000 0.116600
0.125922 0.068790 0.000351 0.000000
0.000000
1.000000
2.000000
0.000000 0.000000
0.000000
0
-0.800000
0 0
0.000000
1
0.000000
1.000000
1.000000
1.000000
0.000000 0.000000 0.000000
0.000000 0.000000
0.000000 0.000000 0.000000 0.000000 0.000000 0.000000 0.000000
0.000000 0.000000 0.000000 0.000000 0.000000 0.000000 0.000000
241
2.000000
1
C:\DNDC\sites\Ottawa\CEFSoilc.spf
-1.000000 -1.000000
0.000000
40
40
10.000000
105
0.000000
0.000000
257
0.000000
414580.531250
1
