7
Clay_loam
0.314000 0.490000 0.006410 0.726000 0.398000 1.000000 0.000000 0.000000
1.350000 6.610000 1 0.031000 0.500000 0.050000 0.010000 0.240000 0.750000
0.000000 0.020000 2.000000 270000.000000 96.599998 100
0.233300 1.944000 3.025300 0.000000 1
10.000000 10.000000 10.000000 5.000000 25.000000 100.000000
0.000000 0.000000 0.017959 0.000000 0.000000 0.000000
500.000000 0.000000 0.000000

0.000109 29.422634 444.580353
11.394258 1.358879 104.834213 1351.119629 5637.133301
0.000000 6.038730 0.875292 1.010348 0.000454 0.000000
0.000064 0.004411 0.001464
-1.038833 0.163185 55.155865
764.299377 0.000000
2.073096 0.000000 0.000000 0.000000
0.000000 13.623038
7 0.020000 0.020000 0.031000
0.490000 0.314000 0.726000 0.398000 1.350000 6.610000 0.726000 0.726000
270000.000000 96.599998 0.006410
1.073000 0.050000 0.116600
20.510405 6.571262 0.005704 0.000000
0.000000

0.000100 25.767881 442.265350
11.632599 1.350785 100.904205 1353.639282 5638.479980
0.000000 2.120450 0.691348 0.505174 0.000101 0.000000
0.000001 0.004163 0.001433
-0.948696 0.170879 54.401814
764.299377 0.000000
1.814515 0.000000 0.000000 0.000000
0.000000 9.205492
7 0.020000 0.040000 0.031000
0.490000 0.314000 0.726000 0.398000 1.350000 6.610000 0.726000 0.726000
270000.000000 96.599998 0.006410
1.073000 0.050000 0.116600
20.478672 6.576055 0.005980 0.000000
0.000000

0.000097 24.347511 434.378021
11.807194 1.347229 99.846207 1354.204346 5638.775879
0.000000 0.990843 0.580556 0.252587 0.000101 0.000000
0.000000 0.000664 0.001169
-0.882241 0.177304 53.772202
764.299377 0.000000
1.631063 0.000000 0.000000 0.000000
0.000000 5.240011
7 0.020000 0.060000 0.031000
0.490000 0.314000 0.726000 0.398000 1.350000 6.610000 0.726000 0.726000
270000.000000 96.599998 0.006410
1.073000 0.050000 0.116600
20.470083 6.520328 0.006153 0.000000
0.000000

0.000104 26.349310 438.230164
12.004071 1.349184 102.283066 1353.118408 5637.897461
0.000000 0.684841 0.514597 0.126294 0.000101 0.000000
0.000000 0.000000 0.000000
-0.813417 0.184791 53.038437
764.299377 0.000000
1.446144 0.000000 0.000000 0.000000
0.000000 3.892557
7 0.020000 0.080000 0.031000
0.490000 0.314000 0.726000 0.398000 1.350000 6.610000 0.726000 0.726000
270000.000000 96.599998 0.006410
1.073000 0.050000 0.116600
20.489820 6.479963 0.006373 0.000000
0.000000

0.000109 27.450172 440.205444
12.206934 1.363520 103.635620 1352.535034 5637.395020
0.000000 0.441736 0.471563 0.063147 0.000101 0.000000
0.000000 0.000000 0.000000
-0.742266 0.193632 52.172047
764.299377 0.000000
1.236225 0.000000 0.000000 0.000000
0.000000 2.738917
7 0.020000 0.100000 0.025000
0.490000 0.314000 0.726000 0.398000 1.350000 6.610000 0.726000 0.726000
270000.000000 96.599998 0.006410
1.073000 0.050000 0.116600
20.500572 6.427626 0.006625 0.000000
0.000000

0.000213 64.729889 502.280457
13.049448 1.946351 137.453842 1334.114624 5624.750488
0.000000 0.161372 0.196929 0.031573 0.000102 0.000000
0.000000 0.000180 0.000004
-0.668861 0.204240 51.132454
764.299377 0.000000
0.000000 0.000000 0.000000 0.000000
0.000000 1.615105
7 0.020000 0.120000 0.025000
0.490000 0.314000 0.726000 0.398000 1.350000 6.610000 0.726000 0.726000
270000.000000 96.599998 0.006410
1.073000 0.050000 0.116600
20.737434 6.164019 0.006695 0.000000
0.000000

0.000672 13.501014 501.438019
13.511026 1.958730 215.990646 1308.329834 5602.467285
0.000000 0.108566 0.204439 0.015787 0.000000 0.000000
0.000000 0.000114 0.000002
-0.593308 0.217231 49.859333
764.299377 0.000000
0.000000 0.000000 0.000000 0.000000
0.000000 1.258413
7 0.020000 0.140000 0.025000
0.490000 0.314000 0.726000 0.398000 1.350000 6.610000 0.726000 0.726000
270000.000000 96.599998 0.006410
1.073000 0.050000 0.116600
21.142935 5.437732 0.006264 0.000000
0.000000

0.000714 28.644712 500.843201
13.501225 1.901439 216.239166 1302.161377 5602.235840
0.000000 0.044800 0.176865 0.007893 0.000000 0.000000
0.000000 0.000047 0.000001
-0.515744 0.233570 48.258179
764.299377 0.000000
0.000000 0.000000 0.000000 0.000000
0.000000 0.705266
7 0.020000 0.160000 0.025000
0.490000 0.314000 0.726000 0.398000 1.350000 6.610000 0.726000 0.726000
270000.000000 96.599998 0.006410
1.073000 0.050000 0.116600
21.149021 5.289777 0.006550 0.000000
0.000000

0.000767 28.562059 501.688019
13.553519 1.853542 217.461594 1301.398315 5601.771973
0.000000 0.018196 0.160602 0.003947 0.000000 0.000000
0.000000 0.000015 0.000000
-0.436358 0.254874 46.170345
764.299377 0.000000
0.000000 0.000000 0.000000 0.000000
0.000000 0.454082
7 0.020000 0.180000 0.020000
0.490000 0.314000 0.726000 0.398000 1.350000 6.610000 0.726000 0.726000
270000.000000 96.599998 0.006410
1.073000 0.050000 0.116600
21.158632 5.119400 0.006914 0.000000
0.000000

0.000827 28.202440 499.997070
13.606273 1.805645 219.098953 1300.565063 5601.790527
0.000000 0.074226 0.225975 0.001973 0.000000 0.000000
0.000000 0.000049 0.000001
-0.355884 0.283537 48.900341
764.299377 0.000000
0.000000 0.000000 0.000000 0.000000
0.000000 1.044799
7 0.020000 0.200000 0.020000
0.490000 0.314000 0.726000 0.398000 1.350000 6.610000 0.726000 0.726000
270000.000000 96.599998 0.006410
1.073000 0.050000 0.116600
21.163795 7.102810 0.010776 0.000000
0.000000

0.000923 30.609119 500.674347
13.689110 1.770028 220.763733 1305.884155 5598.762207
0.000000 0.514961 0.470315 0.000987 0.000000 0.000000
0.000000 0.000205 0.000004
-0.277932 0.322106 66.433655
764.299377 0.000000
0.000000 0.000000 0.000000 0.000000
0.000000 5.135158
7 0.020000 0.220000 0.020000
0.490000 0.314000 0.726000 0.398000 1.350000 6.610000 0.726000 0.726000
270000.000000 96.599998 0.006410
1.073000 0.050000 0.116600
21.204214 7.820830 0.013561 0.000000
0.000000

0.003880 27.167582 224.111526
8.741622 1.134095 141.504745 834.108948 4101.323730
0.000000 0.995689 0.418518 0.000493 0.000000 0.000000
0.000000 0.000265 0.000005
-0.206125 0.380030 60.757046
764.299377 0.000000
0.000000 0.000000 0.000000 0.000000
0.000000 7.524176
7 0.020000 0.240000 0.020000
0.490000 0.314000 0.726000 0.398000 1.350000 6.610000 0.726000 0.726000
270000.000000 96.599998 0.006410
1.073000 0.050000 0.116600
2.339211 3.360690 0.006721 0.000000
0.000000

0.003445 24.387577 203.292358
8.666994 1.128814 139.966553 827.902161 4101.039062
0.000000 1.459901 0.424350 0.000247 0.000000 0.000000
0.000000 0.000280 0.000006
-0.135489 0.490887 49.893120
764.299377 0.000000
0.000000 0.000000 0.000000 0.000000
0.000000 8.401972
7 0.020000 0.260000 0.020000
0.490000 0.314000 0.726000 0.398000 1.350000 6.610000 0.726000 0.726000
270000.000000 96.599998 0.006410
1.073000 0.050000 0.116600
2.341143 1.987197 0.005101 0.000000
0.000000

0.005479 26.283648 199.615570
8.193271 1.079579 133.943665 781.070435 3687.139893
0.000000 8.372956 0.723708 0.000123 0.000000 0.000000
0.000000 0.000209 0.000171
-0.082674 0.868839 12.853758
764.299377 0.000000
0.000000 0.000000 0.000000 0.000000
0.000000 25.435080
7 0.020000 0.280000 0.018000
0.490000 0.314000 0.726000 0.398000 1.350000 6.610000 0.726000 0.726000
270000.000000 96.599998 0.000070
1.073000 0.050000 0.116600
2.138333 2.783621 0.012682 0.000000
0.000000

0.005727 24.971355 185.597977
8.207557 1.104897 134.926636 784.366394 3685.536133
0.000000 8.513032 0.651924 0.000062 0.000000 0.000000
0.000000 0.000186 0.000152
0.042238 0.993265 0.000000
764.299377 0.000000
0.000000 0.000000 0.000000 0.000000
0.000000 9.286300
7 0.020000 0.300000 0.018000
0.490000 0.314000 0.726000 0.398000 1.350000 6.610000 0.726000 0.726000
270000.000000 96.599998 0.000070
1.073000 0.050000 0.116600
2.147264 1.567178 0.008139 0.000000
0.000000

0.005166 22.548059 168.676025
8.085273 1.133571 133.520996 776.778015 3685.401855
0.000000 7.935573 0.584565 0.000031 0.000000 0.000000
0.000000 0.000164 0.000134
0.121763 0.997054 0.000000
764.299377 0.000000
0.000000 0.000000 0.000000 0.000000
0.000000 5.167531
7 0.020000 0.320000 0.018000
0.490000 0.314000 0.726000 0.398000 1.350000 6.610000 0.726000 0.726000
270000.000000 96.599998 0.000070
1.073000 0.050000 0.116600
2.146453 1.366423 0.007116 0.000000
0.000000

0.005347 21.401033 155.681702
7.314284 1.065577 122.413086 705.091003 3218.513672
0.000000 7.201163 0.514749 0.000015 0.000000 0.000000
0.000000 0.000144 0.000117
0.202527 0.995818 0.000000
764.299377 0.000000
0.000000 0.000000 0.000000 0.000000
0.000000 3.929401
8 0.020000 0.340000 0.015500
0.483000 0.377000 0.726000 0.484000 1.370000 6.610000 0.770000 0.770000
274000.000000 96.599998 0.000070
1.073000 0.050000 0.116600
1.894514 1.188643 0.005999 0.000000
0.000000

0.004789 19.304897 141.569992
7.217122 1.090372 121.327957 699.165283 3218.464111
0.000000 6.683407 0.492926 0.000008 0.000000 0.000000
0.000000 0.000126 0.000103
0.284430 0.996060 0.000000
764.299377 0.000000
0.000000 0.000000 0.000000 0.000000
0.000000 3.646574
8 0.020000 0.360000 0.015500
0.483000 0.377000 0.726000 0.484000 1.370000 6.610000 0.770000 0.770000
274000.000000 96.599998 0.000070
1.073000 0.050000 0.116600
1.894031 1.145888 0.005783 0.000000
0.000000

0.004303 17.402784 128.761261
7.124900 1.114140 120.296478 693.555908 3218.506836
0.000000 6.339478 0.480328 0.000004 0.000000 0.000000
0.000000 0.000111 0.000091
0.366990 0.996103 0.000000
764.299377 0.000000
0.000000 0.000000 0.000000 0.000000
0.000000 3.727175
8 0.020000 0.380000 0.015500
0.483000 0.377000 0.726000 0.484000 1.370000 6.610000 0.770000 0.770000
274000.000000 96.599998 0.000070
1.073000 0.050000 0.116600
1.893398 1.136304 0.005735 0.000000
0.000000

0.003870 15.688461 117.189743
7.038432 1.137147 119.356628 688.335388 3218.513184
0.000000 5.906790 0.469202 0.000002 0.000000 0.000000
0.000000 0.000098 0.000080
0.450042 0.996077 0.000000
764.299377 0.000000
0.000000 0.000000 0.000000 0.000000
0.000000 3.937711
8 0.020000 0.400000 0.015500
0.483000 0.377000 0.726000 0.484000 1.370000 6.610000 0.770000 0.770000
274000.000000 96.599998 0.000070
1.073000 0.050000 0.116600
1.892751 1.135254 0.005729 0.000000
0.000000

0.003491 14.172836 106.862267
6.964583 1.160676 118.623405 684.195801 3218.548584
0.000000 5.260640 0.456926 0.000001 0.000000 0.000000
0.000000 0.000085 0.000070
0.533421 0.996081 0.000000
764.299377 0.000000
0.000000 0.000000 0.000000 0.000000
0.000000 4.181664
8 0.020000 0.420000 0.015500
0.483000 0.377000 0.726000 0.484000 1.370000 6.610000 0.770000 0.770000
274000.000000 96.599998 0.000070
1.073000 0.050000 0.116600
1.892602 1.134924 0.005728 0.000000
0.000000

0.003150 12.810628 97.539108
6.895864 1.183676 117.946091 680.445312 3218.617920
0.000000 4.450039 0.444184 0.000000 0.000000 0.000000
0.000000 0.000073 0.000060
0.616968 0.996110 0.000000
764.299377 0.000000
0.000000 0.000000 0.000000 0.000000
0.000000 4.416274
8 0.020000 0.440000 0.015500
0.483000 0.377000 0.726000 0.484000 1.370000 6.610000 0.770000 0.770000
274000.000000 96.599998 0.000070
1.073000 0.050000 0.116600
1.892455 1.135571 0.005731 0.000000
0.000000

0.002844 11.589116 89.164864
6.834660 1.206688 117.373039 677.325806 3218.649658
0.000000 3.608921 0.432686 0.000000 0.000000 0.000000
0.000000 0.000062 0.000051
0.700534 0.996142 0.000000
764.299377 0.000000
0.000000 0.000000 0.000000 0.000000
0.000000 4.615769
8 0.020000 0.460000 0.015500
0.483000 0.377000 0.726000 0.484000 1.370000 6.610000 0.770000 0.770000
274000.000000 96.599998 0.000070
1.073000 0.050000 0.116600
1.892525 1.132813 0.005717 0.000000
0.000000

0.002575 10.481302 81.567039
6.777413 1.229210 116.860077 674.481689 3218.694336
0.000000 2.874386 0.423796 0.000000 0.000000 0.000000
0.000000 0.000052 0.000043
0.783978 0.996168 0.000000
764.299377 0.000000
0.000000 0.000000 0.000000 0.000000
0.000000 4.772120
8 0.020000 0.480000 0.015500
0.483000 0.377000 0.726000 0.484000 1.370000 6.610000 0.770000 0.770000
274000.000000 96.599998 0.000070
1.073000 0.050000 0.116600
1.892574 1.132276 0.005715 0.000000
0.000000

0.002329 9.485105 74.735863
6.726524 1.251781 116.432274 672.177795 3218.759766
0.000000 2.272849 0.416135 0.000000 0.000000 0.000000
0.000000 0.000044 0.000036
0.867172 0.996183 0.000000
764.299377 0.000000
0.000000 0.000000 0.000000 0.000000
0.000000 4.893499
8 0.020000 0.500000 0.015500
0.483000 0.377000 0.726000 0.484000 1.370000 6.610000 0.770000 0.770000
274000.000000 96.599998 0.000070
1.073000 0.050000 0.116600
1.892821 1.131778 0.005712 0.000000
0.000000

0.002110 8.592494 68.592499
6.680429 1.274223 116.061325 670.271667 3218.789307
0.000000 1.803822 0.409990 0.000000 0.000000 0.000000
0.000000 0.000036 0.000029
0.949998 0.996188 0.000000
764.299377 0.000000
0.000000 0.000000 0.000000 0.000000
0.000000 4.986079
8 0.020000 0.520000 0.015500
0.483000 0.377000 0.726000 0.484000 1.370000 6.610000 0.770000 0.770000
274000.000000 96.599998 0.000070
1.073000 0.050000 0.116600
1.893143 1.131366 0.005710 0.000000
0.000000

0.000814 6.004288 52.085720
3.347613 0.654303 57.351845 337.045746 1664.785034
0.000000 1.533570 0.259084 0.000000 0.000000 0.000000
0.000000 0.000030 0.000024
1.037353 0.770000 0.000000
764.299377 0.000000
0.000000 0.000000 0.000000 0.000000
0.000000 4.715979
8 0.020000 0.540000 0.008000
0.483000 0.377000 0.726000 0.484000 1.370000 6.610000 0.770000 0.770000
274000.000000 96.599998 0.002410
1.073000 0.050000 0.116600
0.962231 0.715554 0.002785 0.000000
0.000000

0.000774 5.518698 47.820744
3.323435 0.666458 57.288765 336.012421 1664.635742
0.000000 1.218244 0.260779 0.000000 0.000000 0.000000
0.000000 0.000024 0.000020
1.129830 0.770000 0.000000
764.299377 0.000000
0.000000 0.000000 0.000000 0.000000
0.000000 4.462438
8 0.020000 0.560000 0.008000
0.483000 0.377000 0.726000 0.484000 1.370000 6.610000 0.770000 0.770000
274000.000000 96.599998 0.002410
1.073000 0.050000 0.116600
0.963173 0.625831 0.002435 0.000000
0.000000

0.000732 5.074951 43.992527
3.303918 0.679096 57.283470 335.420715 1664.439087
0.000000 0.987233 0.260773 0.000000 0.000000 0.000000
0.000000 0.000019 0.000016
1.221682 0.770000 0.000000
764.299377 0.000000
0.000000 0.000000 0.000000 0.000000
0.000000 4.315858
8 0.020000 0.580000 0.008000
0.483000 0.377000 0.726000 0.484000 1.370000 6.610000 0.770000 0.770000
274000.000000 96.599998 0.002410
1.073000 0.050000 0.116600
0.964275 0.609263 0.002370 0.000000
0.000000

0.000697 4.675648 40.540874
3.288250 0.692126 57.334454 335.184265 1664.210205
0.000000 0.916732 0.263596 0.000000 0.000000 0.000000
0.000000 0.000017 0.000014
1.312827 0.770000 0.000000
764.299377 0.000000
0.000000 0.000000 0.000000 0.000000
0.000000 4.247531
8 0.020000 0.600000 0.008000
0.483000 0.377000 0.726000 0.484000 1.370000 6.610000 0.770000 0.770000
274000.000000 96.599998 0.002410
1.073000 0.050000 0.116600
0.965489 0.606950 0.002361 0.000000
0.000000

0.000669 4.312497 37.391071
3.273674 0.705022 57.449238 334.971527 1664.031006
0.000000 1.105284 0.275245 0.000000 0.000000 0.000000
0.000000 0.000016 0.000013
1.403189 0.770000 0.000000
764.299377 0.000000
0.000000 0.000000 0.000000 0.000000
0.000000 4.204012
8 0.020000 0.620000 0.008000
0.483000 0.377000 0.726000 0.484000 1.370000 6.610000 0.770000 0.770000
274000.000000 96.599998 0.002410
1.073000 0.050000 0.116600
0.966629 0.602563 0.002344 0.000000
0.000000

0.000653 3.993849 34.581512
3.262455 0.718305 57.584385 335.100891 1663.838135
0.000000 1.134584 0.279082 0.000000 0.000000 0.000000
0.000000 0.000014 0.000012
1.492705 0.770000 0.000000
764.299377 0.000000
0.000000 0.000000 0.000000 0.000000
0.000000 4.159819
8 0.020000 0.640000 0.008000
0.483000 0.377000 0.726000 0.484000 1.370000 6.610000 0.770000 0.770000
274000.000000 96.599998 0.002410
1.073000 0.050000 0.116600
0.967886 0.599227 0.002331 0.000000
0.000000

0.000642 3.706349 32.050976
3.249951 0.730471 57.761501 335.446716 1663.608154
0.000000 0.990636 0.279125 0.000000 0.000000 0.000000
0.000000 0.000012 0.000010
1.577101 0.942604 0.000000
764.299377 0.000000
0.000000 0.000000 0.000000 0.000000
0.000000 4.156157
8 0.020000 0.660000 0.008000
0.483000 0.377000 0.726000 0.484000 1.370000 6.610000 0.770000 0.770000
274000.000000 96.599998 0.002410
1.073000 0.050000 0.116600
0.969198 0.596324 0.002840 0.000000
0.000000

0.000630 3.444083 29.798574
3.245383 0.743180 58.036972 336.286133 1663.343262
0.000000 0.965793 0.281337 0.000000 0.000000 0.000000
0.000000 0.000011 0.000009
1.655522 1.000000 0.000000
764.299377 0.000000
0.000000 0.000000 0.000000 0.000000
0.000000 4.112118
8 0.020000 0.680000 0.008000
0.483000 0.377000 0.726000 0.484000 1.370000 6.610000 0.770000 0.770000
274000.000000 96.599998 0.002410
1.073000 0.050000 0.116600
0.970770 0.600445 0.003034 0.000000
0.000000

0.000620 3.208627 27.798241
3.247005 0.756773 58.359013 337.488068 1663.019897
0.000000 1.187661 0.290765 0.000000 0.000000 0.000000
0.000000 0.000010 0.000008
1.731771 1.000000 0.000000
764.299377 0.000000
0.000000 0.000000 0.000000 0.000000
0.000000 4.076566
8 0.020000 0.700000 0.008000
0.483000 0.377000 0.726000 0.484000 1.370000 6.610000 0.770000 0.770000
274000.000000 96.599998 0.002410
1.073000 0.050000 0.116600
0.972518 0.597050 0.003016 0.000000
0.000000

0.000627 2.460788 23.934355
3.253697 0.771396 58.800816 339.203674 1662.675781
0.000000 1.157832 0.305832 0.000000 0.000000 0.000000
0.000000 0.000009 0.000007
1.806913 1.000000 0.000000
764.299377 0.000000
0.000000 0.000000 0.000000 0.000000
0.000000 4.218145
8 0.020000 0.720000 0.008000
0.483000 0.377000 0.726000 0.484000 1.370000 6.610000 0.770000 0.770000
274000.000000 96.599998 0.002410
1.073000 0.050000 0.116600
0.974604 0.598049 0.003021 0.000000
0.000000

0.000721 2.450590 21.193998
2.082428 0.501873 38.007771 217.464035 1031.202881
0.000000 0.977850 0.223455 0.000000 0.000000 0.000000
0.000000 0.000007 0.000006
1.880810 1.000000 0.000000
764.299377 0.000000
0.000000 0.000000 0.000000 0.000000
0.000000 3.400137
8 0.020000 0.740000 0.005000
0.486000 0.396000 0.726000 0.501000 1.360000 6.610000 0.785000 0.785000
272000.000000 96.599998 0.003000
1.073000 0.050000 0.116600
0.608237 0.387010 0.001980 0.000000
0.000000

0.000742 2.339748 19.950027
2.088868 0.511525 38.333431 218.740952 1030.859863
0.000000 0.820233 0.222946 0.000000 0.000000 0.000000
0.000000 0.000006 0.000005
1.953451 1.000000 0.000000
764.299377 0.000000
0.000000 0.000000 0.000000 0.000000
0.000000 3.146756
8 0.020000 0.760000 0.005000
0.486000 0.396000 0.726000 0.501000 1.360000 6.610000 0.785000 0.785000
272000.000000 96.599998 0.003000
1.073000 0.050000 0.116600
0.609775 0.372723 0.001907 0.000000
0.000000

0.000769 2.243715 18.850996
2.096809 0.521479 38.657120 220.196899 1030.564087
0.000000 0.770818 0.224251 0.000000 0.000000 0.000000
0.000000 0.000005 0.000004
2.024932 1.000000 0.000000
764.299377 0.000000
0.000000 0.000000 0.000000 0.000000
0.000000 3.054816
8 0.020000 0.780000 0.005000
0.486000 0.396000 0.726000 0.501000 1.360000 6.610000 0.785000 0.785000
272000.000000 96.599998 0.003000
1.073000 0.050000 0.116600
0.611351 0.369087 0.001888 0.000000
0.000000

0.000803 2.092936 17.671288
2.105686 0.531613 39.011246 221.735153 1030.196533
0.000000 0.870714 0.229128 0.000000 0.000000 0.000000
0.000000 0.000005 0.000004
2.095244 1.000000 0.000000
764.299377 0.000000
0.000000 0.000000 0.000000 0.000000
0.000000 2.996207
8 0.020000 0.800000 0.005000
0.486000 0.396000 0.726000 0.501000 1.360000 6.610000 0.785000 0.785000
272000.000000 96.599998 0.003000
1.073000 0.050000 0.116600
0.613087 0.364543 0.001865 0.000000
0.000000

0.000000 1.368643 14.707320
2.115474 0.541950 39.381390 223.399368 1029.824097
0.000000 1.814901 0.243162 0.000000 0.000000 0.000000
0.000000 0.000006 0.000005
2.164383 1.000000 0.000000
764.299377 0.000000
0.000000 0.000000 0.000000 0.000000
0.000000 2.958172
8 0.020000 0.820000 0.005000
0.486000 0.396000 0.726000 0.501000 1.360000 6.610000 0.785000 0.785000
272000.000000 96.599998 0.003000
1.073000 0.050000 0.116600
0.614983 0.360500 0.001844 0.000000
0.000000

0.000000 1.306383 14.078695
2.127513 0.552807 39.816093 225.234787 1029.516235
0.000000 1.078195 0.238168 0.000000 0.000000 0.000000
0.000000 0.000004 0.000003
2.232350 1.000000 0.000000
764.299377 0.000000
0.000000 0.000000 0.000000 0.000000
0.000000 2.915809
8 0.020000 0.840000 0.005000
0.486000 0.396000 0.726000 0.501000 1.360000 6.610000 0.785000 0.785000
272000.000000 96.599998 0.003000
1.073000 0.050000 0.116600
0.616594 0.357839 0.001830 0.000000
0.000000

0.000000 1.187512 13.301206
2.134326 0.562263 40.211155 226.457062 1029.251343
0.000000 0.915264 0.236588 0.000000 0.000000 0.000000
0.000000 0.000003 0.000003
2.299146 1.000000 0.000000
764.299377 0.000000
0.000000 0.000000 0.000000 0.000000
0.000000 2.971198
8 0.020000 0.860000 0.005000
0.486000 0.396000 0.726000 0.501000 1.360000 6.610000 0.785000 0.785000
272000.000000 96.599998 0.003000
1.073000 0.050000 0.116600
0.617917 0.357709 0.001830 0.000000
0.000000

0.000000 1.125996 12.737693
2.139796 0.571295 40.544685 227.562637 1029.079834
0.000000 1.007265 0.241135 0.000000 0.000000 0.000000
0.000000 0.000003 0.000003
2.364779 1.000000 0.000000
764.299377 0.000000
0.000000 0.000000 0.000000 0.000000
0.000000 2.735242
8 0.020000 0.880000 0.005000
0.486000 0.396000 0.726000 0.501000 1.360000 6.610000 0.785000 0.785000
272000.000000 96.599998 0.003000
1.073000 0.050000 0.116600
0.618954 0.353843 0.001810 0.000000
0.000000

0.000000 1.061597 12.207732
2.144196 0.579968 40.810360 228.594742 1028.926758
0.000000 0.973197 0.243172 0.000000 0.000000 0.000000
0.000000 0.000003 0.000002
2.429259 1.000000 0.000000
764.299377 0.000000
0.000000 0.000000 0.000000 0.000000
0.000000 2.695238
8 0.020000 0.900000 0.005000
0.486000 0.396000 0.726000 0.501000 1.360000 6.610000 0.785000 0.785000
272000.000000 96.599998 0.003000
1.073000 0.050000 0.116600
0.619888 0.352886 0.001805 0.000000
0.000000

0.000000 0.881763 11.031370
2.149960 0.588944 41.092278 229.784576 1028.686157
0.000000 0.803103 0.242252 0.000000 0.000000 0.000000
0.000000 0.000002 0.000002
2.492596 1.000000 0.000000
764.299377 0.000000
0.000000 0.000000 0.000000 0.000000
0.000000 2.662346
8 0.020000 0.920000 0.005000
0.486000 0.396000 0.726000 0.501000 1.360000 6.610000 0.785000 0.785000
272000.000000 96.599998 0.003000
1.073000 0.050000 0.116600
0.621066 0.353712 0.001809 0.000000
0.000000

0.000000 0.842104 6.607365
0.446164 0.123693 8.554869 47.747524 205.724548
0.000000 0.702558 0.122168 0.000000 0.000000 0.000000
0.000000 0.000002 0.000002
2.554805 1.000000 0.000000
764.299377 0.000000
0.000000 0.000000 0.000000 0.000000
0.000000 1.449626
8 0.020000 0.940000 0.001000
0.486000 0.396000 0.726000 0.501000 1.360000 6.610000 0.785000 0.785000
272000.000000 96.599998 0.003000
1.073000 0.050000 0.116600
0.124475 0.077898 0.000398 0.000000
0.000000

0.000000 0.821285 6.235690
0.447517 0.125567 8.623031 48.001770 205.664963
0.000000 0.505411 0.124243 0.000000 0.000000 0.000000
0.000000 0.000001 0.000001
2.615901 1.000000 0.000000
764.299377 0.000000
0.000000 0.000000 0.000000 0.000000
0.000000 1.223260
8 0.020000 0.960000 0.001000
0.486000 0.396000 0.726000 0.501000 1.360000 6.610000 0.785000 0.785000
272000.000000 96.599998 0.003000
1.073000 0.050000 0.116600
0.124785 0.071752 0.000366 0.000000
0.000000

0.000000 0.822467 5.947187
0.450060 0.127766 8.740203 48.355286 205.583221
0.000000 0.361046 0.139653 0.000000 0.000000 0.000000
0.000000 0.000001 0.000001
2.675901 1.000000 0.000000
764.299377 0.000000
0.000000 0.000000 0.000000 0.000000
0.000000 1.076907
8 0.020000 0.980000 0.001000
0.486000 0.396000 0.726000 0.501000 1.360000 6.610000 0.785000 0.785000
272000.000000 96.599998 0.003000
1.073000 0.050000 0.116600
0.125172 0.069794 0.000356 0.000000
0.000000

0.000000 0.801833 5.643141
0.453912 0.130338 8.905282 48.828205 205.477539
0.000000 0.315485 0.131882 0.000000 0.000000 0.000000
0.000000 0.000001 0.000001
2.734822 1.000000 0.000000
764.299377 0.000000
0.000000 0.000000 0.000000 0.000000
0.000000 1.250866
8 0.020000 1.000000 0.001000
0.486000 0.396000 0.726000 0.501000 1.360000 6.610000 0.785000 0.785000
272000.000000 96.599998 0.003000
1.073000 0.050000 0.116600
0.125699 0.069288 0.000354 0.000000
0.000000

0.000000 0.753369 5.303791
0.453998 0.131820 8.957742 48.934498 205.439880
0.000000 0.357011 0.129188 0.000000 0.000000 0.000000
0.000000 0.000001 0.000001
2.792683 1.000000 0.000000
764.299377 0.000000
0.000000 0.000000 0.000000 0.000000
0.000000 0.976151
8 0.020000 1.020000 0.001000
0.486000 0.396000 0.726000 0.501000 1.360000 6.610000 0.785000 0.785000
272000.000000 96.599998 0.003000
1.073000 0.050000 0.116600
0.125854 0.068682 0.000351 0.000000
0.000000

0.000000 0.699647 4.966521
0.453002 0.132964 8.961539 48.949417 205.423477
0.000000 0.410494 0.127170 0.000000 0.000000 0.000000
0.000000 0.000001 0.000001
2.849503 1.000000 0.000000
764.299377 0.000000
0.000000 0.000000 0.000000 0.000000
0.000000 0.971869
8 0.020000 1.040000 0.001000
0.486000 0.396000 0.726000 0.501000 1.360000 6.610000 0.785000 0.785000
272000.000000 96.599998 0.003000
1.073000 0.050000 0.116600
0.125923 0.068589 0.000350 0.000000
0.000000

0.000000 0.609177 4.570801
0.450776 0.133718 8.941690 48.829456 205.419693
0.000000 0.408380 0.124603 0.000000 0.000000 0.000000
0.000000 0.000001 0.000001
2.905300 1.000000 0.000000
764.299377 0.000000
0.000000 0.000000 0.000000 0.000000
0.000000 0.971496
8 0.020000 1.060000 0.001000
0.486000 0.396000 0.726000 0.501000 1.360000 6.610000 0.785000 0.785000
272000.000000 96.599998 0.003000
1.073000 0.050000 0.116600
0.125938 0.068518 0.000350 0.000000
0.000000

0.000000 0.559638 4.284600
0.449309 0.134664 8.935617 48.787479 205.417496
0.000000 0.340424 0.121137 0.000000 0.000000 0.000000
0.000000 0.000000 0.000000
2.960095 1.000000 0.000000
764.299377 0.000000
0.000000 0.000000 0.000000 0.000000
0.000000 0.965955
8 0.020000 1.080000 0.001000
0.486000 0.396000 0.726000 0.501000 1.360000 6.610000 0.785000 0.785000
272000.000000 96.599998 0.003000
1.073000 0.050000 0.116600
0.125955 0.068782 0.000351 0.000000
0.000000

0.000000 0.514345 4.024722
0.447889 0.135595 8.929989 48.747952 205.417160
0.000000 0.240969 0.116272 0.000000 0.000000 0.000000
0.000000 0.000000 0.000000
3.013906 1.000000 0.000000
764.299377 0.000000
0.000000 0.000000 0.000000 0.000000
0.000000 1.040848
8 0.020000 1.100000 0.001000
0.486000 0.396000 0.726000 0.501000 1.360000 6.610000 0.785000 0.785000
272000.000000 96.599998 0.003000
1.073000 0.050000 0.116600
0.125969 0.068525 0.000350 0.000000
0.000000

0.000000 0.473365 3.789909
0.446548 0.136522 8.925240 48.714581 205.417038
0.000000 0.148873 0.110030 0.000000 0.000000 0.000000
0.000000 0.000000 0.000000
3.066754 1.000000 0.000000
764.299377 0.000000
0.000000 0.000000 0.000000 0.000000
0.000000 0.981471
8 0.020000 1.120000 0.001000
0.486000 0.396000 0.726000 0.501000 1.360000 6.610000 0.785000 0.785000
272000.000000 96.599998 0.003000
1.073000 0.050000 0.116600
0.125979 0.068452 0.000350 0.000000
0.000000

0.000000 0.435926 3.577009
0.445261 0.137437 8.921153 48.684616 205.417130
0.000000 0.083822 0.102869 0.000000 0.000000 0.000000
0.000000 0.000000 0.000000
3.118659 1.000000 0.000000
764.299377 0.000000
0.000000 0.000000 0.000000 0.000000
0.000000 0.964993
8 0.020000 1.140000 0.001000
0.486000 0.396000 0.726000 0.501000 1.360000 6.610000 0.785000 0.785000
272000.000000 96.599998 0.003000
1.073000 0.050000 0.116600
0.125994 0.068637 0.000351 0.000000
0.000000

0.000000 0.383751 3.342939
0.443713 0.138246 8.910984 48.625042 205.414871
0.000000 0.046157 0.096029 0.000000 0.000000 0.000000
0.000000 0.000000 0.000000
3.169638 1.000000 0.000000
764.299377 0.000000
0.000000 0.000000 0.000000 0.000000
0.000000 0.957846
8 0.020000 1.160000 0.001000
0.486000 0.396000 0.726000 0.501000 1.360000 6.610000 0.785000 0.785000
272000.000000 96.599998 0.003000
1.073000 0.050000 0.116600
0.126008 0.068599 0.000350 0.000000
0.000000

0.000000 0.354620 3.173168
0.442605 0.139163 8.909478 48.609688 205.414734
0.000000 0.027219 0.090889 0.000000 0.000000 0.000000
0.000000 0.000000 0.000000
3.219712 1.000000 0.000000
764.299377 0.000000
0.000000 0.000000 0.000000 0.000000
0.000000 0.991615
8 0.020000 1.180000 0.001000
0.486000 0.396000 0.726000 0.501000 1.360000 6.610000 0.785000 0.785000
272000.000000 96.599998 0.003000
1.073000 0.050000 0.116600
0.126024 0.068429 0.000349 0.000000
0.000000

0.000000 0.328306 3.019734
0.441527 0.140066 8.908164 48.595528 205.414261
0.000000 0.018478 0.088034 0.000000 0.000000 0.000000
0.000000 0.000000 0.000000
3.268899 1.000000 0.000000
764.299377 0.000000
0.000000 0.000000 0.000000 0.000000
0.000000 0.964733
8 0.020000 1.200000 0.001000
0.486000 0.396000 0.726000 0.501000 1.360000 6.610000 0.785000 0.785000
272000.000000 96.599998 0.003000
1.073000 0.050000 0.116600
0.126035 0.068331 0.000349 0.000000
0.000000

0.000000 0.304504 2.881440
0.440525 0.140967 8.908322 48.587105 205.412354
0.000000 0.014604 0.086865 0.000000 0.000000 0.000000
0.000000 0.000000 0.000000
3.317216 1.000000 0.000000
764.299377 0.000000
0.000000 0.000000 0.000000 0.000000
0.000000 0.963978
8 0.020000 1.220000 0.001000
0.486000 0.396000 0.726000 0.501000 1.360000 6.610000 0.785000 0.785000
272000.000000 96.599998 0.003000
1.073000 0.050000 0.116600
0.126051 0.068308 0.000349 0.000000
0.000000

0.000000 0.271278 2.728309
0.439313 0.141777 8.903556 48.554264 205.410034
0.000000 0.012981 0.087019 0.000000 0.000000 0.000000
0.000000 0.000000 0.000000
3.364682 1.000000 0.000000
764.299377 0.000000
0.000000 0.000000 0.000000 0.000000
0.000000 0.967535
8 0.020000 1.240000 0.001000
0.486000 0.396000 0.726000 0.501000 1.360000 6.610000 0.785000 0.785000
272000.000000 96.599998 0.003000
1.073000 0.050000 0.116600
0.126063 0.068319 0.000349 0.000000
0.000000

0.000000 0.252701 2.617895
0.438404 0.142661 8.903787 48.552834 205.409149
0.000000 0.012431 0.088107 0.000000 0.000000 0.000000
0.000000 0.000000 0.000000
3.411314 1.000000 0.000000
764.299377 0.000000
0.000000 0.000000 0.000000 0.000000
0.000000 0.959662
8 0.020000 1.260000 0.001000
0.486000 0.396000 0.726000 0.501000 1.360000 6.610000 0.785000 0.785000
272000.000000 96.599998 0.003000
1.073000 0.050000 0.116600
0.126077 0.068247 0.000349 0.000000
0.000000

0.000000 0.235725 2.517815
0.437520 0.143529 8.904702 48.551540 205.409393
0.000000 0.012465 0.089610 0.000000 0.000000 0.000000
0.000000 0.000000 0.000000
3.457129 1.000000 0.000000
764.299377 0.000000
0.000000 0.000000 0.000000 0.000000
0.000000 0.952530
8 0.020000 1.280000 0.001000
0.486000 0.396000 0.726000 0.501000 1.360000 6.610000 0.785000 0.785000
272000.000000 96.599998 0.003000
1.073000 0.050000 0.116600
0.126089 0.070245 0.000359 0.000000
0.000000

0.000000 0.220529 2.427979
0.436686 0.144392 8.906274 48.553810 205.407913
0.000000 0.012909 0.091399 0.000000 0.000000 0.000000
0.000000 0.000000 0.000000
3.502140 1.000000 0.000000
764.299377 0.000000
0.000000 0.000000 0.000000 0.000000
0.000000 0.946777
8 0.020000 1.300000 0.001000
0.486000 0.396000 0.726000 0.501000 1.360000 6.610000 0.785000 0.785000
272000.000000 96.599998 0.003000
1.073000 0.050000 0.116600
0.126100 0.068415 0.000349 0.000000
0.000000

0.000000 0.206634 2.346542
0.435873 0.145239 8.907963 48.556396 205.408234
0.000000 0.013674 0.093302 0.000000 0.000000 0.000000
0.000000 0.000000 0.000000
3.546366 1.000000 0.000000
764.299377 0.000000
0.000000 0.000000 0.000000 0.000000
0.000000 0.974783
8 0.020000 1.320000 0.001000
0.486000 0.396000 0.726000 0.501000 1.360000 6.610000 0.785000 0.785000
272000.000000 96.599998 0.003000
1.073000 0.050000 0.116600
0.126115 0.068669 0.000351 0.000000
0.000000

0.000000 0.187512 2.256582
0.434951 0.146028 8.906634 48.545761 205.406067
0.000000 0.014708 0.095414 0.000000 0.000000 0.000000
0.000000 0.000000 0.000000
3.589821 1.000000 0.000000
764.299377 0.000000
0.000000 0.000000 0.000000 0.000000
0.000000 0.950617
8 0.020000 1.340000 0.001000
0.486000 0.396000 0.726000 0.501000 1.360000 6.610000 0.785000 0.785000
272000.000000 96.599998 0.003000
1.073000 0.050000 0.116600
0.126127 0.068477 0.000350 0.000000
0.000000

0.000000 0.176615 2.191309
0.434180 0.146845 8.907131 48.550541 205.406815
0.000000 0.015808 0.097123 0.000000 0.000000 0.000000
0.000000 0.000000 0.000000
3.632518 1.000000 0.000000
764.299377 0.000000
0.000000 0.000000 0.000000 0.000000
0.000000 0.956216
8 0.020000 1.360000 0.001000
0.486000 0.396000 0.726000 0.501000 1.360000 6.610000 0.785000 0.785000
272000.000000 96.599998 0.003000
1.073000 0.050000 0.116600
0.126138 0.068379 0.000349 0.000000
0.000000

0.000000 0.166778 2.132619
0.433442 0.147653 8.907634 48.557564 205.408096
0.000000 0.016768 0.099006 0.000000 0.000000 0.000000
0.000000 0.000000 0.000000
3.674472 1.000000 0.000000
764.299377 0.000000
0.000000 0.000000 0.000000 0.000000
0.000000 0.955696
8 0.020000 1.380000 0.001000
0.486000 0.396000 0.726000 0.501000 1.360000 6.610000 0.785000 0.785000
272000.000000 96.599998 0.003000
1.073000 0.050000 0.116600
0.126149 0.068364 0.000349 0.000000
0.000000

0.000000 0.157929 2.079921
0.432733 0.148449 8.908713 48.565704 205.410156
0.000000 0.017354 0.100658 0.000000 0.000000 0.000000
0.000000 0.000000 0.000000
3.715696 1.000000 0.000000
764.299377 0.000000
0.000000 0.000000 0.000000 0.000000
0.000000 0.948442
8 0.020000 1.400000 0.001000
0.486000 0.396000 0.726000 0.501000 1.360000 6.610000 0.785000 0.785000
272000.000000 96.599998 0.003000
1.073000 0.050000 0.116600
0.126159 0.068344 0.000349 0.000000
0.000000

0.000000 0.149907 2.032326
0.432043 0.149232 8.910752 48.573280 205.411255
0.000000 0.017544 0.102135 0.000000 0.000000 0.000000
0.000000 0.000000 0.000000
3.756202 1.000000 0.000000
764.299377 0.000000
0.000000 0.000000 0.000000 0.000000
0.000000 0.944062
8 0.020000 1.420000 0.001000
0.486000 0.396000 0.726000 0.501000 1.360000 6.610000 0.785000 0.785000
272000.000000 96.599998 0.003000
1.073000 0.050000 0.116600
0.126170 0.068301 0.000349 0.000000
0.000000

0.000000 0.138996 1.979851
0.431291 0.149973 8.911702 48.571915 205.410614
0.000000 0.017507 0.103524 0.000000 0.000000 0.000000
0.000000 0.000000 0.000000
3.796001 1.000000 0.000000
764.299377 0.000000
0.000000 0.000000 0.000000 0.000000
0.000000 0.952523
8 0.020000 1.440000 0.001000
0.486000 0.396000 0.726000 0.501000 1.360000 6.610000 0.785000 0.785000
272000.000000 96.599998 0.003000
1.073000 0.050000 0.116600
0.126180 0.068382 0.000349 0.000000
0.000000

0.000000 0.132818 1.942286
0.430653 0.150733 8.914622 48.581364 205.410995
0.000000 0.017456 0.104942 0.000000 0.000000 0.000000
0.000000 0.000000 0.000000
3.835107 1.000000 0.000000
764.299377 0.000000
0.000000 0.000000 0.000000 0.000000
0.000000 0.946695
8 0.020000 1.460000 0.001000
0.486000 0.396000 0.726000 0.501000 1.360000 6.610000 0.785000 0.785000
272000.000000 96.599998 0.003000
1.073000 0.050000 0.116600
0.126191 0.068350 0.000349 0.000000
0.000000

0.000000 0.127299 1.908875
0.430049 0.151486 8.917927 48.593102 205.411057
0.000000 0.017526 0.106359 0.000000 0.000000 0.000000
0.000000 0.000000 0.000000
3.873528 1.000000 0.000000
764.299377 0.000000
0.000000 0.000000 0.000000 0.000000
0.000000 0.941867
8 0.020000 1.480000 0.001000
0.486000 0.396000 0.726000 0.501000 1.360000 6.610000 0.785000 0.785000
272000.000000 96.599998 0.003000
1.073000 0.050000 0.116600
0.126202 0.068870 0.000352 0.000000
0.000000

0.000000 0.122292 1.878384
0.429437 0.152216 8.920755 48.602287 205.412445
0.000000 0.017747 0.107765 0.000000 0.000000 0.000000
0.000000 0.000000 0.000000
3.911276 1.000000 0.000000
764.299377 0.000000
0.000000 0.000000 0.000000 0.000000
0.000000 0.951314
8 0.020000 1.500000 0.001000
0.486000 0.396000 0.726000 0.501000 1.360000 6.610000 0.785000 0.785000
272000.000000 96.599998 0.003000
1.073000 0.050000 0.116600
0.126212 0.068441 0.000350 0.000000
0.000000

0.000000 0.083337 1.674782
0.428629 0.152861 8.919664 48.590176 205.412384
0.000000 0.018230 0.110209 0.000000 0.000000 0.000000
0.000000 0.000000 0.000000
3.948361 1.000000 0.000000
764.299377 0.000000
0.000000 0.000000 0.000000 0.000000
0.000000 0.939509
8 0.020000 1.520000 0.001000
0.486000 0.396000 0.726000 0.501000 1.360000 6.610000 0.785000 0.785000
272000.000000 96.599998 0.003000
1.073000 0.050000 0.116600
0.126222 0.068326 0.000349 0.000000
0.000000

0.000000 0.082506 1.666995
0.428077 0.153574 8.923081 48.602581 205.414139
0.000000 0.018786 0.111772 0.000000 0.000000 0.000000
0.000000 0.000000 0.000000
3.984792 1.000000 0.000000
764.299377 0.000000
0.000000 0.000000 0.000000 0.000000
0.000000 0.940264
8 0.020000 1.540000 0.001000
0.486000 0.396000 0.726000 0.501000 1.360000 6.610000 0.785000 0.785000
272000.000000 96.599998 0.003000
1.073000 0.050000 0.116600
0.126232 0.068372 0.000349 0.000000
0.000000

0.000000 0.079872 1.654804
0.427487 0.154255 8.925425 48.609341 205.414825
0.000000 0.019384 0.113326 0.000000 0.000000 0.000000
0.000000 0.000000 0.000000
4.020577 1.000000 0.000000
764.299377 0.000000
0.000000 0.000000 0.000000 0.000000
0.000000 0.934371
8 0.020000 1.560000 0.001000
0.486000 0.396000 0.726000 0.501000 1.360000 6.610000 0.785000 0.785000
272000.000000 96.599998 0.003000
1.073000 0.050000 0.116600
0.126242 0.068293 0.000349 0.000000
0.000000

0.000000 0.079389 1.649153
0.426958 0.154939 8.928729 48.621281 205.415756
0.000000 0.019964 0.114895 0.000000 0.000000 0.000000
0.000000 0.000000 0.000000
4.055726 1.000000 0.000000
764.299377 0.000000
0.000000 0.000000 0.000000 0.000000
0.000000 0.937354
8 0.020000 1.580000 0.001000
0.486000 0.396000 0.726000 0.501000 1.360000 6.610000 0.785000 0.785000
272000.000000 96.599998 0.003000
1.073000 0.050000 0.116600
0.126252 0.068317 0.000349 0.000000
0.000000

0.000000 0.079036 1.644842
0.426471 0.155621 8.932599 48.636536 205.414642
0.000000 0.020495 0.116525 0.000000 0.000000 0.000000
0.000000 0.000000 0.000000
4.090247 1.000000 0.000000
764.299377 0.000000
0.000000 0.000000 0.000000 0.000000
0.000000 0.931351
8 0.020000 1.600000 0.001000
0.486000 0.396000 0.726000 0.501000 1.360000 6.610000 0.785000 0.785000
272000.000000 96.599998 0.003000
1.073000 0.050000 0.116600
0.126260 0.068335 0.000349 0.000000
0.000000

0.000000 0.078697 1.640630
0.425968 0.156278 8.935892 48.648422 205.415665
0.000000 0.020950 0.118062 0.000000 0.000000 0.000000
0.000000 0.000000 0.000000
4.124147 1.000000 0.000000
764.299377 0.000000
0.000000 0.000000 0.000000 0.000000
0.000000 0.933576
8 0.020000 1.620000 0.001000
0.486000 0.396000 0.726000 0.501000 1.360000 6.610000 0.785000 0.785000
272000.000000 96.599998 0.003000
1.073000 0.050000 0.116600
0.126271 0.068864 0.000352 0.000000
0.000000

0.000000 0.078410 1.637226
0.425490 0.156928 8.939380 48.661739 205.416931
0.000000 0.021331 0.119596 0.000000 0.000000 0.000000
0.000000 0.000000 0.000000
4.157434 1.000000 0.000000
764.299377 0.000000
0.000000 0.000000 0.000000 0.000000
0.000000 0.931150
8 0.020000 1.640000 0.001000
0.486000 0.396000 0.726000 0.501000 1.360000 6.610000 0.785000 0.785000
272000.000000 96.599998 0.003000
1.073000 0.050000 0.116600
0.126279 0.068344 0.000349 0.000000
0.000000

0.000000 0.078199 1.634426
0.425024 0.157564 8.942875 48.675007 205.417923
0.000000 0.021653 0.121116 0.000000 0.000000 0.000000
0.000000 0.000000 0.000000
4.190116 1.000000 0.000000
764.299377 0.000000
0.000000 0.000000 0.000000 0.000000
0.000000 0.931098
8 0.020000 1.660000 0.001000
0.486000 0.396000 0.726000 0.501000 1.360000 6.610000 0.785000 0.785000
272000.000000 96.599998 0.003000
1.073000 0.050000 0.116600
0.126288 0.068360 0.000349 0.000000
0.000000

0.000000 0.077030 1.629205
0.424550 0.158180 8.945911 48.685894 205.419266
0.000000 0.021925 0.122548 0.000000 0.000000 0.000000
0.000000 0.000000 0.000000
4.222200 1.000000 0.000000
764.299377 0.000000
0.000000 0.000000 0.000000 0.000000
0.000000 0.926655
8 0.020000 1.680000 0.001000
0.486000 0.396000 0.726000 0.501000 1.360000 6.610000 0.785000 0.785000
272000.000000 96.599998 0.003000
1.073000 0.050000 0.116600
0.126299 0.068316 0.000349 0.000000
0.000000

0.000000 0.076920 1.628894
0.424181 0.158818 8.950900 48.707386 205.419296
0.000000 0.022176 0.124097 0.000000 0.000000 0.000000
0.000000 0.000000 0.000000
4.253690 1.000000 0.000000
764.299377 0.000000
0.000000 0.000000 0.000000 0.000000
0.000000 0.924988
8 0.020000 1.700000 0.001000
0.486000 0.396000 0.726000 0.501000 1.360000 6.610000 0.785000 0.785000
272000.000000 96.599998 0.003000
1.073000 0.050000 0.116600
0.126315 0.068312 0.000349 0.000000
0.000000

0.000000 0.076925 1.627929
0.423770 0.159423 8.954728 48.722607 205.419342
0.000000 0.022414 0.125618 0.000000 0.000000 0.000000
0.000000 0.000000 0.000000
4.284593 1.000000 0.000000
764.299377 0.000000
0.000000 0.000000 0.000000 0.000000
0.000000 0.922063
8 0.020000 1.720000 0.001000
0.486000 0.396000 0.726000 0.501000 1.360000 6.610000 0.785000 0.785000
272000.000000 96.599998 0.003000
1.073000 0.050000 0.116600
0.126324 0.068306 0.000349 0.000000
0.000000

0.000000 0.076949 1.627355
0.423369 0.160016 8.958511 48.737720 205.419891
0.000000 0.022655 0.127238 0.000000 0.000000 0.000000
0.000000 0.000000 0.000000
4.314915 1.000000 0.000000
764.299377 0.000000
0.000000 0.000000 0.000000 0.000000
0.000000 0.926734
8 0.020000 1.740000 0.001000
0.486000 0.396000 0.726000 0.501000 1.360000 6.610000 0.785000 0.785000
272000.000000 96.599998 0.003000
1.073000 0.050000 0.116600
0.126334 0.068306 0.000349 0.000000
0.000000

0.000000 0.077022 1.627320
0.422994 0.160602 8.962592 48.754303 205.419952
0.000000 0.022898 0.128830 0.000000 0.000000 0.000000
0.000000 0.000000 0.000000
4.344664 1.000000 0.000000
764.299377 0.000000
0.000000 0.000000 0.000000 0.000000
0.000000 0.920670
8 0.020000 1.760000 0.001000
0.486000 0.396000 0.726000 0.501000 1.360000 6.610000 0.785000 0.785000
272000.000000 96.599998 0.003000
1.073000 0.050000 0.116600
0.126346 0.068271 0.000349 0.000000
0.000000

0.000000 0.077113 1.627620
0.422628 0.161176 8.966603 48.770729 205.419937
0.000000 0.023142 0.130445 0.000000 0.000000 0.000000
0.000000 0.000000 0.000000
4.373843 1.000000 0.000000
764.299377 0.000000
0.000000 0.000000 0.000000 0.000000
0.000000 0.920224
8 0.020000 1.780000 0.001000
0.486000 0.396000 0.726000 0.501000 1.360000 6.610000 0.785000 0.785000
272000.000000 96.599998 0.003000
1.073000 0.050000 0.116600
0.126360 0.068305 0.000349 0.000000
0.000000

0.000000 0.077208 1.628012
0.422269 0.161735 8.970492 48.786472 205.421844
0.000000 0.023381 0.132051 0.000000 0.000000 0.000000
0.000000 0.000000 0.000000
4.402458 1.000000 0.000000
764.299377 0.000000
0.000000 0.000000 0.000000 0.000000
0.000000 0.923936
8 0.020000 1.800000 0.001000
0.486000 0.396000 0.726000 0.501000 1.360000 6.610000 0.785000 0.785000
272000.000000 96.599998 0.003000
1.073000 0.050000 0.116600
0.126370 0.068268 0.000349 0.000000
0.000000

0.000000 0.075422 1.606975
0.421909 0.162280 8.974170 48.801247 205.422989
0.000000 0.023662 0.134012 0.000000 0.000000 0.000000
0.000000 0.000000 0.000000
4.430515 1.000000 0.000000
764.299377 0.000000
0.000000 0.000000 0.000000 0.000000
0.000000 0.917850
8 0.020000 1.820000 0.001000
0.486000 0.396000 0.726000 0.501000 1.360000 6.610000 0.785000 0.785000
272000.000000 96.599998 0.003000
1.073000 0.050000 0.116600
0.126377 0.068264 0.000349 0.000000
0.000000

0.000000 0.075783 1.609803
0.421569 0.162815 8.977973 48.816608 205.422821
0.000000 0.023917 0.135539 0.000000 0.000000 0.000000
0.000000 0.000000 0.000000
4.458017 1.000000 0.000000
764.299377 0.000000
0.000000 0.000000 0.000000 0.000000
0.000000 0.916197
8 0.020000 1.840000 0.001000
0.486000 0.396000 0.726000 0.501000 1.360000 6.610000 0.785000 0.785000
272000.000000 96.599998 0.003000
1.073000 0.050000 0.116600
0.126391 0.068238 0.000348 0.000000
0.000000

0.000000 0.076111 1.612560
0.421237 0.163338 8.981675 48.831604 205.422104
0.000000 0.024136 0.137000 0.000000 0.000000 0.000000
0.000000 0.000000 0.000000
4.484972 1.000000 0.000000
764.299377 0.000000
0.000000 0.000000 0.000000 0.000000
0.000000 0.914671
8 0.020000 1.860000 0.001000
0.486000 0.396000 0.726000 0.501000 1.360000 6.610000 0.785000 0.785000
272000.000000 96.599998 0.003000
1.073000 0.050000 0.116600
0.126399 0.068215 0.000348 0.000000
0.000000

0.000000 0.076476 1.615402
0.420918 0.163851 8.985437 48.846928 205.421585
0.000000 0.024304 0.138418 0.000000 0.000000 0.000000
0.000000 0.000000 0.000000
4.511383 1.000000 0.000000
764.299377 0.000000
0.000000 0.000000 0.000000 0.000000
0.000000 0.913054
8 0.020000 1.880000 0.001000
0.486000 0.396000 0.726000 0.501000 1.360000 6.610000 0.785000 0.785000
272000.000000 96.599998 0.003000
1.073000 0.050000 0.116600
0.126410 0.068228 0.000348 0.000000
0.000000

0.000000 0.076795 1.617919
0.420594 0.164347 8.988839 48.860313 205.421997
0.000000 0.024422 0.139832 0.000000 0.000000 0.000000
0.000000 0.000000 0.000000
4.537255 1.000000 0.000000
764.299377 0.000000
0.000000 0.000000 0.000000 0.000000
0.000000 0.912250
8 0.020000 1.900000 0.001000
0.486000 0.396000 0.726000 0.501000 1.360000 6.610000 0.785000 0.785000
272000.000000 96.599998 0.003000
1.073000 0.050000 0.116600
0.126420 0.068229 0.000348 0.000000
0.000000

0.000000 0.077160 1.620791
0.420299 0.164839 8.992632 48.875904 205.421906
0.000000 0.024494 0.141190 0.000000 0.000000 0.000000
0.000000 0.000000 0.000000
4.562593 1.000000 0.000000
764.299377 0.000000
0.000000 0.000000 0.000000 0.000000
0.000000 0.910587
8 0.020000 1.920000 0.001000
0.486000 0.396000 0.726000 0.501000 1.360000 6.610000 0.785000 0.785000
272000.000000 96.599998 0.003000
1.073000 0.050000 0.116600
0.126428 0.068222 0.000348 0.000000
0.000000

0.000000 0.077496 1.623912
0.420028 0.165326 8.996709 48.892937 205.421707
0.000000 0.024538 0.142581 0.000000 0.000000 0.000000
0.000000 0.000000 0.000000
4.587399 1.000000 0.000000
764.299377 0.000000
0.000000 0.000000 0.000000 0.000000
0.000000 0.908818
8 0.020000 1.940000 0.001000
0.486000 0.396000 0.726000 0.501000 1.360000 6.610000 0.785000 0.785000
272000.000000 96.599998 0.003000
1.073000 0.050000 0.116600
0.126443 0.068187 0.000348 0.000000
0.000000

0.000000 0.077850 1.627863
0.419807 0.165818 9.001625 48.914658 205.421021
0.000000 0.024572 0.144051 0.000000 0.000000 0.000000
0.000000 0.000000 0.000000
4.611680 1.000000 0.000000
764.299377 0.000000
0.000000 0.000000 0.000000 0.000000
0.000000 0.907411
8 0.020000 1.960000 0.001000
0.486000 0.396000 0.726000 0.501000 1.360000 6.610000 0.785000 0.785000
272000.000000 96.599998 0.003000
1.073000 0.050000 0.116600
0.126453 0.068179 0.000348 0.000000
0.000000

0.000000 0.078203 1.638150
0.419921 0.166428 9.013496 48.974255 205.416977
0.000000 0.024601 0.145564 0.000000 0.000000 0.000000
0.000000 0.000000 0.000000
4.635440 1.000000 0.000000
764.299377 0.000000
0.000000 0.000000 0.000000 0.000000
0.000000 0.906126
8 0.020000 1.980000 0.001000
0.486000 0.396000 0.726000 0.501000 1.360000 6.610000 0.785000 0.785000
272000.000000 96.599998 0.003000
1.073000 0.050000 0.116600
0.126494 0.068122 0.000348 0.000000
0.000000

0.000000 0.078549 1.654420
0.420351 0.167151 9.031940 49.069614 205.411011
0.000000 0.121647 0.200432 0.000000 0.000000 0.000000
0.000000 0.000000 0.000000
4.658684 1.000000 0.000000
764.299377 0.000000
0.000000 0.000000 0.000000 0.000000
0.000000 0.906057
8 0.020000 2.000000 0.001000
0.486000 0.396000 0.726000 0.501000 1.360000 6.610000 0.785000 0.785000
272000.000000 96.599998 0.003000
1.073000 0.050000 0.116600
0.126555 0.068153 0.000348 0.000000
0.000000
1.000000
2.000000
0.000000 0.000000
0.000000
0
-0.680000
0 0
0.000000
1
0.000000
1.000000
1.000000
1.000000
0.000000 0.000000 0.000000
0.000000 0.000000
0.000000 0.000000 0.000000 0.000000 0.000000 0.000000 0.000000
0.000000 0.000000 0.000000 0.000000 0.000000 0.000000 0.000000
237
2.000000
1
C:\DNDC\sites\Ottawa\CEFSoilc.spf
-1.000000 -1.000000
0.000000
34
34
10.000000
105
0.000000
0.000000
258
0.000000
348262.031250
1
