7
Clay_loam
0.314000 0.490000 0.006410 0.726000 0.398000 1.000000 0.000000 0.000000
1.350000 6.610000 1 0.031000 0.500000 0.050000 0.010000 0.240000 0.750000
0.000000 0.020000 2.000000 270000.000000 96.599998 100
0.233300 1.944000 3.025300 0.000000 1
10.000000 10.000000 10.000000 5.000000 25.000000 100.000000
0.000000 0.025190 0.019314 0.000000 0.000000 0.000000
500.000000 0.000000 0.000000

0.000917 25.972376 480.324707
4.508089 0.793713 159.778625 1676.382080 5449.590332
0.000000 9.494134 1.838775 1.010348 0.000040 0.000000
0.000795 0.003597 0.000830
-2.937123 0.096422 58.985413
764.299377 0.000000
14.464411 0.000000 0.000000 0.000000
0.000000 36.982887
7 0.020000 0.020000 0.031000
0.490000 0.314000 0.726000 0.398000 1.350000 6.610000 0.726000 0.726000
270000.000000 96.599998 0.006410
1.073000 0.050000 0.116600
23.774656 3.953525 0.002024 0.000000
0.000000

0.000868 23.509300 480.350708
6.767735 2.685307 154.690796 1677.736206 5451.604980
0.000000 3.242878 1.876972 0.505174 0.000040 0.000000
0.000358 0.000910 0.000064
-2.831109 0.098213 60.973255
764.299377 0.000000
10.124418 0.000000 0.000000 0.000000
0.000000 28.521133
7 0.020000 0.040000 0.031000
0.490000 0.314000 0.726000 0.398000 1.350000 6.610000 0.726000 0.726000
270000.000000 96.599998 0.006410
1.073000 0.050000 0.116600
23.744223 3.980413 0.002075 0.000000
0.000000

0.000868 23.379597 477.371948
7.030708 2.645984 155.077835 1677.789185 5451.419922
0.000000 1.054593 1.699624 0.252587 0.000040 0.000000
0.000084 0.000044 0.000056
-2.755768 0.099549 61.392197
764.299377 0.000000
9.828002 0.000000 0.000000 0.000000
0.000000 9.212124
7 0.020000 0.060000 0.031000
0.490000 0.314000 0.726000 0.398000 1.350000 6.610000 0.726000 0.726000
270000.000000 96.599998 0.006410
1.073000 0.050000 0.116600
23.746500 3.958029 0.002091 0.000000
0.000000

0.000894 24.328819 478.483032
7.291708 2.594297 157.181122 1677.567017 5450.563477
0.000000 0.802362 1.654614 0.126294 0.000040 0.000000
0.000082 0.000000 0.000037
-2.680488 0.100939 61.255947
764.299377 0.000000
9.512549 0.000000 0.000000 0.000000
0.000000 6.269398
7 0.020000 0.080000 0.031000
0.490000 0.314000 0.726000 0.398000 1.350000 6.610000 0.726000 0.726000
270000.000000 96.599998 0.006410
1.073000 0.050000 0.116600
23.758984 3.945236 0.002113 0.000000
0.000000

0.000916 25.119520 479.361938
7.554828 2.541355 158.871246 1677.389771 5449.860352
0.000000 0.724514 1.624776 0.063147 0.000040 0.000000
0.000015 0.000000 0.000025
-2.605134 0.102391 61.113682
764.299377 0.000000
9.195810 0.000000 0.000000 0.000000
0.000000 5.046869
7 0.020000 0.100000 0.025000
0.490000 0.314000 0.726000 0.398000 1.350000 6.610000 0.726000 0.726000
270000.000000 96.599998 0.006410
1.073000 0.050000 0.116600
23.768925 3.923884 0.002131 0.000000
0.000000

0.000929 25.570780 493.425568
7.853662 2.509249 159.760040 1676.149658 5449.447754
0.000000 0.642760 1.553720 0.031573 0.000040 0.000000
0.000009 0.000000 0.000017
-2.532578 0.103850 73.606888
764.299377 0.000000
8.945372 0.000000 0.000000 0.000000
0.000000 4.575688
7 0.020000 0.120000 0.025000
0.490000 0.314000 0.726000 0.398000 1.350000 6.610000 0.726000 0.726000
270000.000000 96.599998 0.006410
1.073000 0.050000 0.116600
23.774729 3.908662 0.002152 0.000000
0.000000

0.000940 25.984625 493.912018
8.137361 2.490556 160.639984 1675.964233 5449.080078
0.000000 0.606109 1.516231 0.015787 0.000040 0.000000
0.000009 0.000000 0.000011
-2.465163 0.105263 87.684273
764.299377 0.000000
8.722001 0.000000 0.000000 0.000000
0.000000 4.247033
7 0.020000 0.140000 0.025000
0.490000 0.314000 0.726000 0.398000 1.350000 6.610000 0.726000 0.726000
270000.000000 96.599998 0.006410
1.073000 0.050000 0.116600
23.779882 3.900228 0.002177 0.000000
0.000000

0.000950 29.438503 494.307434
8.368908 2.465246 161.267395 1674.780518 5448.764648
0.000000 0.552044 1.469816 0.007893 0.000060 0.000000
0.000008 0.000000 0.000000
-2.400050 0.106683 87.545082
764.299377 0.000000
8.463157 0.000000 0.000000 0.000000
0.000000 3.720557
7 0.020000 0.160000 0.025000
0.490000 0.314000 0.726000 0.398000 1.350000 6.610000 0.726000 0.726000
270000.000000 96.599998 0.006410
1.073000 0.050000 0.116600
23.784115 3.890536 0.002200 0.000000
0.000000

0.000963 30.001160 494.836639
8.661425 2.450416 162.298553 1674.528198 5448.345215
0.000000 0.511191 1.448934 0.003947 0.000053 0.000000
0.000007 0.000000 0.000000
-2.334369 0.108175 84.530006
764.299377 0.000000
8.251114 0.000000 0.000000 0.000000
0.000000 3.282602
7 0.020000 0.180000 0.020000
0.490000 0.314000 0.726000 0.398000 1.350000 6.610000 0.726000 0.726000
270000.000000 96.599998 0.006410
1.073000 0.050000 0.116600
23.790110 3.869299 0.002218 0.000000
0.000000

0.000998 31.583012 496.248779
8.921328 2.419474 165.145187 1674.017212 5447.250000
0.000000 1.559234 1.678757 0.001973 0.000047 0.000000
0.000006 0.000000 0.000000
-2.268572 0.109734 87.246033
764.299377 0.000000
7.996959 0.000000 0.000000 0.000000
0.000000 10.098062
7 0.020000 0.200000 0.020000
0.490000 0.314000 0.726000 0.398000 1.350000 6.610000 0.726000 0.726000
270000.000000 96.599998 0.006410
1.073000 0.050000 0.116600
23.806376 4.006371 0.002332 0.000000
0.000000

0.001601 68.068214 515.212524
9.038105 2.385331 214.007111 1661.803589 5428.471680
0.000000 8.361524 1.809687 0.000987 0.000047 0.000000
0.000001 0.000000 0.000000
-2.203122 0.111354 87.087296
764.299377 0.000000
7.677159 0.000000 0.000000 0.000000
0.000000 55.720631
7 0.020000 0.220000 0.020000
0.490000 0.314000 0.726000 0.398000 1.350000 6.610000 0.726000 0.726000
270000.000000 96.599998 0.006410
1.073000 0.050000 0.116600
24.053905 3.795619 0.002236 0.000000
0.000000

0.000000 26.483198 136.423538
5.150365 1.313650 151.985916 890.560425 4090.572754
0.000000 7.906428 1.250955 0.000493 0.000000 0.000000
0.000000 0.000000 0.000000
-2.137547 0.113051 86.920967
764.299377 0.000000
4.119732 0.000000 0.000000 0.000000
0.000000 45.308430
7 0.020000 0.240000 0.020000
0.490000 0.314000 0.726000 0.398000 1.350000 6.610000 0.726000 0.726000
270000.000000 96.599998 0.006410
1.073000 0.050000 0.116600
2.414008 1.967213 0.001165 0.000000
0.000000

0.000000 24.439991 125.665703
5.299748 1.306782 152.102951 888.646606 4090.403076
0.000000 4.814021 1.100099 0.000247 0.000000 0.000000
0.000000 0.000000 0.000000
-2.071838 0.114832 86.746429
764.299377 0.000000
3.986894 0.000000 0.000000 0.000000
0.000000 23.005726
7 0.020000 0.260000 0.020000
0.490000 0.314000 0.726000 0.398000 1.350000 6.610000 0.726000 0.726000
270000.000000 96.599998 0.006410
1.073000 0.050000 0.116600
2.416696 1.521100 0.000913 0.000000
0.000000

0.000000 26.198227 120.959152
5.052641 1.215181 143.424744 825.544922 3677.595459
0.000000 11.050346 1.243886 0.000123 0.000000 0.000000
0.000000 0.000000 0.000000
-2.005879 0.116707 85.862694
764.299377 0.000000
3.576255 0.000000 0.000000 0.000000
0.000000 23.171194
7 0.020000 0.280000 0.018000
0.490000 0.314000 0.726000 0.398000 1.350000 6.610000 0.726000 0.726000
270000.000000 96.599998 0.000070
1.073000 0.050000 0.116600
2.195893 2.137793 0.001308 0.000000
0.000000

0.000000 25.095280 113.229836
5.195761 1.238138 144.769516 829.616821 3676.265625
0.000000 11.057175 1.175266 0.000062 0.000000 0.000000
0.000000 0.000000 0.000000
-1.939658 0.118685 85.668892
764.299377 0.000000
3.465742 0.000000 0.000000 0.000000
0.000000 7.422206
7 0.020000 0.300000 0.018000
0.490000 0.314000 0.726000 0.398000 1.350000 6.610000 0.726000 0.726000
270000.000000 96.599998 0.000070
1.073000 0.050000 0.116600
2.202351 1.410509 0.000875 0.000000
0.000000

0.000000 22.561480 103.785660
5.283215 1.249412 143.845001 825.170532 3676.394775
0.000000 10.167174 1.085337 0.000031 0.000000 0.000000
0.000002 0.000000 0.000000
-1.873289 0.120771 85.464882
764.299377 0.000000
3.316880 0.000000 0.000000 0.000000
0.000000 4.735107
7 0.020000 0.320000 0.018000
0.490000 0.314000 0.726000 0.398000 1.350000 6.610000 0.726000 0.726000
270000.000000 96.599998 0.000070
1.073000 0.050000 0.116600
2.201598 1.302451 0.000821 0.000000
0.000000

0.000000 21.346104 95.128784
4.842883 1.138056 130.419327 739.726807 3210.643799
0.000000 8.627358 0.885326 0.000015 0.000000 0.000000
0.000000 0.000000 0.000000
-1.806385 0.122990 84.372330
764.299377 0.000000
2.856336 0.000000 0.000000 0.000000
0.000000 3.910160
8 0.020000 0.340000 0.015500
0.483000 0.377000 0.726000 0.484000 1.370000 6.610000 0.770000 0.770000
274000.000000 96.599998 0.000070
1.073000 0.050000 0.116600
1.936979 1.137128 0.000708 0.000000
0.000000

0.000000 19.286423 87.438385
4.915730 1.157209 129.848770 736.370544 3210.744141
0.000000 7.171894 0.837992 0.000008 0.000000 0.000000
0.000000 0.000000 0.000000
-1.738950 0.125354 84.137993
764.299377 0.000000
2.721586 0.000000 0.000000 0.000000
0.000000 3.739763
8 0.020000 0.360000 0.015500
0.483000 0.377000 0.726000 0.484000 1.370000 6.610000 0.770000 0.770000
274000.000000 96.599998 0.000070
1.073000 0.050000 0.116600
1.936608 1.107614 0.000703 0.000000
0.000000

0.000000 17.376299 80.421249
4.992052 1.177814 129.295364 733.109924 3210.920654
0.000000 6.146045 0.799708 0.000004 0.000000 0.000000
0.000001 0.000000 0.000000
-1.671357 0.127866 83.881615
764.299377 0.000000
2.588896 0.000000 0.000000 0.000000
0.000000 3.851850
8 0.020000 0.380000 0.015500
0.483000 0.377000 0.726000 0.484000 1.370000 6.610000 0.770000 0.770000
274000.000000 96.599998 0.000070
1.073000 0.050000 0.116600
1.936096 1.100354 0.000713 0.000000
0.000000

0.000000 15.632311 74.069717
5.061276 1.200971 128.802444 730.038025 3211.017578
0.000000 5.469610 0.772645 0.000002 0.000000 0.000000
0.000001 0.000000 0.000000
-1.603604 0.130542 83.620483
764.299377 0.000000
2.454184 0.000000 0.000000 0.000000
0.000000 4.022425
8 0.020000 0.400000 0.015500
0.483000 0.377000 0.726000 0.484000 1.370000 6.610000 0.770000 0.770000
274000.000000 96.599998 0.000070
1.073000 0.050000 0.116600
1.935578 1.099854 0.000727 0.000000
0.000000

0.000000 14.161183 68.475937
5.132002 1.232779 128.449661 727.797668 3211.101807
0.000000 4.977539 0.750001 0.000001 0.000000 0.000000
0.000001 0.000000 0.000000
-1.535697 0.133400 83.338730
764.299377 0.000000
2.323237 0.000000 0.000000 0.000000
0.000000 4.211679
8 0.020000 0.420000 0.015500
0.483000 0.377000 0.726000 0.484000 1.370000 6.610000 0.770000 0.770000
274000.000000 96.599998 0.000070
1.073000 0.050000 0.116600
1.935521 1.099591 0.000743 0.000000
0.000000

0.000000 12.852289 63.422794
5.204391 1.265231 128.152390 725.730530 3211.210693
0.000000 4.502619 0.734734 0.000000 0.000000 0.000000
0.000001 0.000000 0.000000
-1.467637 0.136461 83.020126
764.299377 0.000000
2.192635 0.000000 0.000000 0.000000
0.000000 4.392719
8 0.020000 0.440000 0.015500
0.483000 0.377000 0.726000 0.484000 1.370000 6.610000 0.770000 0.770000
274000.000000 96.599998 0.000070
1.073000 0.050000 0.116600
1.935461 1.100371 0.000760 0.000000
0.000000

0.000000 11.655499 58.866718
5.279649 1.298735 127.900238 724.034058 3211.263428
0.000000 3.960387 0.712969 0.000000 0.000000 0.000000
0.000001 0.000000 0.000000
-1.399419 0.139750 82.629333
764.299377 0.000000
2.062740 0.000000 0.000000 0.000000
0.000000 4.561090
8 0.020000 0.460000 0.015500
0.483000 0.377000 0.726000 0.484000 1.370000 6.610000 0.770000 0.770000
274000.000000 96.599998 0.000070
1.073000 0.050000 0.116600
1.935509 1.097501 0.000777 0.000000
0.000000

0.000000 10.571123 54.753288
5.415289 1.409867 127.683456 722.578247 3211.313965
0.000000 3.304465 0.701288 0.000000 0.000000 0.000000
0.000001 0.000000 0.000000
-1.331022 0.143299 82.084305
764.299377 0.000000
1.799757 0.000000 0.000000 0.000000
0.000000 4.714477
8 0.020000 0.480000 0.015500
0.483000 0.377000 0.726000 0.484000 1.370000 6.610000 0.770000 0.770000
274000.000000 96.599998 0.000070
1.073000 0.050000 0.116600
1.935611 1.097057 0.000796 0.000000
0.000000

0.000000 9.596528 51.057846
5.477745 1.449780 127.529243 721.430786 3211.381592
0.000000 2.635898 0.684677 0.000000 0.000000 0.000000
0.000001 0.000000 0.000000
-1.262385 0.147146 81.219635
764.299377 0.000000
1.684610 0.000000 0.000000 0.000000
0.000000 4.835876
8 0.020000 0.500000 0.015500
0.483000 0.377000 0.726000 0.484000 1.370000 6.610000 0.770000 0.770000
274000.000000 96.599998 0.000070
1.073000 0.050000 0.116600
1.935836 1.096611 0.000817 0.000000
0.000000

0.000000 8.711441 47.724541
5.543264 1.490750 127.399834 720.514832 3211.406250
0.000000 2.020247 0.667327 0.000000 0.000000 0.000000
0.000001 0.000000 0.000000
-1.193378 0.151344 79.776375
764.299377 0.000000
1.569316 0.000000 0.000000 0.000000
0.000000 4.926798
8 0.020000 0.520000 0.015500
0.483000 0.377000 0.726000 0.484000 1.370000 6.610000 0.770000 0.770000
274000.000000 96.599998 0.000070
1.073000 0.050000 0.116600
1.936092 1.096245 0.000840 0.000000
0.000000

0.000000 6.364971 34.231358
2.887680 0.813921 63.039066 365.182098 1660.109497
0.000000 1.612806 0.394698 0.000000 0.000000 0.000000
0.000000 0.000000 0.000000
-1.120406 0.156210 59.292149
764.299377 0.000000
0.666512 0.000000 0.000000 0.000000
0.000000 4.654399
8 0.020000 0.540000 0.008000
0.483000 0.377000 0.726000 0.484000 1.370000 6.610000 0.770000 0.770000
274000.000000 96.599998 0.002410
1.073000 0.050000 0.116600
0.989956 0.658486 0.000520 0.000000
0.000000

0.000000 5.826637 31.749987
2.916910 0.836614 63.028378 364.794830 1660.019165
0.000000 1.204438 0.385415 0.000000 0.000000 0.000000
0.000000 0.000000 0.000000
-1.042882 0.161915 58.741028
764.299377 0.000000
0.610745 0.000000 0.000000 0.000000
0.000000 4.437332
8 0.020000 0.560000 0.008000
0.483000 0.377000 0.726000 0.484000 1.370000 6.610000 0.770000 0.770000
274000.000000 96.599998 0.002410
1.073000 0.050000 0.116600
0.990515 0.595310 0.000487 0.000000
0.000000

0.000000 5.348971 29.528540
2.980899 0.900231 63.067017 364.591095 1659.916992
0.000000 0.908366 0.376800 0.000000 0.000000 0.000000
0.000000 0.000000 0.000000
-0.965300 0.168298 58.124435
764.299377 0.000000
0.479736 0.000000 0.000000 0.000000
0.000000 4.326889
8 0.020000 0.580000 0.008000
0.483000 0.377000 0.726000 0.484000 1.370000 6.610000 0.770000 0.770000
274000.000000 96.599998 0.002410
1.073000 0.050000 0.116600
0.991142 0.583180 0.000496 0.000000
0.000000

0.000000 4.928226 27.555189
3.004336 0.921556 63.150558 364.670380 1659.763306
0.000000 0.743017 0.370370 0.000000 0.000000 0.000000
0.000000 0.000000 0.000000
-0.887679 0.175502 57.428513
764.299377 0.000000
0.435113 0.000000 0.000000 0.000000
0.000000 4.278049
8 0.020000 0.600000 0.008000
0.483000 0.377000 0.726000 0.484000 1.370000 6.610000 0.770000 0.770000
274000.000000 96.599998 0.002410
1.073000 0.050000 0.116600
0.991892 0.580038 0.000514 0.000000
0.000000

0.000000 4.533261 25.758123
3.064341 0.985297 63.218273 364.800629 1659.635010
0.000000 0.662335 0.365360 0.000000 0.000000 0.000000
0.000000 0.000000 0.000000
-0.810033 0.183717 56.634926
764.299377 0.000000
0.313746 0.000000 0.000000 0.000000
0.000000 4.254505
8 0.020000 0.620000 0.008000
0.483000 0.377000 0.726000 0.484000 1.370000 6.610000 0.770000 0.770000
274000.000000 96.599998 0.002410
1.073000 0.050000 0.116600
0.992595 0.578107 0.000537 0.000000
0.000000

0.000000 4.165932 24.134579
3.076685 1.010831 63.300644 365.016571 1659.525757
0.000000 0.693862 0.369564 0.000000 0.000000 0.000000
0.000000 0.000000 0.000000
-0.732375 0.193201 55.718800
764.299377 0.000000
0.280947 0.000000 0.000000 0.000000
0.000000 4.242591
8 0.020000 0.640000 0.008000
0.483000 0.377000 0.726000 0.484000 1.370000 6.610000 0.770000 0.770000
274000.000000 96.599998 0.002410
1.073000 0.050000 0.116600
0.993302 0.575168 0.000561 0.000000
0.000000

0.000000 3.830888 22.678844
3.201422 1.167831 63.414188 365.340515 1659.386963
0.000000 0.965603 0.379905 0.000000 0.000000 0.000000
0.000000 0.000012 0.000000
-0.655899 0.204126 59.861431
764.299377 0.000000
0.000000 0.000000 0.000000 0.000000
0.000000 4.232574
8 0.020000 0.660000 0.008000
0.483000 0.377000 0.726000 0.484000 1.370000 6.610000 0.770000 0.770000
274000.000000 96.599998 0.002410
1.073000 0.050000 0.116600
0.994034 0.573686 0.000592 0.000000
0.000000

0.000000 3.539923 21.419867
3.178350 1.183363 63.631599 366.037872 1659.210449
0.000000 1.822599 0.410704 0.000000 0.000000 0.000000
0.000000 0.000014 0.000000
-0.584036 0.216272 75.708153
764.299377 0.000000
0.000000 0.000000 0.000000 0.000000
0.000000 4.232013
8 0.020000 0.680000 0.008000
0.483000 0.377000 0.726000 0.484000 1.370000 6.610000 0.770000 0.770000
274000.000000 96.599998 0.002410
1.073000 0.050000 0.116600
0.994987 0.578516 0.000632 0.000000
0.000000

0.000000 3.277920 20.313803
3.166141 1.204412 63.871803 366.941040 1658.973267
0.000000 3.084039 0.438771 0.000000 0.000000 0.000000
0.000000 0.000015 0.000000
-0.515361 0.230155 74.367035
764.299377 0.000000
0.000000 0.000000 0.000000 0.000000
0.000000 4.520582
8 0.020000 0.700000 0.008000
0.483000 0.377000 0.726000 0.484000 1.370000 6.610000 0.770000 0.770000
274000.000000 96.599998 0.002410
1.073000 0.050000 0.116600
0.996047 0.575270 0.000669 0.000000
0.000000

0.000000 3.073181 19.398630
3.158297 1.226268 64.341339 368.036743 1658.701416
0.000000 5.095570 0.455763 0.000000 0.000000 0.000000
0.000000 0.000014 0.000000
-0.446669 0.247066 72.733444
764.299377 0.000000
0.000000 0.000000 0.000000 0.000000
0.000000 4.734658
8 0.020000 0.720000 0.008000
0.483000 0.377000 0.726000 0.484000 1.370000 6.610000 0.770000 0.770000
274000.000000 96.599998 0.002410
1.073000 0.050000 0.116600
0.997315 0.574267 0.000717 0.000000
0.000000

0.000000 2.965932 15.863955
1.988629 0.790537 41.079414 232.662018 1028.733521
0.000000 3.227449 0.307043 0.000000 0.000000 0.000000
0.000000 0.000012 0.000000
-0.378035 0.268224 71.128639
764.299377 0.000000
0.000000 0.000000 0.000000 0.000000
0.000000 3.919661
8 0.020000 0.740000 0.005000
0.486000 0.396000 0.726000 0.501000 1.360000 6.610000 0.785000 0.785000
272000.000000 96.599998 0.003000
1.073000 0.050000 0.116600
0.621070 0.370257 0.000508 0.000000
0.000000

0.000000 2.790295 15.109980
1.982813 0.807328 41.476837 233.480865 1028.451172
0.000000 2.624641 0.305676 0.000000 0.000000 0.000000
0.000000 0.000010 0.000000
-0.309235 0.295766 68.451546
764.299377 0.000000
0.000000 0.000000 0.000000 0.000000
0.000000 3.380511
8 0.020000 0.760000 0.005000
0.486000 0.396000 0.726000 0.501000 1.360000 6.610000 0.785000 0.785000
272000.000000 96.599998 0.003000
1.073000 0.050000 0.116600
0.622056 0.358719 0.000543 0.000000
0.000000

0.000000 2.611839 14.425655
1.976583 0.826119 41.846687 234.345108 1028.233276
0.000000 2.409591 0.308586 0.000000 0.000000 0.000000
0.000000 0.000008 0.000000
-0.239453 0.333838 64.750916
764.299377 0.000000
0.000000 0.000000 0.000000 0.000000
0.000000 3.295259
8 0.020000 0.780000 0.005000
0.486000 0.396000 0.726000 0.501000 1.360000 6.610000 0.785000 0.785000
272000.000000 96.599998 0.003000
1.073000 0.050000 0.116600
0.623014 0.358014 0.000611 0.000000
0.000000

0.000000 2.203469 13.582512
1.971705 0.845967 42.215981 235.513306 1027.929810
0.000000 1.799144 0.307918 0.000000 0.000000 0.000000
0.000000 0.000007 0.000000
-0.166581 0.391466 59.149521
764.299377 0.000000
0.000000 0.000000 0.000000 0.000000
0.000000 3.051199
8 0.020000 0.800000 0.005000
0.486000 0.396000 0.726000 0.501000 1.360000 6.610000 0.785000 0.785000
272000.000000 96.599998 0.003000
1.073000 0.050000 0.116600
0.624212 0.354382 0.000710 0.000000
0.000000

0.000000 2.117830 13.207448
1.971191 0.869299 42.663689 237.198730 1027.590576
0.000000 1.321633 0.306837 0.000000 0.000000 0.000000
0.000000 0.000005 0.000000
-0.078823 0.494277 49.156288
764.299377 0.000000
0.000000 0.000000 0.000000 0.000000
0.000000 2.864846
8 0.020000 0.820000 0.005000
0.486000 0.396000 0.726000 0.501000 1.360000 6.610000 0.785000 0.785000
272000.000000 96.599998 0.003000
1.073000 0.050000 0.116600
0.625613 0.349049 0.000883 0.000000
0.000000

0.000000 2.019573 12.858229
1.967253 0.892848 43.007935 238.781036 1027.298950
0.000000 1.154046 0.313090 0.000000 0.000000 0.000000
0.000000 0.000002 0.000002
0.002345 0.771231 22.236353
764.299377 0.000000
0.000000 0.000000 0.000000 0.000000
0.000000 2.819278
8 0.020000 0.840000 0.005000
0.486000 0.396000 0.726000 0.501000 1.360000 6.610000 0.785000 0.785000
272000.000000 96.599998 0.003000
1.073000 0.050000 0.116600
0.626866 0.347737 0.001372 0.000000
0.000000

0.000000 1.694295 12.234228
1.955923 0.916269 43.257256 239.836044 1027.059937
0.000000 1.239011 0.325976 0.000000 0.000000 0.000000
0.000000 0.000002 0.000002
0.019465 1.000000 0.000000
764.299377 0.000000
0.000000 0.000000 0.000000 0.000000
0.000000 2.781292
8 0.020000 0.860000 0.005000
0.486000 0.396000 0.726000 0.501000 1.360000 6.610000 0.785000 0.785000
272000.000000 96.599998 0.003000
1.073000 0.050000 0.116600
0.627821 0.347315 0.001776 0.000000
0.000000

0.000000 1.587107 11.867019
1.943208 0.938677 43.458076 240.607773 1026.916992
0.000000 1.162513 0.333792 0.000000 0.000000 0.000000
0.000000 0.000002 0.000002
0.084487 1.000000 0.000000
764.299377 0.000000
0.000000 0.000000 0.000000 0.000000
0.000000 2.782021
8 0.020000 0.880000 0.005000
0.486000 0.396000 0.726000 0.501000 1.360000 6.610000 0.785000 0.785000
272000.000000 96.599998 0.003000
1.073000 0.050000 0.116600
0.628478 0.344169 0.001760 0.000000
0.000000

0.000000 1.488279 11.543661
1.931191 0.960186 43.674946 241.341049 1026.775513
0.000000 0.861248 0.332089 0.000000 0.000000 0.000000
0.000000 0.000002 0.000001
0.149117 1.000000 0.000000
764.299377 0.000000
0.000000 0.000000 0.000000 0.000000
0.000000 2.712265
8 0.020000 0.900000 0.005000
0.486000 0.396000 0.726000 0.501000 1.360000 6.610000 0.785000 0.785000
272000.000000 96.599998 0.003000
1.073000 0.050000 0.116600
0.629114 0.343579 0.001757 0.000000
0.000000

0.000000 1.263779 11.142570
1.921920 0.981941 43.953636 242.326126 1026.541016
0.000000 0.537664 0.320551 0.000000 0.000000 0.000000
0.000000 0.000001 0.000001
0.213327 1.000000 0.000000
764.299377 0.000000
0.000000 0.000000 0.000000 0.000000
0.000000 2.651444
8 0.020000 0.920000 0.005000
0.486000 0.396000 0.726000 0.501000 1.360000 6.610000 0.785000 0.785000
272000.000000 96.599998 0.003000
1.073000 0.050000 0.116600
0.629969 0.344774 0.001763 0.000000
0.000000

0.000000 1.206155 5.377786
0.391944 0.205056 9.015549 49.620674 205.271744
0.000000 0.471802 0.110891 0.000000 0.000000 0.000000
0.000000 0.000001 0.000001
0.277090 1.000000 0.000000
764.299377 0.000000
0.000000 0.000000 0.000000 0.000000
0.000000 1.451535
8 0.020000 0.940000 0.001000
0.486000 0.396000 0.726000 0.501000 1.360000 6.610000 0.785000 0.785000
272000.000000 96.599998 0.003000
1.073000 0.050000 0.116600
0.126186 0.075192 0.000384 0.000000
0.000000

0.000000 1.162890 5.105180
0.390173 0.209148 9.069384 49.807224 205.221558
0.000000 0.305549 0.111307 0.000000 0.000000 0.000000
0.000000 0.000001 0.000000
0.340383 1.000000 0.000000
764.299377 0.000000
0.000000 0.000000 0.000000 0.000000
0.000000 1.294605
8 0.020000 0.960000 0.001000
0.486000 0.396000 0.726000 0.501000 1.360000 6.610000 0.785000 0.785000
272000.000000 96.599998 0.003000
1.073000 0.050000 0.116600
0.126396 0.070006 0.000358 0.000000
0.000000

0.000000 1.147103 4.888757
0.389141 0.213431 9.157668 50.045761 205.154404
0.000000 0.184265 0.140440 0.000000 0.000000 0.000000
0.000000 0.000000 0.000000
0.403180 1.000000 0.000000
764.299377 0.000000
0.000000 0.000000 0.000000 0.000000
0.000000 1.163136
8 0.020000 0.980000 0.001000
0.486000 0.396000 0.726000 0.501000 1.360000 6.610000 0.785000 0.785000
272000.000000 96.599998 0.003000
1.073000 0.050000 0.116600
0.126652 0.068272 0.000349 0.000000
0.000000

0.000000 1.058489 4.625293
0.389281 0.218208 9.274393 50.431126 205.066498
0.000000 0.099490 0.125511 0.000000 0.000000 0.000000
0.000000 0.000000 0.000000
0.465459 1.000000 0.000000
764.299377 0.000000
0.000000 0.000000 0.000000 0.000000
0.000000 1.061074
8 0.020000 1.000000 0.001000
0.486000 0.396000 0.726000 0.501000 1.360000 6.610000 0.785000 0.785000
272000.000000 96.599998 0.003000
1.073000 0.050000 0.116600
0.127041 0.067792 0.000346 0.000000
0.000000

0.000000 0.998974 4.409189
0.387434 0.221687 9.302784 50.575996 205.034576
0.000000 0.053434 0.114104 0.000000 0.000000 0.000000
0.000000 0.000000 0.000000
0.527196 1.000000 0.000000
764.299377 0.000000
0.000000 0.000000 0.000000 0.000000
0.000000 1.024026
8 0.020000 1.020000 0.001000
0.486000 0.396000 0.726000 0.501000 1.360000 6.610000 0.785000 0.785000
272000.000000 96.599998 0.003000
1.073000 0.050000 0.116600
0.127176 0.067395 0.000344 0.000000
0.000000

0.000000 0.942801 4.196890
0.384939 0.224594 9.311619 50.619656 205.015793
0.000000 0.030681 0.100865 0.000000 0.000000 0.000000
0.000000 0.000000 0.000000
0.588372 1.000000 0.000000
764.299377 0.000000
0.000000 0.000000 0.000000 0.000000
0.000000 1.007611
8 0.020000 1.040000 0.001000
0.486000 0.396000 0.726000 0.501000 1.360000 6.610000 0.785000 0.785000
272000.000000 96.599998 0.003000
1.073000 0.050000 0.116600
0.127240 0.067294 0.000344 0.000000
0.000000

0.000000 0.793836 3.890688
0.381582 0.226816 9.300135 50.545914 205.012497
0.000000 0.019245 0.090143 0.000000 0.000000 0.000000
0.000000 0.000000 0.000000
0.648964 1.000000 0.000000
764.299377 0.000000
0.000000 0.000000 0.000000 0.000000
0.000000 0.992499
8 0.020000 1.060000 0.001000
0.486000 0.396000 0.726000 0.501000 1.360000 6.610000 0.785000 0.785000
272000.000000 96.599998 0.003000
1.073000 0.050000 0.116600
0.127250 0.067229 0.000343 0.000000
0.000000

0.000000 0.734468 3.703246
0.378859 0.229182 9.297846 50.524738 205.010666
0.000000 0.012599 0.081558 0.000000 0.000000 0.000000
0.000000 0.000000 0.000000
0.708956 1.000000 0.000000
764.299377 0.000000
0.000000 0.000000 0.000000 0.000000
0.000000 0.997893
8 0.020000 1.080000 0.001000
0.486000 0.396000 0.726000 0.501000 1.360000 6.610000 0.785000 0.785000
272000.000000 96.599998 0.003000
1.073000 0.050000 0.116600
0.127261 0.067470 0.000345 0.000000
0.000000

0.000000 0.680303 3.533162
0.376269 0.231437 9.295583 50.504673 205.010345
0.000000 0.008197 0.073721 0.000000 0.000000 0.000000
0.000000 0.000000 0.000000
0.768327 1.000000 0.000000
764.299377 0.000000
0.000000 0.000000 0.000000 0.000000
0.000000 0.983453
8 0.020000 1.100000 0.001000
0.486000 0.396000 0.726000 0.501000 1.360000 6.610000 0.785000 0.785000
272000.000000 96.599998 0.003000
1.073000 0.050000 0.116600
0.127270 0.067182 0.000343 0.000000
0.000000

0.000000 0.631182 3.379295
0.373816 0.233593 9.293694 50.486935 205.010483
0.000000 0.005423 0.068495 0.000000 0.000000 0.000000
0.000000 0.000000 0.000000
0.827063 1.000000 0.000000
764.299377 0.000000
0.000000 0.000000 0.000000 0.000000
0.000000 0.970217
8 0.020000 1.120000 0.001000
0.486000 0.396000 0.726000 0.501000 1.360000 6.610000 0.785000 0.785000
272000.000000 96.599998 0.003000
1.073000 0.050000 0.116600
0.127276 0.067154 0.000343 0.000000
0.000000

0.000000 0.586592 3.240290
0.371500 0.235661 9.292039 50.472736 205.010101
0.000000 0.003860 0.066742 0.000000 0.000000 0.000000
0.000000 0.000000 0.000000
0.885146 1.000000 0.000000
764.299377 0.000000
0.000000 0.000000 0.000000 0.000000
0.000000 0.984664
8 0.020000 1.140000 0.001000
0.486000 0.396000 0.726000 0.501000 1.360000 6.610000 0.785000 0.785000
272000.000000 96.599998 0.003000
1.073000 0.050000 0.116600
0.127286 0.067371 0.000344 0.000000
0.000000

0.000000 0.503994 3.062144
0.369066 0.237500 9.287051 50.434204 205.008209
0.000000 0.003206 0.069541 0.000000 0.000000 0.000000
0.000000 0.000000 0.000000
0.942562 1.000000 0.000000
764.299377 0.000000
0.000000 0.000000 0.000000 0.000000
0.000000 0.963941
8 0.020000 1.160000 0.001000
0.486000 0.396000 0.726000 0.501000 1.360000 6.610000 0.785000 0.785000
272000.000000 96.599998 0.003000
1.073000 0.050000 0.116600
0.127295 0.067329 0.000344 0.000000
0.000000

0.000000 0.471293 2.953990
0.367031 0.239422 9.287262 50.429226 205.007278
0.000000 0.003065 0.074070 0.000000 0.000000 0.000000
0.000000 0.000000 0.000000
0.999298 1.000000 0.000000
764.299377 0.000000
0.000000 0.000000 0.000000 0.000000
0.000000 1.000647
8 0.020000 1.180000 0.001000
0.486000 0.396000 0.726000 0.501000 1.360000 6.610000 0.785000 0.785000
272000.000000 96.599998 0.003000
1.073000 0.050000 0.116600
0.127305 0.067148 0.000343 0.000000
0.000000

0.000000 0.441457 2.855585
0.365072 0.241245 9.286832 50.421993 205.007736
0.000000 0.003330 0.079889 0.000000 0.000000 0.000000
0.000000 0.000000 0.000000
1.055341 1.000000 0.000000
764.299377 0.000000
0.000000 0.000000 0.000000 0.000000
0.000000 0.970226
8 0.020000 1.200000 0.001000
0.486000 0.396000 0.726000 0.501000 1.360000 6.610000 0.785000 0.785000
272000.000000 96.599998 0.003000
1.073000 0.050000 0.116600
0.127312 0.067073 0.000343 0.000000
0.000000

0.000000 0.414739 2.767520
0.363244 0.243012 9.288401 50.419361 205.006119
0.000000 0.003932 0.086518 0.000000 0.000000 0.000000
0.000000 0.000000 0.000000
1.110678 1.000000 0.000000
764.299377 0.000000
0.000000 0.000000 0.000000 0.000000
0.000000 0.957911
8 0.020000 1.220000 0.001000
0.486000 0.396000 0.726000 0.501000 1.360000 6.610000 0.785000 0.785000
272000.000000 96.599998 0.003000
1.073000 0.050000 0.116600
0.127322 0.067056 0.000342 0.000000
0.000000

0.000000 0.364330 2.653198
0.361333 0.244596 9.285892 50.398849 205.004242
0.000000 0.004786 0.093067 0.000000 0.000000 0.000000
0.000000 0.000000 0.000000
1.165301 1.000000 0.000000
764.299377 0.000000
0.000000 0.000000 0.000000 0.000000
0.000000 0.951812
8 0.020000 1.240000 0.001000
0.486000 0.396000 0.726000 0.501000 1.360000 6.610000 0.785000 0.785000
272000.000000 96.599998 0.003000
1.073000 0.050000 0.116600
0.127330 0.067027 0.000342 0.000000
0.000000

0.000000 0.344705 2.584397
0.359691 0.246223 9.286908 50.399998 205.003632
0.000000 0.005784 0.098958 0.000000 0.000000 0.000000
0.000000 0.000000 0.000000
1.219198 1.000000 0.000000
764.299377 0.000000
0.000000 0.000000 0.000000 0.000000
0.000000 0.965492
8 0.020000 1.260000 0.001000
0.486000 0.396000 0.726000 0.501000 1.360000 6.610000 0.785000 0.785000
272000.000000 96.599998 0.003000
1.073000 0.050000 0.116600
0.127339 0.066996 0.000342 0.000000
0.000000

0.000000 0.326861 2.522413
0.358135 0.247786 9.288930 50.401882 205.002960
0.000000 0.006876 0.104570 0.000000 0.000000 0.000000
0.000000 0.000000 0.000000
1.272362 1.000000 0.000000
764.299377 0.000000
0.000000 0.000000 0.000000 0.000000
0.000000 1.003437
8 0.020000 1.280000 0.001000
0.486000 0.396000 0.726000 0.501000 1.360000 6.610000 0.785000 0.785000
272000.000000 96.599998 0.003000
1.073000 0.050000 0.116600
0.127348 0.068993 0.000352 0.000000
0.000000

0.000000 0.310861 2.466627
0.356657 0.249286 9.290863 50.404907 205.001526
0.000000 0.007992 0.109734 0.000000 0.000000 0.000000
0.000000 0.000000 0.000000
1.324784 1.000000 0.000000
764.299377 0.000000
0.000000 0.000000 0.000000 0.000000
0.000000 0.961956
8 0.020000 1.300000 0.001000
0.486000 0.396000 0.726000 0.501000 1.360000 6.610000 0.785000 0.785000
272000.000000 96.599998 0.003000
1.073000 0.050000 0.116600
0.127353 0.067185 0.000343 0.000000
0.000000

0.000000 0.296260 2.416287
0.355253 0.250726 9.292979 50.408981 205.001038
0.000000 0.009081 0.114392 0.000000 0.000000 0.000000
0.000000 0.000000 0.000000
1.376456 1.000000 0.000000
764.299377 0.000000
0.000000 0.000000 0.000000 0.000000
0.000000 0.957902
8 0.020000 1.320000 0.001000
0.486000 0.396000 0.726000 0.501000 1.360000 6.610000 0.785000 0.785000
272000.000000 96.599998 0.003000
1.073000 0.050000 0.116600
0.127362 0.067434 0.000344 0.000000
0.000000

0.000000 0.268422 2.350390
0.353818 0.252043 9.292902 50.402222 204.999268
0.000000 0.010181 0.119183 0.000000 0.000000 0.000000
0.000000 0.000000 0.000000
1.427373 1.000000 0.000000
764.299377 0.000000
0.000000 0.000000 0.000000 0.000000
0.000000 0.954701
8 0.020000 1.340000 0.001000
0.486000 0.396000 0.726000 0.501000 1.360000 6.610000 0.785000 0.785000
272000.000000 96.599998 0.003000
1.073000 0.050000 0.116600
0.127372 0.067241 0.000343 0.000000
0.000000

0.000000 0.257722 2.310945
0.352537 0.253362 9.294416 50.406254 204.999557
0.000000 0.011215 0.123290 0.000000 0.000000 0.000000
0.000000 0.000000 0.000000
1.477530 1.000000 0.000000
764.299377 0.000000
0.000000 0.000000 0.000000 0.000000
0.000000 0.942767
8 0.020000 1.360000 0.001000
0.486000 0.396000 0.726000 0.501000 1.360000 6.610000 0.785000 0.785000
272000.000000 96.599998 0.003000
1.073000 0.050000 0.116600
0.127378 0.067155 0.000343 0.000000
0.000000

0.000000 0.248295 2.276114
0.351338 0.254642 9.297380 50.412720 204.998978
0.000000 0.012183 0.127156 0.000000 0.000000 0.000000
0.000000 0.000000 0.000000
1.526920 1.000000 0.000000
764.299377 0.000000
0.000000 0.000000 0.000000 0.000000
0.000000 0.937710
8 0.020000 1.380000 0.001000
0.486000 0.396000 0.726000 0.501000 1.360000 6.610000 0.785000 0.785000
272000.000000 96.599998 0.003000
1.073000 0.050000 0.116600
0.127387 0.067136 0.000343 0.000000
0.000000

0.000000 0.239637 2.244451
0.350186 0.255863 9.299025 50.418995 204.999542
0.000000 0.013035 0.130526 0.000000 0.000000 0.000000
0.000000 0.000000 0.000000
1.575540 1.000000 0.000000
764.299377 0.000000
0.000000 0.000000 0.000000 0.000000
0.000000 0.991050
8 0.020000 1.400000 0.001000
0.486000 0.396000 0.726000 0.501000 1.360000 6.610000 0.785000 0.785000
272000.000000 96.599998 0.003000
1.073000 0.050000 0.116600
0.127394 0.067137 0.000343 0.000000
0.000000

0.000000 0.231878 2.216192
0.349095 0.257041 9.302156 50.425560 204.999283
0.000000 0.013799 0.133796 0.000000 0.000000 0.000000
0.000000 0.000000 0.000000
1.623387 1.000000 0.000000
764.299377 0.000000
0.000000 0.000000 0.000000 0.000000
0.000000 0.941834
8 0.020000 1.420000 0.001000
0.486000 0.396000 0.726000 0.501000 1.360000 6.610000 0.785000 0.785000
272000.000000 96.599998 0.003000
1.073000 0.050000 0.116600
0.127401 0.067087 0.000343 0.000000
0.000000

0.000000 0.216677 2.178631
0.347990 0.258127 9.302642 50.425522 204.998322
0.000000 0.014492 0.136844 0.000000 0.000000 0.000000
0.000000 0.000000 0.000000
1.670457 1.000000 0.000000
764.299377 0.000000
0.000000 0.000000 0.000000 0.000000
0.000000 0.954161
8 0.020000 1.440000 0.001000
0.486000 0.396000 0.726000 0.501000 1.360000 6.610000 0.785000 0.785000
272000.000000 96.599998 0.003000
1.073000 0.050000 0.116600
0.127408 0.067139 0.000343 0.000000
0.000000

0.000000 0.211137 2.156978
0.347004 0.259216 9.305907 50.433037 204.997864
0.000000 0.015153 0.139905 0.000000 0.000000 0.000000
0.000000 0.000000 0.000000
1.716748 1.000000 0.000000
764.299377 0.000000
0.000000 0.000000 0.000000 0.000000
0.000000 0.965624
8 0.020000 1.460000 0.001000
0.486000 0.396000 0.726000 0.501000 1.360000 6.610000 0.785000 0.785000
272000.000000 96.599998 0.003000
1.073000 0.050000 0.116600
0.127415 0.067118 0.000343 0.000000
0.000000

0.000000 0.206117 2.137612
0.346066 0.260264 9.308065 50.442108 204.997391
0.000000 0.015750 0.142672 0.000000 0.000000 0.000000
0.000000 0.000000 0.000000
1.762259 1.000000 0.000000
764.299377 0.000000
0.000000 0.000000 0.000000 0.000000
0.000000 0.960983
8 0.020000 1.480000 0.001000
0.486000 0.396000 0.726000 0.501000 1.360000 6.610000 0.785000 0.785000
272000.000000 96.599998 0.003000
1.073000 0.050000 0.116600
0.127424 0.067655 0.000346 0.000000
0.000000

0.000000 0.201519 2.119631
0.345149 0.261253 9.310799 50.446915 204.998535
0.000000 0.016302 0.145547 0.000000 0.000000 0.000000
0.000000 0.000000 0.000000
1.806988 1.000000 0.000000
764.299377 0.000000
0.000000 0.000000 0.000000 0.000000
0.000000 0.940031
8 0.020000 1.500000 0.001000
0.486000 0.396000 0.726000 0.501000 1.360000 6.610000 0.785000 0.785000
272000.000000 96.599998 0.003000
1.073000 0.050000 0.116600
0.127429 0.067211 0.000343 0.000000
0.000000

0.000000 0.165977 1.953467
0.344192 0.262162 9.311904 50.451382 204.998016
0.000000 0.017673 0.154613 0.000000 0.000000 0.000000
0.000000 0.000000 0.000000
1.850934 1.000000 0.000000
764.299377 0.000000
0.000000 0.000000 0.000000 0.000000
0.000000 0.931268
8 0.020000 1.520000 0.001000
0.486000 0.396000 0.726000 0.501000 1.360000 6.610000 0.785000 0.785000
272000.000000 96.599998 0.003000
1.073000 0.050000 0.116600
0.127434 0.067134 0.000343 0.000000
0.000000

0.000000 0.165284 1.953512
0.343370 0.263082 9.314833 50.457432 204.999023
0.000000 0.018744 0.157236 0.000000 0.000000 0.000000
0.000000 0.000000 0.000000
1.894097 1.000000 0.000000
764.299377 0.000000
0.000000 0.000000 0.000000 0.000000
0.000000 0.954829
8 0.020000 1.540000 0.001000
0.486000 0.396000 0.726000 0.501000 1.360000 6.610000 0.785000 0.785000
272000.000000 96.599998 0.003000
1.073000 0.050000 0.116600
0.127440 0.067157 0.000343 0.000000
0.000000

0.000000 0.160553 1.947172
0.342551 0.263941 9.315832 50.460434 204.999359
0.000000 0.019710 0.159909 0.000000 0.000000 0.000000
0.000000 0.000000 0.000000
1.936478 1.000000 0.000000
764.299377 0.000000
0.000000 0.000000 0.000000 0.000000
0.000000 0.936864
8 0.020000 1.560000 0.001000
0.486000 0.396000 0.726000 0.501000 1.360000 6.610000 0.785000 0.785000
272000.000000 96.599998 0.003000
1.073000 0.050000 0.116600
0.127446 0.067109 0.000343 0.000000
0.000000

0.000000 0.160416 1.948077
0.341805 0.264792 9.318790 50.466934 205.000031
0.000000 0.020366 0.162030 0.000000 0.000000 0.000000
0.000000 0.000000 0.000000
1.978076 1.000000 0.000000
764.299377 0.000000
0.000000 0.000000 0.000000 0.000000
0.000000 0.924883
8 0.020000 1.580000 0.001000
0.486000 0.396000 0.726000 0.501000 1.360000 6.610000 0.785000 0.785000
272000.000000 96.599998 0.003000
1.073000 0.050000 0.116600
0.127451 0.067114 0.000343 0.000000
0.000000

0.000000 0.160380 1.949554
0.341108 0.265622 9.321071 50.476940 204.998871
0.000000 0.020748 0.163915 0.000000 0.000000 0.000000
0.000000 0.000000 0.000000
2.018894 1.000000 0.000000
764.299377 0.000000
0.000000 0.000000 0.000000 0.000000
0.000000 0.966063
8 0.020000 1.600000 0.001000
0.486000 0.396000 0.726000 0.501000 1.360000 6.610000 0.785000 0.785000
272000.000000 96.599998 0.003000
1.073000 0.050000 0.116600
0.127458 0.067157 0.000343 0.000000
0.000000

0.000000 0.160317 1.950544
0.340425 0.266405 9.323803 50.483276 204.999435
0.000000 0.020932 0.165577 0.000000 0.000000 0.000000
0.000000 0.000000 0.000000
2.058932 1.000000 0.000000
764.299377 0.000000
0.000000 0.000000 0.000000 0.000000
0.000000 0.940852
8 0.020000 1.620000 0.001000
0.486000 0.396000 0.726000 0.501000 1.360000 6.610000 0.785000 0.785000
272000.000000 96.599998 0.003000
1.073000 0.050000 0.116600
0.127463 0.067673 0.000346 0.000000
0.000000

0.000000 0.160366 1.952160
0.339793 0.267174 9.326130 50.493637 204.999176
0.000000 0.021008 0.167197 0.000000 0.000000 0.000000
0.000000 0.000000 0.000000
2.098192 1.000000 0.000000
764.299377 0.000000
0.000000 0.000000 0.000000 0.000000
0.000000 0.937132
8 0.020000 1.640000 0.001000
0.486000 0.396000 0.726000 0.501000 1.360000 6.610000 0.785000 0.785000
272000.000000 96.599998 0.003000
1.073000 0.050000 0.116600
0.127471 0.067156 0.000343 0.000000
0.000000

0.000000 0.160367 1.953483
0.339177 0.267902 9.328753 50.501438 204.999390
0.000000 0.021029 0.168775 0.000000 0.000000 0.000000
0.000000 0.000000 0.000000
2.136676 1.000000 0.000000
764.299377 0.000000
0.000000 0.000000 0.000000 0.000000
0.000000 0.935871
8 0.020000 1.660000 0.001000
0.486000 0.396000 0.726000 0.501000 1.360000 6.610000 0.785000 0.785000
272000.000000 96.599998 0.003000
1.073000 0.050000 0.116600
0.127475 0.067180 0.000343 0.000000
0.000000

0.000000 0.158287 1.951438
0.338579 0.268595 9.331409 50.507755 204.999603
0.000000 0.021028 0.170399 0.000000 0.000000 0.000000
0.000000 0.000000 0.000000
2.174386 1.000000 0.000000
764.299377 0.000000
0.000000 0.000000 0.000000 0.000000
0.000000 0.919618
8 0.020000 1.680000 0.001000
0.486000 0.396000 0.726000 0.501000 1.360000 6.610000 0.785000 0.785000
272000.000000 96.599998 0.003000
1.073000 0.050000 0.116600
0.127483 0.067140 0.000343 0.000000
0.000000

0.000000 0.158497 1.955193
0.338089 0.269324 9.335259 50.526691 204.998260
0.000000 0.020998 0.171868 0.000000 0.000000 0.000000
0.000000 0.000000 0.000000
2.211327 1.000000 0.000000
764.299377 0.000000
0.000000 0.000000 0.000000 0.000000
0.000000 0.944715
8 0.020000 1.700000 0.001000
0.486000 0.396000 0.726000 0.501000 1.360000 6.610000 0.785000 0.785000
272000.000000 96.599998 0.003000
1.073000 0.050000 0.116600
0.127496 0.067138 0.000343 0.000000
0.000000

0.000000 0.158867 1.957591
0.337578 0.269990 9.338972 50.537468 204.997391
0.000000 0.020946 0.173272 0.000000 0.000000 0.000000
0.000000 0.000000 0.000000
2.247499 1.000000 0.000000
764.299377 0.000000
0.000000 0.000000 0.000000 0.000000
0.000000 0.931201
8 0.020000 1.720000 0.001000
0.486000 0.396000 0.726000 0.501000 1.360000 6.610000 0.785000 0.785000
272000.000000 96.599998 0.003000
1.073000 0.050000 0.116600
0.127503 0.067135 0.000343 0.000000
0.000000

0.000000 0.159143 1.959812
0.337086 0.270626 9.341344 50.548473 204.997757
0.000000 0.020869 0.174642 0.000000 0.000000 0.000000
0.000000 0.000000 0.000000
2.282907 1.000000 0.000000
764.299377 0.000000
0.000000 0.000000 0.000000 0.000000
0.000000 0.920656
8 0.020000 1.740000 0.001000
0.486000 0.396000 0.726000 0.501000 1.360000 6.610000 0.785000 0.785000
272000.000000 96.599998 0.003000
1.073000 0.050000 0.116600
0.127511 0.067131 0.000343 0.000000
0.000000

0.000000 0.159510 1.962428
0.336628 0.271248 9.345164 50.560143 204.996719
0.000000 0.020747 0.175950 0.000000 0.000000 0.000000
0.000000 0.000000 0.000000
2.317554 1.000000 0.000000
764.299377 0.000000
0.000000 0.000000 0.000000 0.000000
0.000000 0.912366
8 0.020000 1.760000 0.001000
0.486000 0.396000 0.726000 0.501000 1.360000 6.610000 0.785000 0.785000
272000.000000 96.599998 0.003000
1.073000 0.050000 0.116600
0.127519 0.067110 0.000343 0.000000
0.000000

0.000000 0.159849 1.965057
0.336194 0.271846 9.347890 50.572861 204.995544
0.000000 0.020548 0.177098 0.000000 0.000000 0.000000
0.000000 0.000000 0.000000
2.351444 1.000000 0.000000
764.299377 0.000000
0.000000 0.000000 0.000000 0.000000
0.000000 0.946797
8 0.020000 1.780000 0.001000
0.486000 0.396000 0.726000 0.501000 1.360000 6.610000 0.785000 0.785000
272000.000000 96.599998 0.003000
1.073000 0.050000 0.116600
0.127530 0.067131 0.000343 0.000000
0.000000

0.000000 0.160201 1.967663
0.335781 0.272422 9.351509 50.584610 204.995682
0.000000 0.020278 0.178307 0.000000 0.000000 0.000000
0.000000 0.000000 0.000000
2.384581 1.000000 0.000000
764.299377 0.000000
0.000000 0.000000 0.000000 0.000000
0.000000 0.925599
8 0.020000 1.800000 0.001000
0.486000 0.396000 0.726000 0.501000 1.360000 6.610000 0.785000 0.785000
272000.000000 96.599998 0.003000
1.073000 0.050000 0.116600
0.127536 0.067095 0.000343 0.000000
0.000000

0.000000 0.160043 1.969262
0.335377 0.272967 9.353896 50.595615 204.995987
0.000000 0.020042 0.180085 0.000000 0.000000 0.000000
0.000000 0.000000 0.000000
2.416968 1.000000 0.000000
764.299377 0.000000
0.000000 0.000000 0.000000 0.000000
0.000000 0.923807
8 0.020000 1.820000 0.001000
0.486000 0.396000 0.726000 0.501000 1.360000 6.610000 0.785000 0.785000
272000.000000 96.599998 0.003000
1.073000 0.050000 0.116600
0.127542 0.067104 0.000343 0.000000
0.000000

0.000000 0.160460 1.971584
0.334994 0.273491 9.357340 50.605549 204.995636
0.000000 0.019803 0.181545 0.000000 0.000000 0.000000
0.000000 0.000000 0.000000
2.448610 1.000000 0.000000
764.299377 0.000000
0.000000 0.000000 0.000000 0.000000
0.000000 0.912564
8 0.020000 1.840000 0.001000
0.486000 0.396000 0.726000 0.501000 1.360000 6.610000 0.785000 0.785000
272000.000000 96.599998 0.003000
1.073000 0.050000 0.116600
0.127551 0.067082 0.000343 0.000000
0.000000

0.000000 0.160794 1.973754
0.334627 0.273993 9.359418 50.616123 204.994949
0.000000 0.019580 0.183060 0.000000 0.000000 0.000000
0.000000 0.000000 0.000000
2.479513 1.000000 0.000000
764.299377 0.000000
0.000000 0.000000 0.000000 0.000000
0.000000 0.910103
8 0.020000 1.860000 0.001000
0.486000 0.396000 0.726000 0.501000 1.360000 6.610000 0.785000 0.785000
272000.000000 96.599998 0.003000
1.073000 0.050000 0.116600
0.127556 0.067064 0.000342 0.000000
0.000000

0.000000 0.161183 1.975970
0.334278 0.274475 9.362705 50.625336 204.994202
0.000000 0.019358 0.184626 0.000000 0.000000 0.000000
0.000000 0.000000 0.000000
2.509679 1.000000 0.000000
764.299377 0.000000
0.000000 0.000000 0.000000 0.000000
0.000000 0.902113
8 0.020000 1.880000 0.001000
0.486000 0.396000 0.726000 0.501000 1.360000 6.610000 0.785000 0.785000
272000.000000 96.599998 0.003000
1.073000 0.050000 0.116600
0.127564 0.067079 0.000343 0.000000
0.000000

0.000000 0.161479 1.977806
0.333935 0.274930 9.364592 50.633919 204.994217
0.000000 0.019138 0.186202 0.000000 0.000000 0.000000
0.000000 0.000000 0.000000
2.539114 1.000000 0.000000
764.299377 0.000000
0.000000 0.000000 0.000000 0.000000
0.000000 0.946812
8 0.020000 1.900000 0.001000
0.486000 0.396000 0.726000 0.501000 1.360000 6.610000 0.785000 0.785000
272000.000000 96.599998 0.003000
1.073000 0.050000 0.116600
0.127570 0.067084 0.000343 0.000000
0.000000

0.000000 0.161869 1.980074
0.333624 0.275378 9.367804 50.643799 204.993439
0.000000 0.018927 0.187663 0.000000 0.000000 0.000000
0.000000 0.000000 0.000000
2.567823 1.000000 0.000000
764.299377 0.000000
0.000000 0.000000 0.000000 0.000000
0.000000 0.933537
8 0.020000 1.920000 0.001000
0.486000 0.396000 0.726000 0.501000 1.360000 6.610000 0.785000 0.785000
272000.000000 96.599998 0.003000
1.073000 0.050000 0.116600
0.127575 0.067081 0.000343 0.000000
0.000000

0.000000 0.162202 1.982656
0.333340 0.275817 9.370319 50.655987 204.992630
0.000000 0.018777 0.189344 0.000000 0.000000 0.000000
0.000000 0.000000 0.000000
2.595811 1.000000 0.000000
764.299377 0.000000
0.000000 0.000000 0.000000 0.000000
0.000000 0.912156
8 0.020000 1.940000 0.001000
0.486000 0.396000 0.726000 0.501000 1.360000 6.610000 0.785000 0.785000
272000.000000 96.599998 0.003000
1.073000 0.050000 0.116600
0.127586 0.067051 0.000342 0.000000
0.000000

0.000000 0.162572 1.986254
0.333105 0.276267 9.374280 50.672722 204.991730
0.000000 0.018697 0.191317 0.000000 0.000000 0.000000
0.000000 0.000000 0.000000
2.623083 1.000000 0.000000
764.299377 0.000000
0.000000 0.000000 0.000000 0.000000
0.000000 0.911075
8 0.020000 1.960000 0.001000
0.486000 0.396000 0.726000 0.501000 1.360000 6.610000 0.785000 0.785000
272000.000000 96.599998 0.003000
1.073000 0.050000 0.116600
0.127594 0.067045 0.000342 0.000000
0.000000

0.000000 0.162939 1.997586
0.333141 0.276914 9.385368 50.728306 204.987289
0.000000 0.018687 0.193660 0.000000 0.000000 0.000000
0.000000 0.000000 0.000000
2.649644 1.000000 0.000000
764.299377 0.000000
0.000000 0.000000 0.000000 0.000000
0.000000 0.898915
8 0.020000 1.980000 0.001000
0.486000 0.396000 0.726000 0.501000 1.360000 6.610000 0.785000 0.785000
272000.000000 96.599998 0.003000
1.073000 0.050000 0.116600
0.127630 0.066991 0.000342 0.000000
0.000000

0.000000 0.163296 2.016211
0.333436 0.277748 9.403100 50.820839 204.980225
0.000000 0.097776 0.266582 0.000000 0.000000 0.000000
0.000000 0.000000 0.000000
2.675499 1.000000 0.000000
764.299377 0.000000
0.000000 0.000000 0.000000 0.000000
0.000000 0.945575
8 0.020000 2.000000 0.001000
0.486000 0.396000 0.726000 0.501000 1.360000 6.610000 0.785000 0.785000
272000.000000 96.599998 0.003000
1.073000 0.050000 0.116600
0.127689 0.067025 0.000342 0.000000
0.000000
1.000000
2.000000
0.000000 0.000000
0.000000
0
-0.680000
0 0
0.000000
1
0.000000
1.000000
1.000000
1.000000
0.000000 0.000000 0.000000
0.000000 0.000000
0.000000 0.000000 0.000000 0.000000 0.000000 0.000000 0.000000
0.000000 0.000000 0.000000 0.000000 0.000000 0.000000 0.000000
242
2.000000
1
C:\DNDC\sites\Ottawa\CEFSoilc.spf
-1.000000 -1.000000
0.000000
34
34
10.000000
106
0.000000
0.000000
258
0.000000
213801.546875
1
