7
Clay_loam
0.314000 0.490000 0.006410 0.726000 0.398000 1.000000 0.000000 0.000000
1.350000 6.610000 1 0.031000 0.500000 0.050000 0.010000 0.240000 0.750000
0.000000 0.020000 2.000000 270000.000000 96.599998 100
0.233300 1.944000 3.025300 0.000000 1
10.000000 10.000000 10.000000 5.000000 25.000000 100.000000
0.000000 0.003673 0.056309 0.000000 0.000000 0.000000
500.000000 0.000000 0.000000

0.016609 17.872429 386.417480
12.018588 1.335507 131.146576 1460.083496 5579.371094
0.000000 16.331217 1.123100 1.010348 0.067911 0.000000
0.000732 0.004958 0.000622
-2.433037 0.105948 33.947193
764.299377 0.000000
2.747674 0.000000 0.000000 0.000000
0.000000 32.342155
7 0.020000 0.020000 0.031000
0.490000 0.314000 0.726000 0.398000 1.350000 6.610000 0.726000 0.726000
270000.000000 96.599998 0.006410
1.073000 0.050000 0.116600
21.652325 5.716897 0.003242 0.000000
0.000000

0.013826 13.553543 381.965729
12.171782 1.352520 120.548203 1462.383545 5583.283691
0.000000 4.581669 1.138348 0.505174 0.001631 0.000000
0.000229 0.004495 0.000328
-2.262666 0.109857 60.382061
764.299377 0.000000
2.489071 0.000000 0.000000 0.000000
0.000000 15.593355
7 0.020000 0.040000 0.031000
0.490000 0.314000 0.726000 0.398000 1.350000 6.610000 0.726000 0.726000
270000.000000 96.599998 0.006410
1.073000 0.050000 0.116600
21.580713 5.771115 0.003396 0.000000
0.000000

0.012742 11.715265 372.414246
12.289372 1.365581 116.115974 1462.844482 5584.807129
0.000000 5.976357 1.276800 0.252587 0.000480 0.000000
0.000054 0.002825 0.000104
-2.141095 0.112923 60.081562
764.299377 0.000000
2.315955 0.000000 0.000000 0.000000
0.000000 17.336044
7 0.020000 0.060000 0.031000
0.490000 0.314000 0.726000 0.398000 1.350000 6.610000 0.726000 0.726000
270000.000000 96.599998 0.006410
1.073000 0.050000 0.116600
21.549538 5.805310 0.003513 0.000000
0.000000

0.012214 10.715896 368.888123
12.416151 1.379665 113.237747 1463.124512 5585.765625
0.000000 3.967999 1.211278 0.126294 0.000082 0.000000
0.000011 0.001176 0.000000
-2.020985 0.116218 59.758633
764.299377 0.000000
2.147501 0.000000 0.000000 0.000000
0.000000 14.447269
7 0.020000 0.080000 0.031000
0.490000 0.314000 0.726000 0.398000 1.350000 6.610000 0.726000 0.726000
270000.000000 96.599998 0.006410
1.073000 0.050000 0.116600
21.528822 5.785463 0.003604 0.000000
0.000000

0.012902 11.522307 371.262329
12.582722 1.398172 116.031372 1462.879761 5584.716797
0.000000 2.674510 1.162954 0.063147 0.000082 0.000000
0.000010 0.000000 0.000000
-1.902352 0.119772 59.410381
764.299377 0.000000
1.988052 0.000000 0.000000 0.000000
0.000000 12.652645
7 0.020000 0.100000 0.025000
0.490000 0.314000 0.726000 0.398000 1.350000 6.610000 0.726000 0.726000
270000.000000 96.599998 0.006410
1.073000 0.050000 0.116600
21.549168 5.730572 0.003679 0.000000
0.000000

0.014219 13.154883 408.810852
12.873515 1.550804 120.730957 1459.875244 5582.853027
0.000000 1.958101 0.970212 0.031573 0.000082 0.000000
0.000007 0.000000 0.000000
-1.785206 0.123619 59.033329
764.299377 0.000000
1.563146 0.000000 0.000000 0.000000
0.000000 14.250169
7 0.020000 0.120000 0.025000
0.490000 0.314000 0.726000 0.398000 1.350000 6.610000 0.726000 0.726000
270000.000000 96.599998 0.006410
1.073000 0.050000 0.116600
21.583933 5.630528 0.003730 0.000000
0.000000

0.015105 14.282601 410.760468
13.015832 1.550307 123.914276 1459.496704 5581.659180
0.000000 1.419317 0.893783 0.015787 0.000082 0.000000
0.000006 0.000000 0.000000
-1.669555 0.127803 58.623291
764.299377 0.000000
1.449791 0.000000 0.000000 0.000000
0.000000 13.170374
7 0.020000 0.140000 0.025000
0.490000 0.314000 0.726000 0.398000 1.350000 6.610000 0.726000 0.726000
270000.000000 96.599998 0.006410
1.073000 0.050000 0.116600
21.605839 5.568699 0.003814 0.000000
0.000000

0.015830 19.246670 412.277466
13.137081 1.547894 126.321442 1457.763672 5580.700684
0.000000 0.833931 0.790471 0.007893 0.000139 0.000000
0.000006 0.000000 0.000000
-1.555400 0.132376 58.175175
764.299377 0.000000
1.336193 0.000000 0.000000 0.000000
0.000000 9.312589
7 0.020000 0.160000 0.025000
0.490000 0.314000 0.726000 0.398000 1.350000 6.610000 0.726000 0.726000
270000.000000 96.599998 0.006410
1.073000 0.050000 0.116600
21.622871 5.507448 0.003908 0.000000
0.000000

0.016527 20.357395 413.679382
13.268843 1.547345 128.747467 1457.380981 5579.807617
0.000000 0.499023 0.710577 0.003947 0.000139 0.000000
0.000005 0.000000 0.000000
-1.442737 0.137401 57.682678
764.299377 0.000000
1.225616 0.000000 0.000000 0.000000
0.000000 6.121651
7 0.020000 0.180000 0.020000
0.490000 0.314000 0.726000 0.398000 1.350000 6.610000 0.726000 0.726000
270000.000000 96.599998 0.006410
1.073000 0.050000 0.116600
21.638975 5.460737 0.004022 0.000000
0.000000

0.016789 20.738050 414.190552
13.386784 1.545871 129.554245 1457.231567 5579.495117
0.000000 1.371687 0.823830 0.001973 0.000139 0.000000
0.000004 0.000000 0.000000
-1.331547 0.142960 57.137932
764.299377 0.000000
1.115597 0.000000 0.000000 0.000000
0.000000 14.415283
7 0.020000 0.200000 0.020000
0.490000 0.314000 0.726000 0.398000 1.350000 6.610000 0.726000 0.726000
270000.000000 96.599998 0.006410
1.073000 0.050000 0.116600
21.644278 6.032326 0.004642 0.000000
0.000000

0.038238 72.997620 442.050537
13.911353 1.591689 197.603271 1438.663818 5555.035156
0.000000 3.491938 0.926788 0.000987 0.000139 0.000000
0.000004 0.000000 0.000000
-1.221801 0.149154 56.530937
764.299377 0.000000
1.037708 0.000000 0.000000 0.000000
0.000000 14.252270
7 0.020000 0.220000 0.020000
0.490000 0.314000 0.726000 0.398000 1.350000 6.610000 0.726000 0.726000
270000.000000 96.599998 0.006410
1.073000 0.050000 0.116600
22.011875 5.787351 0.004642 0.000000
0.000000

0.038956 34.135582 176.465256
8.504498 0.964764 144.530731 847.974243 4098.565430
0.000000 4.630289 0.838058 0.000493 0.000000 0.000000
0.000003 0.000000 0.000000
-1.113422 0.156115 55.848732
764.299377 0.000000
0.561911 0.000000 0.000000 0.000000
0.000000 10.876946
7 0.020000 0.240000 0.020000
0.490000 0.314000 0.726000 0.398000 1.350000 6.610000 0.726000 0.726000
270000.000000 96.599998 0.006410
1.073000 0.050000 0.116600
2.360978 2.863275 0.002360 0.000000
0.000000

0.035829 30.993544 160.963257
8.616163 1.054656 143.905594 842.773254 4098.339355
0.000000 5.063130 0.791677 0.000247 0.000000 0.000000
0.000001 0.000000 0.000000
-1.006347 0.164019 55.074150
764.299377 0.000000
0.301014 0.000000 0.000000 0.000000
0.000000 9.024837
7 0.020000 0.260000 0.020000
0.490000 0.314000 0.726000 0.398000 1.350000 6.610000 0.726000 0.726000
270000.000000 96.599998 0.006410
1.073000 0.050000 0.116600
2.363259 1.789737 0.001540 0.000000
0.000000

0.039509 32.321877 159.077087
8.156966 0.976937 137.529694 791.351501 3684.523438
0.000000 23.129639 1.072739 0.000123 0.000000 0.000000
0.000000 0.000000 0.000000
-0.902207 0.172976 58.267967
764.299377 0.000000
0.254061 0.000000 0.000000 0.000000
0.000000 25.741539
7 0.020000 0.280000 0.018000
0.490000 0.314000 0.726000 0.398000 1.350000 6.610000 0.726000 0.726000
270000.000000 96.599998 0.000070
1.073000 0.050000 0.116600
2.155352 2.563134 0.002338 0.000000
0.000000

0.038034 30.558346 148.660858
8.242785 0.966601 138.927948 794.820801 3682.962402
0.000000 16.297850 0.897816 0.000062 0.000000 0.000000
0.000001 0.000000 0.000000
-0.803502 0.182974 65.595795
764.299377 0.000000
0.227446 0.000000 0.000000 0.000000
0.000000 11.224928
7 0.020000 0.300000 0.018000
0.490000 0.314000 0.726000 0.398000 1.350000 6.610000 0.726000 0.726000
270000.000000 96.599998 0.000070
1.073000 0.050000 0.116600
2.163643 1.514838 0.001452 0.000000
0.000000

0.034593 27.641708 135.485199
8.219173 0.945465 137.859222 788.111023 3682.941406
0.000000 8.341237 0.701358 0.000031 0.000000 0.000000
0.000000 0.000000 0.000000
-0.709228 0.194208 69.739403
764.299377 0.000000
0.199209 0.000000 0.000000 0.000000
0.000000 6.231853
7 0.020000 0.320000 0.018000
0.490000 0.314000 0.726000 0.398000 1.350000 6.610000 0.726000 0.726000
270000.000000 96.599998 0.000070
1.073000 0.050000 0.116600
2.162899 1.349247 0.001372 0.000000
0.000000

0.033248 26.139132 125.339302
7.550643 0.934410 126.186302 712.605408 3216.315674
0.000000 3.390225 0.501048 0.000015 0.000000 0.000000
0.000000 0.000129 0.000003
-0.617292 0.207236 71.339211
764.299377 0.000000
0.000000 0.000000 0.000000 0.000000
0.000000 5.032501
8 0.020000 0.340000 0.015500
0.483000 0.377000 0.726000 0.484000 1.370000 6.610000 0.770000 0.770000
274000.000000 96.599998 0.000070
1.073000 0.050000 0.116600
1.907318 1.176079 0.001238 0.000000
0.000000

0.030101 23.632446 114.344406
7.506744 0.916217 125.319138 707.519775 3216.311523
0.000000 1.149292 0.406139 0.000008 0.000000 0.000000
0.000000 0.000079 0.000002
-0.525307 0.222762 71.702660
764.299377 0.000000
0.000000 0.000000 0.000000 0.000000
0.000000 4.861175
8 0.020000 0.360000 0.015500
0.483000 0.377000 0.726000 0.484000 1.370000 6.610000 0.770000 0.770000
274000.000000 96.599998 0.000070
1.073000 0.050000 0.116600
1.906896 1.137065 0.001287 0.000000
0.000000

0.027267 21.339600 104.320259
7.464963 0.899062 124.504211 702.642517 3216.403809
0.000000 0.347651 0.332574 0.000004 0.000000 0.000000
0.000000 0.000034 0.000001
-0.430710 0.241739 71.138916
764.299377 0.000000
0.000000 0.000000 0.000000 0.000000
0.000000 4.793667
8 0.020000 0.380000 0.015500
0.483000 0.377000 0.726000 0.484000 1.370000 6.610000 0.770000 0.770000
274000.000000 96.599998 0.000070
1.073000 0.050000 0.116600
1.906315 1.128106 0.001387 0.000000
0.000000

0.024688 19.263067 95.251686
7.430761 0.884290 123.724380 698.103577 3216.451904
0.000000 0.118798 0.280976 0.000002 0.000000 0.000000
0.000000 0.000013 0.000000
-0.323252 0.265755 69.628586
764.299377 0.000000
0.000000 0.000000 0.000000 0.000000
0.000000 4.741039
8 0.020000 0.400000 0.015500
0.483000 0.377000 0.726000 0.484000 1.370000 6.610000 0.770000 0.770000
274000.000000 96.599998 0.000070
1.073000 0.050000 0.116600
1.905713 1.127029 0.001527 0.000000
0.000000

0.022351 17.421108 87.179352
7.397889 0.869067 123.127800 694.594788 3216.516602
0.000000 0.065835 0.254431 0.000001 0.000000 0.000000
0.000000 0.000006 0.000000
-0.162696 0.297557 67.031425
764.299377 0.000000
0.000000 0.000000 0.000000 0.000000
0.000000 4.696327
8 0.020000 0.420000 0.015500
0.483000 0.377000 0.726000 0.484000 1.370000 6.610000 0.770000 0.770000
274000.000000 96.599998 0.000070
1.073000 0.050000 0.116600
1.905588 1.126531 0.001722 0.000000
0.000000

0.020261 15.773156 79.906822
7.363326 0.867179 122.593849 691.398926 3216.607666
0.000000 0.053515 0.250308 0.000000 0.000000 0.000000
0.000000 0.000005 0.000000
-0.095872 0.342809 62.912228
764.299377 0.000000
0.000000 0.000000 0.000000 0.000000
0.000000 4.675526
8 0.020000 0.440000 0.015500
0.483000 0.377000 0.726000 0.484000 1.370000 6.610000 0.770000 0.770000
274000.000000 96.599998 0.000070
1.073000 0.050000 0.116600
1.905474 1.126973 0.001979 0.000000
0.000000

0.018353 14.290854 73.386169
7.330022 0.868971 122.153755 688.777710 3216.655273
0.000000 0.053523 0.257826 0.000000 0.000000 0.000000
0.000000 0.000004 0.000000
-0.036733 0.415557 56.002167
764.299377 0.000000
0.000000 0.000000 0.000000 0.000000
0.000000 4.673118
8 0.020000 0.460000 0.015500
0.483000 0.377000 0.726000 0.484000 1.370000 6.610000 0.770000 0.770000
274000.000000 96.599998 0.000070
1.073000 0.050000 0.116600
1.905567 1.123745 0.002385 0.000000
0.000000

0.016643 12.935658 67.447578
7.300827 0.873800 121.759651 686.373779 3216.720459
0.000000 0.057312 0.266912 0.000000 0.000000 0.000000
0.000000 0.000004 0.000000
0.004596 0.564659 41.638851
764.299377 0.000000
0.000000 0.000000 0.000000 0.000000
0.000000 4.664885
8 0.020000 0.480000 0.015500
0.483000 0.377000 0.726000 0.484000 1.370000 6.610000 0.770000 0.770000
274000.000000 96.599998 0.000070
1.073000 0.050000 0.116600
1.905627 1.122408 0.003225 0.000000
0.000000

0.015069 11.717577 62.122475
7.265430 0.882051 121.441170 684.478149 3216.789795
0.000000 0.058404 0.275072 0.000000 0.000000 0.000000
0.000000 0.000002 0.000002
-0.014862 0.995585 0.000000
764.299377 0.000000
0.000000 0.000000 0.000000 0.000000
0.000000 4.657171
8 0.020000 0.500000 0.015500
0.483000 0.377000 0.726000 0.484000 1.370000 6.610000 0.770000 0.770000
274000.000000 96.599998 0.000070
1.073000 0.050000 0.116600
1.905885 1.119471 0.005646 0.000000
0.000000

0.013676 10.631083 57.350380
7.236462 0.893830 121.202156 682.910583 3216.817627
0.000000 0.059595 0.285281 0.000000 0.000000 0.000000
0.000000 0.000002 0.000001
0.054298 0.994883 0.000000
764.299377 0.000000
0.000000 0.000000 0.000000 0.000000
0.000000 4.651654
8 0.020000 0.520000 0.015500
0.483000 0.377000 0.726000 0.484000 1.370000 6.610000 0.770000 0.770000
274000.000000 96.599998 0.000070
1.073000 0.050000 0.116600
1.906221 1.119051 0.005640 0.000000
0.000000

0.008792 7.840726 42.317253
3.634004 0.458475 59.455872 344.534058 1663.564087
0.000000 0.077590 0.227160 0.000000 0.000000 0.000000
0.000000 0.000002 0.000002
0.125929 0.770000 0.000000
764.299377 0.000000
0.000000 0.000000 0.000000 0.000000
0.000000 4.445946
8 0.020000 0.540000 0.008000
0.483000 0.377000 0.726000 0.484000 1.370000 6.610000 0.770000 0.770000
274000.000000 96.599998 0.002410
1.073000 0.050000 0.116600
0.970702 0.698319 0.002718 0.000000
0.000000

0.008013 7.154690 38.952934
3.616721 0.466306 59.367001 343.751556 1663.443359
0.000000 0.216739 0.270036 0.000000 0.000000 0.000000
0.000000 0.000004 0.000004
0.200709 0.770000 0.000000
764.299377 0.000000
0.000000 0.000000 0.000000 0.000000
0.000000 4.278284
8 0.020000 0.560000 0.008000
0.483000 0.377000 0.726000 0.484000 1.370000 6.610000 0.770000 0.770000
274000.000000 96.599998 0.002410
1.073000 0.050000 0.116600
0.971497 0.616271 0.002398 0.000000
0.000000

0.007325 6.559353 35.999615
3.604172 0.474506 59.362206 343.381439 1663.265015
0.000000 0.496647 0.310252 0.000000 0.000000 0.000000
0.000000 0.000007 0.000006
0.274067 0.770000 0.000000
764.299377 0.000000
0.000000 0.000000 0.000000 0.000000
0.000000 4.378148
8 0.020000 0.580000 0.008000
0.483000 0.377000 0.726000 0.484000 1.370000 6.610000 0.770000 0.770000
274000.000000 96.599998 0.002410
1.073000 0.050000 0.116600
0.972489 0.601014 0.002338 0.000000
0.000000

0.006746 6.030369 33.349205
3.595245 0.482978 59.448402 343.299255 1663.041870
0.000000 0.598171 0.328419 0.000000 0.000000 0.000000
0.000000 0.000007 0.000006
0.346046 0.770000 0.000000
764.299377 0.000000
0.000000 0.000000 0.000000 0.000000
0.000000 4.456867
8 0.020000 0.600000 0.008000
0.483000 0.377000 0.726000 0.484000 1.370000 6.610000 0.770000 0.770000
274000.000000 96.599998 0.002410
1.073000 0.050000 0.116600
0.973597 0.598938 0.002330 0.000000
0.000000

0.006220 5.536901 30.899853
3.586721 0.491323 59.552296 343.223114 1662.865112
0.000000 0.493177 0.328291 0.000000 0.000000 0.000000
0.000000 0.000006 0.000005
0.416690 0.770000 0.000000
764.299377 0.000000
0.000000 0.000000 0.000000 0.000000
0.000000 4.340034
8 0.020000 0.620000 0.008000
0.483000 0.377000 0.726000 0.484000 1.370000 6.610000 0.770000 0.770000
274000.000000 96.599998 0.002410
1.073000 0.050000 0.116600
0.974602 0.594269 0.002312 0.000000
0.000000

0.005739 5.089606 28.702860
3.580578 0.499832 59.687553 343.362915 1662.697510
0.000000 0.464519 0.333629 0.000000 0.000000 0.000000
0.000000 0.000005 0.000004
0.486045 0.770000 0.000000
764.299377 0.000000
0.000000 0.000000 0.000000 0.000000
0.000000 4.187596
8 0.020000 0.640000 0.008000
0.483000 0.377000 0.726000 0.484000 1.370000 6.610000 0.770000 0.770000
274000.000000 96.599998 0.002410
1.073000 0.050000 0.116600
0.975666 0.591135 0.002300 0.000000
0.000000

0.005281 4.677751 26.714874
3.576194 0.508446 59.832722 343.673309 1662.502197
0.000000 0.526582 0.347938 0.000000 0.000000 0.000000
0.000000 0.000005 0.000004
0.554157 0.770000 0.000000
764.299377 0.000000
0.000000 0.000000 0.000000 0.000000
0.000000 4.142557
8 0.020000 0.660000 0.008000
0.483000 0.377000 0.726000 0.484000 1.370000 6.610000 0.770000 0.770000
274000.000000 96.599998 0.002410
1.073000 0.050000 0.116600
0.976750 0.589167 0.002292 0.000000
0.000000

0.004879 4.313787 24.979170
3.577308 0.517730 60.060432 344.506622 1662.256470
0.000000 0.658786 0.367007 0.000000 0.000000 0.000000
0.000000 0.000005 0.000004
0.621075 0.770000 0.000000
764.299377 0.000000
0.000000 0.000000 0.000000 0.000000
0.000000 4.118222
8 0.020000 0.680000 0.008000
0.483000 0.377000 0.726000 0.484000 1.370000 6.610000 0.770000 0.770000
274000.000000 96.599998 0.002410
1.073000 0.050000 0.116600
0.978120 0.593526 0.002309 0.000000
0.000000

0.004527 3.994884 23.462345
3.582003 0.527453 60.361080 345.660004 1661.943237
0.000000 1.388737 0.409801 0.000000 0.000000 0.000000
0.000000 0.000006 0.000005
0.686845 0.770000 0.000000
764.299377 0.000000
0.000000 0.000000 0.000000 0.000000
0.000000 4.126279
8 0.020000 0.700000 0.008000
0.483000 0.377000 0.726000 0.484000 1.370000 6.610000 0.770000 0.770000
274000.000000 96.599998 0.002410
1.073000 0.050000 0.116600
0.979670 0.590183 0.002296 0.000000
0.000000

0.004239 3.724495 22.177057
3.591820 0.537879 60.802250 347.244293 1661.615723
0.000000 1.543661 0.430869 0.000000 0.000000 0.000000
0.000000 0.000006 0.000005
0.751516 0.770000 0.000000
764.299377 0.000000
0.000000 0.000000 0.000000 0.000000
0.000000 4.379253
8 0.020000 0.720000 0.008000
0.483000 0.377000 0.726000 0.484000 1.370000 6.610000 0.770000 0.770000
274000.000000 96.599998 0.002410
1.073000 0.050000 0.116600
0.981493 0.591279 0.002300 0.000000
0.000000

0.004187 3.587453 19.263256
2.288611 0.348064 39.149532 221.579819 1030.541382
0.000000 2.444558 0.312853 0.000000 0.000000 0.000000
0.000000 0.000006 0.000005
0.811397 0.981673 0.000000
764.299377 0.000000
0.000000 0.000000 0.000000 0.000000
0.000000 3.642776
8 0.020000 0.740000 0.005000
0.486000 0.396000 0.726000 0.501000 1.360000 6.610000 0.785000 0.785000
272000.000000 96.599998 0.003000
1.073000 0.050000 0.116600
0.612103 0.381781 0.001917 0.000000
0.000000

0.004031 3.381099 18.212454
2.297382 0.354391 39.559967 222.716599 1030.208984
0.000000 1.964734 0.311825 0.000000 0.000000 0.000000
0.000000 0.000005 0.000004
0.866631 1.000000 0.000000
764.299377 0.000000
0.000000 0.000000 0.000000 0.000000
0.000000 3.388949
8 0.020000 0.760000 0.005000
0.486000 0.396000 0.726000 0.501000 1.360000 6.610000 0.785000 0.785000
272000.000000 96.599998 0.003000
1.073000 0.050000 0.116600
0.613506 0.368577 0.001885 0.000000
0.000000

0.003935 3.208086 17.304579
2.308116 0.360990 40.020733 223.977524 1029.917725
0.000000 2.307715 0.316867 0.000000 0.000000 0.000000
0.000000 0.000005 0.000004
0.920579 1.000000 0.000000
764.299377 0.000000
0.000000 0.000000 0.000000 0.000000
0.000000 3.039133
8 0.020000 0.780000 0.005000
0.486000 0.396000 0.726000 0.501000 1.360000 6.610000 0.785000 0.785000
272000.000000 96.599998 0.003000
1.073000 0.050000 0.116600
0.614958 0.365460 0.001869 0.000000
0.000000

0.003798 2.932672 16.247852
2.319396 0.367677 40.468739 225.316757 1029.562988
0.000000 2.139852 0.318605 0.000000 0.000000 0.000000
0.000000 0.000004 0.000003
0.973534 1.000000 0.000000
764.299377 0.000000
0.000000 0.000000 0.000000 0.000000
0.000000 2.868775
8 0.020000 0.800000 0.005000
0.486000 0.396000 0.726000 0.501000 1.360000 6.610000 0.785000 0.785000
272000.000000 96.599998 0.003000
1.073000 0.050000 0.116600
0.616529 0.360994 0.001846 0.000000
0.000000

0.000000 1.784941 13.174574
2.333830 0.374883 40.973042 226.990524 1029.191162
0.000000 1.410867 0.312107 0.000000 0.000000 0.000000
0.000000 0.000003 0.000003
1.025537 1.000000 0.000000
764.299377 0.000000
0.000000 0.000000 0.000000 0.000000
0.000000 2.654345
8 0.020000 0.820000 0.005000
0.486000 0.396000 0.726000 0.501000 1.360000 6.610000 0.785000 0.785000
272000.000000 96.599998 0.003000
1.073000 0.050000 0.116600
0.618289 0.357065 0.001826 0.000000
0.000000

0.000000 1.688583 12.722405
2.348394 0.382126 41.377735 228.747101 1028.888428
0.000000 0.847443 0.305029 0.000000 0.000000 0.000000
0.000000 0.000002 0.000002
1.076630 1.000000 0.000000
764.299377 0.000000
0.000000 0.000000 0.000000 0.000000
0.000000 2.584343
8 0.020000 0.840000 0.005000
0.486000 0.396000 0.726000 0.501000 1.360000 6.610000 0.785000 0.785000
272000.000000 96.599998 0.003000
1.073000 0.050000 0.116600
0.619780 0.354581 0.001814 0.000000
0.000000

0.000000 1.502816 12.067954
2.357008 0.388412 41.679607 229.925903 1028.634521
0.000000 0.590891 0.298641 0.000000 0.000000 0.000000
0.000000 0.000002 0.000001
1.126855 1.000000 0.000000
764.299377 0.000000
0.000000 0.000000 0.000000 0.000000
0.000000 2.532779
8 0.020000 0.860000 0.005000
0.486000 0.396000 0.726000 0.501000 1.360000 6.610000 0.785000 0.785000
272000.000000 96.599998 0.003000
1.073000 0.050000 0.116600
0.620962 0.354211 0.001812 0.000000
0.000000

0.000000 1.411681 11.645492
2.364195 0.394461 41.952904 230.965256 1028.465942
0.000000 0.479613 0.296046 0.000000 0.000000 0.000000
0.000000 0.000001 0.000001
1.176252 1.000000 0.000000
764.299377 0.000000
0.000000 0.000000 0.000000 0.000000
0.000000 2.478691
8 0.020000 0.880000 0.005000
0.486000 0.396000 0.726000 0.501000 1.360000 6.610000 0.785000 0.785000
272000.000000 96.599998 0.003000
1.073000 0.050000 0.116600
0.621885 0.350856 0.001794 0.000000
0.000000

0.000000 1.323275 11.255125
2.370512 0.400359 42.182854 231.946899 1028.314087
0.000000 0.400424 0.293732 0.000000 0.000000 0.000000
0.000000 0.000001 0.000001
1.224858 1.000000 0.000000
764.299377 0.000000
0.000000 0.000000 0.000000 0.000000
0.000000 2.442454
8 0.020000 0.900000 0.005000
0.486000 0.396000 0.726000 0.501000 1.360000 6.610000 0.785000 0.785000
272000.000000 96.599998 0.003000
1.073000 0.050000 0.116600
0.622734 0.350050 0.001790 0.000000
0.000000

0.000000 1.069418 10.134073
2.378723 0.406578 42.458828 233.109039 1028.069336
0.000000 0.384488 0.297715 0.000000 0.000000 0.000000
0.000000 0.000001 0.000001
1.272708 1.000000 0.000000
764.299377 0.000000
0.000000 0.000000 0.000000 0.000000
0.000000 2.390708
8 0.020000 0.920000 0.005000
0.486000 0.396000 0.726000 0.501000 1.360000 6.610000 0.785000 0.785000
272000.000000 96.599998 0.003000
1.073000 0.050000 0.116600
0.623832 0.350928 0.001795 0.000000
0.000000

0.000000 1.014816 5.420999
0.491350 0.084965 8.792909 48.192268 205.591583
0.000000 0.520331 0.119702 0.000000 0.000000 0.000000
0.000000 0.000001 0.000001
1.319838 1.000000 0.000000
764.299377 0.000000
0.000000 0.000000 0.000000 0.000000
0.000000 1.269817
8 0.020000 0.940000 0.001000
0.486000 0.396000 0.726000 0.501000 1.360000 6.610000 0.785000 0.785000
272000.000000 96.599998 0.003000
1.073000 0.050000 0.116600
0.125007 0.076878 0.000393 0.000000
0.000000

0.000000 0.976153 5.148771
0.493025 0.086244 8.861859 48.417431 205.534607
0.000000 0.441859 0.172027 0.000000 0.000000 0.000000
0.000000 0.000001 0.000001
1.366281 1.000000 0.000000
764.299377 0.000000
0.000000 0.000000 0.000000 0.000000
0.000000 1.062061
8 0.020000 0.960000 0.001000
0.486000 0.396000 0.726000 0.501000 1.360000 6.610000 0.785000 0.785000
272000.000000 96.599998 0.003000
1.073000 0.050000 0.116600
0.125279 0.071135 0.000363 0.000000
0.000000

0.000000 0.968287 4.953707
0.495998 0.087753 8.965429 48.758308 205.454895
0.000000 0.300769 0.170271 0.000000 0.000000 0.000000
0.000000 0.000000 0.000000
1.412066 1.000000 0.000000
764.299377 0.000000
0.000000 0.000000 0.000000 0.000000
0.000000 1.016641
8 0.020000 0.980000 0.001000
0.486000 0.396000 0.726000 0.501000 1.360000 6.610000 0.785000 0.785000
272000.000000 96.599998 0.003000
1.073000 0.050000 0.116600
0.125633 0.069298 0.000354 0.000000
0.000000

0.000000 0.922994 4.718622
0.500306 0.089507 9.059772 49.265705 205.353241
0.000000 0.171747 0.164933 0.000000 0.000000 0.000000
0.000000 0.000000 0.000000
1.457222 1.000000 0.000000
764.299377 0.000000
0.000000 0.000000 0.000000 0.000000
0.000000 1.004994
8 0.020000 1.000000 0.001000
0.486000 0.396000 0.726000 0.501000 1.360000 6.610000 0.785000 0.785000
272000.000000 96.599998 0.003000
1.073000 0.050000 0.116600
0.126117 0.068715 0.000351 0.000000
0.000000

0.000000 0.859808 4.463768
0.500735 0.090571 9.085010 49.390606 205.322693
0.000000 0.090828 0.155789 0.000000 0.000000 0.000000
0.000000 0.000000 0.000000
1.501777 1.000000 0.000000
764.299377 0.000000
0.000000 0.000000 0.000000 0.000000
0.000000 0.977804
8 0.020000 1.020000 0.001000
0.486000 0.396000 0.726000 0.501000 1.360000 6.610000 0.785000 0.785000
272000.000000 96.599998 0.003000
1.073000 0.050000 0.116600
0.126255 0.068298 0.000349 0.000000
0.000000

0.000000 0.800665 4.217700
0.500155 0.091447 9.090584 49.416527 205.305420
0.000000 0.051682 0.147216 0.000000 0.000000 0.000000
0.000000 0.000000 0.000000
1.545755 1.000000 0.000000
764.299377 0.000000
0.000000 0.000000 0.000000 0.000000
0.000000 0.974680
8 0.020000 1.040000 0.001000
0.486000 0.396000 0.726000 0.501000 1.360000 6.610000 0.785000 0.785000
272000.000000 96.599998 0.003000
1.073000 0.050000 0.116600
0.126323 0.068202 0.000348 0.000000
0.000000

0.000000 0.692570 3.897347
0.498242 0.092069 9.072520 49.310471 205.302185
0.000000 0.035293 0.141046 0.000000 0.000000 0.000000
0.000000 0.000000 0.000000
1.589178 1.000000 0.000000
764.299377 0.000000
0.000000 0.000000 0.000000 0.000000
0.000000 0.993600
8 0.020000 1.060000 0.001000
0.486000 0.396000 0.726000 0.501000 1.360000 6.610000 0.785000 0.785000
272000.000000 96.599998 0.003000
1.073000 0.050000 0.116600
0.126336 0.068132 0.000348 0.000000
0.000000

0.000000 0.636948 3.684956
0.497084 0.092819 9.068387 49.276188 205.299744
0.000000 0.028150 0.135905 0.000000 0.000000 0.000000
0.000000 0.000000 0.000000
1.632068 1.000000 0.000000
764.299377 0.000000
0.000000 0.000000 0.000000 0.000000
0.000000 0.981709
8 0.020000 1.080000 0.001000
0.486000 0.396000 0.726000 0.501000 1.360000 6.610000 0.785000 0.785000
272000.000000 96.599998 0.003000
1.073000 0.050000 0.116600
0.126351 0.068399 0.000349 0.000000
0.000000

0.000000 0.585947 3.491639
0.495947 0.093562 9.063218 49.244236 205.299500
0.000000 0.024022 0.130445 0.000000 0.000000 0.000000
0.000000 0.000000 0.000000
1.674444 1.000000 0.000000
764.299377 0.000000
0.000000 0.000000 0.000000 0.000000
0.000000 0.970062
8 0.020000 1.100000 0.001000
0.486000 0.396000 0.726000 0.501000 1.360000 6.610000 0.785000 0.785000
272000.000000 96.599998 0.003000
1.073000 0.050000 0.116600
0.126364 0.068085 0.000348 0.000000
0.000000

0.000000 0.539900 3.317192
0.494873 0.094307 9.060037 49.216454 205.299515
0.000000 0.020631 0.124258 0.000000 0.000000 0.000000
0.000000 0.000000 0.000000
1.716322 1.000000 0.000000
764.299377 0.000000
0.000000 0.000000 0.000000 0.000000
0.000000 0.982077
8 0.020000 1.120000 0.001000
0.486000 0.396000 0.726000 0.501000 1.360000 6.610000 0.785000 0.785000
272000.000000 96.599998 0.003000
1.073000 0.050000 0.116600
0.126373 0.068059 0.000348 0.000000
0.000000

0.000000 0.497815 3.158908
0.493834 0.095049 9.056337 49.192356 205.299896
0.000000 0.017418 0.117869 0.000000 0.000000 0.000000
0.000000 0.000000 0.000000
1.757720 1.000000 0.000000
764.299377 0.000000
0.000000 0.000000 0.000000 0.000000
0.000000 0.969114
8 0.020000 1.140000 0.001000
0.486000 0.396000 0.726000 0.501000 1.360000 6.610000 0.785000 0.785000
272000.000000 96.599998 0.003000
1.073000 0.050000 0.116600
0.126386 0.068253 0.000349 0.000000
0.000000

0.000000 0.436295 2.971536
0.492519 0.095728 9.048456 49.139332 205.297607
0.000000 0.014432 0.112060 0.000000 0.000000 0.000000
0.000000 0.000000 0.000000
1.798650 1.000000 0.000000
764.299377 0.000000
0.000000 0.000000 0.000000 0.000000
0.000000 0.954023
8 0.020000 1.160000 0.001000
0.486000 0.396000 0.726000 0.501000 1.360000 6.610000 0.785000 0.785000
272000.000000 96.599998 0.003000
1.073000 0.050000 0.116600
0.126398 0.068218 0.000348 0.000000
0.000000

0.000000 0.403880 2.846824
0.491631 0.096479 9.047264 49.128090 205.297485
0.000000 0.011835 0.107487 0.000000 0.000000 0.000000
0.000000 0.000000 0.000000
1.839125 1.000000 0.000000
764.299377 0.000000
0.000000 0.000000 0.000000 0.000000
0.000000 0.964767
8 0.020000 1.180000 0.001000
0.486000 0.396000 0.726000 0.501000 1.360000 6.610000 0.785000 0.785000
272000.000000 96.599998 0.003000
1.073000 0.050000 0.116600
0.126413 0.068027 0.000347 0.000000
0.000000

0.000000 0.374637 2.734183
0.490759 0.097224 9.047149 49.116657 205.297302
0.000000 0.009759 0.104467 0.000000 0.000000 0.000000
0.000000 0.000000 0.000000
1.879156 1.000000 0.000000
764.299377 0.000000
0.000000 0.000000 0.000000 0.000000
0.000000 0.950515
8 0.020000 1.200000 0.001000
0.486000 0.396000 0.726000 0.501000 1.360000 6.610000 0.785000 0.785000
272000.000000 96.599998 0.003000
1.073000 0.050000 0.116600
0.126423 0.067945 0.000347 0.000000
0.000000

0.000000 0.348156 2.632717
0.489947 0.097971 9.047349 49.110958 205.295486
0.000000 0.008230 0.103088 0.000000 0.000000 0.000000
0.000000 0.000000 0.000000
1.918752 1.000000 0.000000
764.299377 0.000000
0.000000 0.000000 0.000000 0.000000
0.000000 0.957914
8 0.020000 1.220000 0.001000
0.486000 0.396000 0.726000 0.501000 1.360000 6.610000 0.785000 0.785000
272000.000000 96.599998 0.003000
1.073000 0.050000 0.116600
0.126437 0.067924 0.000347 0.000000
0.000000

0.000000 0.309261 2.511070
0.488907 0.098662 9.042882 49.082253 205.293274
0.000000 0.007194 0.103077 0.000000 0.000000 0.000000
0.000000 0.000000 0.000000
1.957922 1.000000 0.000000
764.299377 0.000000
0.000000 0.000000 0.000000 0.000000
0.000000 0.979238
8 0.020000 1.240000 0.001000
0.486000 0.396000 0.726000 0.501000 1.360000 6.610000 0.785000 0.785000
272000.000000 96.599998 0.003000
1.073000 0.050000 0.116600
0.126447 0.067937 0.000347 0.000000
0.000000

0.000000 0.288930 2.431315
0.488174 0.099406 9.044804 49.082077 205.292068
0.000000 0.006576 0.104296 0.000000 0.000000 0.000000
0.000000 0.000000 0.000000
1.996673 1.000000 0.000000
764.299377 0.000000
0.000000 0.000000 0.000000 0.000000
0.000000 0.952313
8 0.020000 1.260000 0.001000
0.486000 0.396000 0.726000 0.501000 1.360000 6.610000 0.785000 0.785000
272000.000000 96.599998 0.003000
1.073000 0.050000 0.116600
0.126461 0.067865 0.000347 0.000000
0.000000

0.000000 0.270256 2.358771
0.487446 0.100141 9.045515 49.082676 205.291977
0.000000 0.006298 0.106294 0.000000 0.000000 0.000000
0.000000 0.000000 0.000000
2.035010 1.000000 0.000000
764.299377 0.000000
0.000000 0.000000 0.000000 0.000000
0.000000 0.965312
8 0.020000 1.280000 0.001000
0.486000 0.396000 0.726000 0.501000 1.360000 6.610000 0.785000 0.785000
272000.000000 96.599998 0.003000
1.073000 0.050000 0.116600
0.126472 0.069871 0.000357 0.000000
0.000000

0.000000 0.253578 2.293891
0.486760 0.100874 9.047775 49.085598 205.290543
0.000000 0.006248 0.108481 0.000000 0.000000 0.000000
0.000000 0.000000 0.000000
2.072938 1.000000 0.000000
764.299377 0.000000
0.000000 0.000000 0.000000 0.000000
0.000000 0.952772
8 0.020000 1.300000 0.001000
0.486000 0.396000 0.726000 0.501000 1.360000 6.610000 0.785000 0.785000
272000.000000 96.599998 0.003000
1.073000 0.050000 0.116600
0.126481 0.068043 0.000347 0.000000
0.000000

0.000000 0.238310 2.235008
0.486082 0.101600 9.049097 49.089500 205.290680
0.000000 0.006299 0.110939 0.000000 0.000000 0.000000
0.000000 0.000000 0.000000
2.110461 1.000000 0.000000
764.299377 0.000000
0.000000 0.000000 0.000000 0.000000
0.000000 0.936356
8 0.020000 1.320000 0.001000
0.486000 0.396000 0.726000 0.501000 1.360000 6.610000 0.785000 0.785000
272000.000000 96.599998 0.003000
1.073000 0.050000 0.116600
0.126494 0.068274 0.000349 0.000000
0.000000

0.000000 0.216175 2.164447
0.485286 0.102291 9.049176 49.079643 205.288483
0.000000 0.006320 0.113391 0.000000 0.000000 0.000000
0.000000 0.000000 0.000000
2.147582 1.000000 0.000000
764.299377 0.000000
0.000000 0.000000 0.000000 0.000000
0.000000 0.936209
8 0.020000 1.340000 0.001000
0.486000 0.396000 0.726000 0.501000 1.360000 6.610000 0.785000 0.785000
272000.000000 96.599998 0.003000
1.073000 0.050000 0.116600
0.126506 0.068100 0.000348 0.000000
0.000000

0.000000 0.204426 2.118035
0.484641 0.103003 9.050694 49.085224 205.288544
0.000000 0.006251 0.115784 0.000000 0.000000 0.000000
0.000000 0.000000 0.000000
2.184302 1.000000 0.000000
764.299377 0.000000
0.000000 0.000000 0.000000 0.000000
0.000000 0.929615
8 0.020000 1.360000 0.001000
0.486000 0.396000 0.726000 0.501000 1.360000 6.610000 0.785000 0.785000
272000.000000 96.599998 0.003000
1.073000 0.050000 0.116600
0.126516 0.067998 0.000347 0.000000
0.000000

0.000000 0.193858 2.076531
0.484026 0.103711 9.053597 49.091839 205.288834
0.000000 0.006116 0.118092 0.000000 0.000000 0.000000
0.000000 0.000000 0.000000
2.220623 1.000000 0.000000
764.299377 0.000000
0.000000 0.000000 0.000000 0.000000
0.000000 0.958663
8 0.020000 1.380000 0.001000
0.486000 0.396000 0.726000 0.501000 1.360000 6.610000 0.785000 0.785000
272000.000000 96.599998 0.003000
1.073000 0.050000 0.116600
0.126527 0.067989 0.000347 0.000000
0.000000

0.000000 0.184336 2.039329
0.483429 0.104413 9.055657 49.100357 205.290009
0.000000 0.005980 0.120286 0.000000 0.000000 0.000000
0.000000 0.000000 0.000000
2.256544 1.000000 0.000000
764.299377 0.000000
0.000000 0.000000 0.000000 0.000000
0.000000 0.934200
8 0.020000 1.400000 0.001000
0.486000 0.396000 0.726000 0.501000 1.360000 6.610000 0.785000 0.785000
272000.000000 96.599998 0.003000
1.073000 0.050000 0.116600
0.126537 0.067968 0.000347 0.000000
0.000000

0.000000 0.175629 2.005528
0.482835 0.105105 9.057954 49.107964 205.290924
0.000000 0.005910 0.122503 0.000000 0.000000 0.000000
0.000000 0.000000 0.000000
2.292067 1.000000 0.000000
764.299377 0.000000
0.000000 0.000000 0.000000 0.000000
0.000000 0.922518
8 0.020000 1.420000 0.001000
0.486000 0.396000 0.726000 0.501000 1.360000 6.610000 0.785000 0.785000
272000.000000 96.599998 0.003000
1.073000 0.050000 0.116600
0.126547 0.067926 0.000347 0.000000
0.000000

0.000000 0.163055 1.964760
0.482163 0.105769 9.058985 49.106533 205.290390
0.000000 0.005936 0.124885 0.000000 0.000000 0.000000
0.000000 0.000000 0.000000
2.327190 1.000000 0.000000
764.299377 0.000000
0.000000 0.000000 0.000000 0.000000
0.000000 0.959823
8 0.020000 1.440000 0.001000
0.486000 0.396000 0.726000 0.501000 1.360000 6.610000 0.785000 0.785000
272000.000000 96.599998 0.003000
1.073000 0.050000 0.116600
0.126555 0.068009 0.000347 0.000000
0.000000

0.000000 0.156397 1.938447
0.481601 0.106447 9.061496 49.115692 205.290878
0.000000 0.006042 0.127429 0.000000 0.000000 0.000000
0.000000 0.000000 0.000000
2.361912 1.000000 0.000000
764.299377 0.000000
0.000000 0.000000 0.000000 0.000000
0.000000 0.943190
8 0.020000 1.460000 0.001000
0.486000 0.396000 0.726000 0.501000 1.360000 6.610000 0.785000 0.785000
272000.000000 96.599998 0.003000
1.073000 0.050000 0.116600
0.126565 0.067978 0.000347 0.000000
0.000000

0.000000 0.150461 1.915229
0.481071 0.107120 9.064567 49.126892 205.290634
0.000000 0.006182 0.129887 0.000000 0.000000 0.000000
0.000000 0.000000 0.000000
2.396232 1.000000 0.000000
764.299377 0.000000
0.000000 0.000000 0.000000 0.000000
0.000000 0.930362
8 0.020000 1.480000 0.001000
0.486000 0.396000 0.726000 0.501000 1.360000 6.610000 0.785000 0.785000
272000.000000 96.599998 0.003000
1.073000 0.050000 0.116600
0.126575 0.068499 0.000350 0.000000
0.000000

0.000000 0.145073 1.893921
0.480523 0.107779 9.067120 49.135311 205.291763
0.000000 0.006321 0.132179 0.000000 0.000000 0.000000
0.000000 0.000000 0.000000
2.430148 1.000000 0.000000
764.299377 0.000000
0.000000 0.000000 0.000000 0.000000
0.000000 0.970974
8 0.020000 1.500000 0.001000
0.486000 0.396000 0.726000 0.501000 1.360000 6.610000 0.785000 0.785000
272000.000000 96.599998 0.003000
1.073000 0.050000 0.116600
0.126584 0.068071 0.000348 0.000000
0.000000

0.000000 0.096416 1.686787
0.479824 0.108393 9.067008 49.129215 205.291748
0.000000 0.006743 0.140079 0.000000 0.000000 0.000000
0.000000 0.000000 0.000000
2.463658 1.000000 0.000000
764.299377 0.000000
0.000000 0.000000 0.000000 0.000000
0.000000 0.933003
8 0.020000 1.520000 0.001000
0.486000 0.396000 0.726000 0.501000 1.360000 6.610000 0.785000 0.785000
272000.000000 96.599998 0.003000
1.073000 0.050000 0.116600
0.126592 0.067958 0.000347 0.000000
0.000000

0.000000 0.096190 1.687658
0.479320 0.109038 9.070313 49.139793 205.293137
0.000000 0.007026 0.141850 0.000000 0.000000 0.000000
0.000000 0.000000 0.000000
2.496759 1.000000 0.000000
764.299377 0.000000
0.000000 0.000000 0.000000 0.000000
0.000000 0.940613
8 0.020000 1.540000 0.001000
0.486000 0.396000 0.726000 0.501000 1.360000 6.610000 0.785000 0.785000
272000.000000 96.599998 0.003000
1.073000 0.050000 0.116600
0.126601 0.068006 0.000347 0.000000
0.000000

0.000000 0.093590 1.682928
0.478772 0.109662 9.071808 49.145809 205.293884
0.000000 0.007280 0.143689 0.000000 0.000000 0.000000
0.000000 0.000000 0.000000
2.529450 1.000000 0.000000
764.299377 0.000000
0.000000 0.000000 0.000000 0.000000
0.000000 0.923775
8 0.020000 1.560000 0.001000
0.486000 0.396000 0.726000 0.501000 1.360000 6.610000 0.785000 0.785000
272000.000000 96.599998 0.003000
1.073000 0.050000 0.116600
0.126610 0.067927 0.000347 0.000000
0.000000

0.000000 0.093645 1.684356
0.478283 0.110288 9.074737 49.156246 205.295059
0.000000 0.007465 0.145437 0.000000 0.000000 0.000000
0.000000 0.000000 0.000000
2.561728 1.000000 0.000000
764.299377 0.000000
0.000000 0.000000 0.000000 0.000000
0.000000 0.939445
8 0.020000 1.580000 0.001000
0.486000 0.396000 0.726000 0.501000 1.360000 6.610000 0.785000 0.785000
272000.000000 96.599998 0.003000
1.073000 0.050000 0.116600
0.126618 0.067952 0.000347 0.000000
0.000000

0.000000 0.093795 1.686476
0.477834 0.110912 9.078688 49.169453 205.294022
0.000000 0.007584 0.147037 0.000000 0.000000 0.000000
0.000000 0.000000 0.000000
2.593589 1.000000 0.000000
764.299377 0.000000
0.000000 0.000000 0.000000 0.000000
0.000000 0.921929
8 0.020000 1.600000 0.001000
0.486000 0.396000 0.726000 0.501000 1.360000 6.610000 0.785000 0.785000
272000.000000 96.599998 0.003000
1.073000 0.050000 0.116600
0.126626 0.067971 0.000347 0.000000
0.000000

0.000000 0.093901 1.688032
0.477364 0.111519 9.080930 49.180553 205.294785
0.000000 0.007664 0.148687 0.000000 0.000000 0.000000
0.000000 0.000000 0.000000
2.625032 1.000000 0.000000
764.299377 0.000000
0.000000 0.000000 0.000000 0.000000
0.000000 0.934661
8 0.020000 1.620000 0.001000
0.486000 0.396000 0.726000 0.501000 1.360000 6.610000 0.785000 0.785000
272000.000000 96.599998 0.003000
1.073000 0.050000 0.116600
0.126635 0.068501 0.000350 0.000000
0.000000

0.000000 0.094016 1.689844
0.476915 0.112119 9.083852 49.192501 205.295807
0.000000 0.007717 0.150226 0.000000 0.000000 0.000000
0.000000 0.000000 0.000000
2.656053 1.000000 0.000000
764.299377 0.000000
0.000000 0.000000 0.000000 0.000000
0.000000 0.930241
8 0.020000 1.640000 0.001000
0.486000 0.396000 0.726000 0.501000 1.360000 6.610000 0.785000 0.785000
272000.000000 96.599998 0.003000
1.073000 0.050000 0.116600
0.126643 0.067983 0.000347 0.000000
0.000000

0.000000 0.094174 1.691752
0.476476 0.112709 9.086930 49.204277 205.296539
0.000000 0.007783 0.152002 0.000000 0.000000 0.000000
0.000000 0.000000 0.000000
2.686651 1.000000 0.000000
764.299377 0.000000
0.000000 0.000000 0.000000 0.000000
0.000000 0.934491
8 0.020000 1.660000 0.001000
0.486000 0.396000 0.726000 0.501000 1.360000 6.610000 0.785000 0.785000
272000.000000 96.599998 0.003000
1.073000 0.050000 0.116600
0.126650 0.068000 0.000347 0.000000
0.000000

0.000000 0.093076 1.690586
0.476025 0.113285 9.089424 49.213955 205.297867
0.000000 0.007897 0.153557 0.000000 0.000000 0.000000
0.000000 0.000000 0.000000
2.716821 1.000000 0.000000
764.299377 0.000000
0.000000 0.000000 0.000000 0.000000
0.000000 0.922690
8 0.020000 1.680000 0.001000
0.486000 0.396000 0.726000 0.501000 1.360000 6.610000 0.785000 0.785000
272000.000000 96.599998 0.003000
1.073000 0.050000 0.116600
0.126660 0.067957 0.000347 0.000000
0.000000

0.000000 0.093274 1.694204
0.475686 0.113875 9.093266 49.234829 205.297852
0.000000 0.008122 0.155378 0.000000 0.000000 0.000000
0.000000 0.000000 0.000000
2.746563 1.000000 0.000000
764.299377 0.000000
0.000000 0.000000 0.000000 0.000000
0.000000 0.920776
8 0.020000 1.700000 0.001000
0.486000 0.396000 0.726000 0.501000 1.360000 6.610000 0.785000 0.785000
272000.000000 96.599998 0.003000
1.073000 0.050000 0.116600
0.126675 0.067954 0.000347 0.000000
0.000000

0.000000 0.093581 1.696724
0.475294 0.114441 9.096209 49.249008 205.297668
0.000000 0.008466 0.157360 0.000000 0.000000 0.000000
0.000000 0.000000 0.000000
2.775875 1.000000 0.000000
764.299377 0.000000
0.000000 0.000000 0.000000 0.000000
0.000000 0.914401
8 0.020000 1.720000 0.001000
0.486000 0.396000 0.726000 0.501000 1.360000 6.610000 0.785000 0.785000
272000.000000 96.599998 0.003000
1.073000 0.050000 0.116600
0.126683 0.067949 0.000347 0.000000
0.000000

0.000000 0.093875 1.699287
0.474913 0.114997 9.098989 49.263382 205.298279
0.000000 0.008877 0.159437 0.000000 0.000000 0.000000
0.000000 0.000000 0.000000
2.804754 1.000000 0.000000
764.299377 0.000000
0.000000 0.000000 0.000000 0.000000
0.000000 0.935588
8 0.020000 1.740000 0.001000
0.486000 0.396000 0.726000 0.501000 1.360000 6.610000 0.785000 0.785000
272000.000000 96.599998 0.003000
1.073000 0.050000 0.116600
0.126692 0.067950 0.000347 0.000000
0.000000

0.000000 0.094201 1.702096
0.474555 0.115547 9.101689 49.279476 205.298294
0.000000 0.009252 0.161333 0.000000 0.000000 0.000000
0.000000 0.000000 0.000000
2.833200 1.000000 0.000000
764.299377 0.000000
0.000000 0.000000 0.000000 0.000000
0.000000 0.917632
8 0.020000 1.760000 0.001000
0.486000 0.396000 0.726000 0.501000 1.360000 6.610000 0.785000 0.785000
272000.000000 96.599998 0.003000
1.073000 0.050000 0.116600
0.126702 0.067915 0.000347 0.000000
0.000000

0.000000 0.094522 1.704960
0.474205 0.116086 9.105449 49.294415 205.298203
0.000000 0.009516 0.163474 0.000000 0.000000 0.000000
0.000000 0.000000 0.000000
2.861209 1.000000 0.000000
764.299377 0.000000
0.000000 0.000000 0.000000 0.000000
0.000000 0.920081
8 0.020000 1.780000 0.001000
0.486000 0.396000 0.726000 0.501000 1.360000 6.610000 0.785000 0.785000
272000.000000 96.599998 0.003000
1.073000 0.050000 0.116600
0.126716 0.067951 0.000347 0.000000
0.000000

0.000000 0.094820 1.707654
0.473859 0.116614 9.108450 49.309250 205.299789
0.000000 0.009598 0.165279 0.000000 0.000000 0.000000
0.000000 0.000000 0.000000
2.888783 1.000000 0.000000
764.299377 0.000000
0.000000 0.000000 0.000000 0.000000
0.000000 0.937637
8 0.020000 1.800000 0.001000
0.486000 0.396000 0.726000 0.501000 1.360000 6.610000 0.785000 0.785000
272000.000000 96.599998 0.003000
1.073000 0.050000 0.116600
0.126724 0.067915 0.000347 0.000000
0.000000

0.000000 0.094855 1.709672
0.473516 0.117131 9.110840 49.323978 205.300995
0.000000 0.009512 0.167021 0.000000 0.000000 0.000000
0.000000 0.000000 0.000000
2.915918 1.000000 0.000000
764.299377 0.000000
0.000000 0.000000 0.000000 0.000000
0.000000 0.919580
8 0.020000 1.820000 0.001000
0.486000 0.396000 0.726000 0.501000 1.360000 6.610000 0.785000 0.785000
272000.000000 96.599998 0.003000
1.073000 0.050000 0.116600
0.126731 0.067912 0.000347 0.000000
0.000000

0.000000 0.095242 1.712364
0.473185 0.117639 9.114357 49.337837 205.301041
0.000000 0.009298 0.168534 0.000000 0.000000 0.000000
0.000000 0.000000 0.000000
2.942616 1.000000 0.000000
764.299377 0.000000
0.000000 0.000000 0.000000 0.000000
0.000000 0.917565
8 0.020000 1.840000 0.001000
0.486000 0.396000 0.726000 0.501000 1.360000 6.610000 0.785000 0.785000
272000.000000 96.599998 0.003000
1.073000 0.050000 0.116600
0.126743 0.067886 0.000347 0.000000
0.000000

0.000000 0.095590 1.714979
0.472860 0.118136 9.117780 49.351269 205.300293
0.000000 0.009016 0.169864 0.000000 0.000000 0.000000
0.000000 0.000000 0.000000
2.968874 1.000000 0.000000
764.299377 0.000000
0.000000 0.000000 0.000000 0.000000
0.000000 0.915980
8 0.020000 1.860000 0.001000
0.486000 0.396000 0.726000 0.501000 1.360000 6.610000 0.785000 0.785000
272000.000000 96.599998 0.003000
1.073000 0.050000 0.116600
0.126751 0.067865 0.000347 0.000000
0.000000

0.000000 0.095983 1.717690
0.472547 0.118624 9.121266 49.365047 205.299637
0.000000 0.008722 0.171066 0.000000 0.000000 0.000000
0.000000 0.000000 0.000000
2.994695 1.000000 0.000000
764.299377 0.000000
0.000000 0.000000 0.000000 0.000000
0.000000 0.914041
8 0.020000 1.880000 0.001000
0.486000 0.396000 0.726000 0.501000 1.360000 6.610000 0.785000 0.785000
272000.000000 96.599998 0.003000
1.073000 0.050000 0.116600
0.126760 0.067878 0.000347 0.000000
0.000000

0.000000 0.096320 1.720059
0.472226 0.119098 9.124371 49.376923 205.299988
0.000000 0.008463 0.172324 0.000000 0.000000 0.000000
0.000000 0.000000 0.000000
3.020079 1.000000 0.000000
764.299377 0.000000
0.000000 0.000000 0.000000 0.000000
0.000000 0.915008
8 0.020000 1.900000 0.001000
0.486000 0.396000 0.726000 0.501000 1.360000 6.610000 0.785000 0.785000
272000.000000 96.599998 0.003000
1.073000 0.050000 0.116600
0.126769 0.067881 0.000347 0.000000
0.000000

0.000000 0.096713 1.722805
0.471936 0.119568 9.127892 49.391022 205.299713
0.000000 0.008261 0.173694 0.000000 0.000000 0.000000
0.000000 0.000000 0.000000
3.045027 1.000000 0.000000
764.299377 0.000000
0.000000 0.000000 0.000000 0.000000
0.000000 0.912829
8 0.020000 1.920000 0.001000
0.486000 0.396000 0.726000 0.501000 1.360000 6.610000 0.785000 0.785000
272000.000000 96.599998 0.003000
1.073000 0.050000 0.116600
0.126776 0.067874 0.000347 0.000000
0.000000

0.000000 0.097071 1.725817
0.471668 0.120031 9.131679 49.406578 205.299194
0.000000 0.008116 0.175147 0.000000 0.000000 0.000000
0.000000 0.000000 0.000000
3.069540 1.000000 0.000000
764.299377 0.000000
0.000000 0.000000 0.000000 0.000000
0.000000 0.910209
8 0.020000 1.940000 0.001000
0.486000 0.396000 0.726000 0.501000 1.360000 6.610000 0.785000 0.785000
272000.000000 96.599998 0.003000
1.073000 0.050000 0.116600
0.126791 0.067842 0.000346 0.000000
0.000000

0.000000 0.097452 1.729711
0.471456 0.120497 9.136340 49.426907 205.298355
0.000000 0.008020 0.176739 0.000000 0.000000 0.000000
0.000000 0.000000 0.000000
3.093620 1.000000 0.000000
764.299377 0.000000
0.000000 0.000000 0.000000 0.000000
0.000000 0.908758
8 0.020000 1.960000 0.001000
0.486000 0.396000 0.726000 0.501000 1.360000 6.610000 0.785000 0.785000
272000.000000 96.599998 0.003000
1.073000 0.050000 0.116600
0.126800 0.067835 0.000346 0.000000
0.000000

0.000000 0.097830 1.740339
0.471617 0.121047 9.148048 49.485371 205.294189
0.000000 0.007956 0.178420 0.000000 0.000000 0.000000
0.000000 0.000000 0.000000
3.117270 1.000000 0.000000
764.299377 0.000000
0.000000 0.000000 0.000000 0.000000
0.000000 0.906970
8 0.020000 1.980000 0.001000
0.486000 0.396000 0.726000 0.501000 1.360000 6.610000 0.785000 0.785000
272000.000000 96.599998 0.003000
1.073000 0.050000 0.116600
0.126840 0.067778 0.000346 0.000000
0.000000

0.000000 0.098202 1.757324
0.472130 0.121677 9.166409 49.579876 205.287949
0.000000 0.046254 0.262092 0.000000 0.000000 0.000000
0.000000 0.000000 0.000000
3.140491 1.000000 0.000000
764.299377 0.000000
0.000000 0.000000 0.000000 0.000000
0.000000 0.908760
8 0.020000 2.000000 0.001000
0.486000 0.396000 0.726000 0.501000 1.360000 6.610000 0.785000 0.785000
272000.000000 96.599998 0.003000
1.073000 0.050000 0.116600
0.126900 0.067810 0.000346 0.000000
0.000000
1.000000
2.000000
0.000000 0.000000
0.000000
0
-0.740000
0 0
0.000000
1
0.000000
1.000000
1.000000
1.000000
0.000000 0.000000 0.000000
0.000000 0.000000
0.000000 0.000000 0.000000 0.000000 0.000000 0.000000 0.000000
0.000000 0.000000 0.000000 0.000000 0.000000 0.000000 0.000000
252
2.000000
1
C:\DNDC\sites\Ottawa\CEFSoilc.spf
-1.000000 -1.000000
0.000000
37
37
10.000000
104
0.000000
0.000000
258
0.000000
328943.375000
1
