7
Clay_loam
0.314000 0.490000 0.006410 0.726000 0.398000 1.000000 0.000000 0.000000
1.350000 6.610000 1 0.031000 0.500000 0.050000 0.010000 0.240000 0.750000
0.000000 0.020000 2.000000 270000.000000 96.599998 100
0.233300 1.944000 3.025300 0.000000 1
10.000000 10.000000 10.000000 5.000000 25.000000 100.000000
0.000000 0.000000 0.051913 0.000000 0.000000 0.000000
500.000000 0.000000 0.000000

26.530512 610.689270 5499.210449
37.906834 4.212863 1470.599609 7777.900879 6713.265625
0.000000 24.498966 9.529417 1.010348 0.000000 0.000000
0.000224 0.000868 0.000289
-2.072059 0.114874 67.609612
764.299377 0.000000
52.833145 0.000000 0.000000 0.000000
0.000000 0.746677
7 0.020000 0.020000 0.031000
0.490000 0.314000 0.726000 0.398000 1.350000 6.610000 0.726000 0.726000
270000.000000 96.599998 0.006410
1.073000 0.050000 0.116600
241.391800 8.049641 0.004999 0.000000
0.000000

0.858559 46.254818 337.629120
8.262618 0.918224 276.170959 1667.364258 6346.120117
0.000000 8.266479 2.879804 0.505174 0.000000 0.000000
0.000077 0.000708 0.000278
-2.011804 0.116572 86.575905
764.299377 0.000000
10.534967 0.000000 0.000000 0.000000
0.000000 5.398525
7 0.020000 0.040000 0.031000
0.490000 0.314000 0.726000 0.398000 1.350000 6.610000 0.726000 0.726000
270000.000000 96.599998 0.006410
1.073000 0.050000 0.116600
3.760487 1.951266 0.001191 0.000000
0.000000

0.000002 28.525696 40.855240
7.500968 0.907399 240.905228 1449.231567 6336.651855
0.000000 3.487718 2.034109 0.252587 0.000000 0.000000
0.000043 0.000419 0.000272
-1.969593 0.117815 86.454163
764.299377 0.000000
8.697856 0.000000 0.000000 0.000000
0.000000 7.584521
7 0.020000 0.060000 0.031000
0.490000 0.314000 0.726000 0.398000 1.350000 6.610000 0.726000 0.726000
270000.000000 96.599998 0.006410
1.073000 0.050000 0.116600
3.764123 1.973653 0.001217 0.000000
0.000000

0.000000 25.017542 36.055603
7.714244 0.922837 240.592422 1441.978271 6335.516602
0.000000 1.397052 1.626263 0.126294 0.000000 0.000000
0.000033 0.000169 0.000166
-1.926344 0.119130 86.325302
764.299377 0.000000
8.388924 0.000000 0.000000 0.000000
0.000000 8.652884
7 0.020000 0.080000 0.031000
0.490000 0.314000 0.726000 0.398000 1.350000 6.610000 0.726000 0.726000
270000.000000 96.599998 0.006410
1.073000 0.050000 0.116600
3.768966 1.857388 0.001158 0.000000
0.000000

0.000000 22.809059 32.799362
6.516736 0.771217 196.858643 1178.994263 5109.844238
0.000000 0.641021 1.183809 0.063147 0.000000 0.000000
0.000015 0.000061 0.000030
-1.882061 0.120523 86.188797
764.299377 0.000000
6.635954 0.000000 0.000000 0.000000
0.000000 8.545755
7 0.020000 0.100000 0.025000
0.490000 0.314000 0.726000 0.398000 1.350000 6.610000 0.726000 0.726000
270000.000000 96.599998 0.006410
1.073000 0.050000 0.116600
3.042499 1.447876 0.000911 0.000000
0.000000

0.000000 20.101116 118.121925
6.709619 0.785902 195.206131 1176.450195 5110.270996
0.000000 0.113753 0.741529 0.031573 0.000000 0.000000
0.000010 0.000052 0.000024
-1.836748 0.122000 86.044006
764.299377 0.000000
6.388566 0.000000 0.000000 0.000000
0.000000 1.796869
7 0.020000 0.120000 0.025000
0.490000 0.314000 0.726000 0.398000 1.350000 6.610000 0.726000 0.726000
270000.000000 96.599998 0.006410
1.073000 0.050000 0.116600
3.038013 1.168899 0.000744 0.000000
0.000000

0.000000 13.379447 94.380585
6.905997 0.870411 193.247406 1160.005615 5108.751465
0.000000 0.056764 0.705842 0.015787 0.000000 0.000000
0.000005 0.000048 0.000020
-1.790418 0.123568 85.890343
764.299377 0.000000
5.914739 0.000000 0.000000 0.000000
0.000000 1.728947
7 0.020000 0.140000 0.025000
0.490000 0.314000 0.726000 0.398000 1.350000 6.610000 0.726000 0.726000
270000.000000 96.599998 0.006410
1.073000 0.050000 0.116600
3.043552 1.092650 0.000704 0.000000
0.000000

0.000000 43.735363 89.264648
7.067658 0.875054 192.831940 1151.576294 5107.194824
0.000000 0.032438 0.670767 0.007893 0.000000 0.000000
0.000004 0.000040 0.000019
-1.743087 0.125234 85.727066
764.299377 0.000000
5.657596 0.000000 0.000000 0.000000
0.000000 1.726468
7 0.020000 0.160000 0.025000
0.490000 0.314000 0.726000 0.398000 1.350000 6.610000 0.726000 0.726000
270000.000000 96.599998 0.006410
1.073000 0.050000 0.116600
3.049419 0.959559 0.000626 0.000000
0.000000

0.000000 41.043583 80.211998
5.898655 0.717651 156.940186 932.377319 4085.252930
0.000000 0.018593 0.520228 0.003947 0.000000 0.000000
0.000003 0.000035 0.000018
-1.694776 0.127006 85.553383
764.299377 0.000000
4.404790 0.000000 0.000000 0.000000
0.000000 1.647590
7 0.020000 0.180000 0.020000
0.490000 0.314000 0.726000 0.398000 1.350000 6.610000 0.726000 0.726000
270000.000000 96.599998 0.006410
1.073000 0.050000 0.116600
2.444451 0.740934 0.000490 0.000000
0.000000

0.000000 38.629536 76.037193
6.082470 0.727494 157.890656 933.314148 4084.457031
0.000000 0.022038 0.501020 0.001973 0.000000 0.000000
0.000001 0.000029 0.000017
-1.645507 0.128893 85.368462
764.299377 0.000000
4.229236 0.000000 0.000000 0.000000
0.000000 6.770670
7 0.020000 0.200000 0.020000
0.490000 0.314000 0.726000 0.398000 1.350000 6.610000 0.726000 0.726000
270000.000000 96.599998 0.006410
1.073000 0.050000 0.116600
2.449228 1.972214 0.001331 0.000000
0.000000

0.000000 35.993229 72.005188
6.337804 0.804991 158.682632 934.531738 4083.732422
0.000000 0.004860 0.468008 0.000987 0.000000 0.000000
0.000001 0.000026 0.000016
-1.595309 0.130905 85.171303
764.299377 0.000000
3.915738 0.000000 0.000000 0.000000
0.000000 11.353461
7 0.020000 0.220000 0.020000
0.490000 0.314000 0.726000 0.398000 1.350000 6.610000 0.726000 0.726000
270000.000000 96.599998 0.006410
1.073000 0.050000 0.116600
2.453579 2.749516 0.001893 0.000000
0.000000

0.000000 33.803200 68.648430
6.531594 0.809295 159.881683 936.931213 4082.815430
0.000000 0.000644 0.449411 0.000493 0.000000 0.000000
0.000000 0.000023 0.000015
-1.544215 0.133053 84.960815
764.299377 0.000000
3.753201 0.000000 0.000000 0.000000
0.000000 6.915537
7 0.020000 0.240000 0.020000
0.490000 0.314000 0.726000 0.398000 1.350000 6.610000 0.726000 0.726000
270000.000000 96.599998 0.006410
1.073000 0.050000 0.116600
2.458599 1.674387 0.001165 0.000000
0.000000

0.000000 31.109030 64.700089
6.791995 0.891542 160.080688 935.805786 4082.620361
0.000000 0.000464 0.418334 0.000247 0.000000 0.000000
0.000000 0.000022 0.000014
-1.488704 0.135526 57.866455
764.299377 0.000000
3.400267 0.000000 0.000000 0.000000
0.000000 5.897297
7 0.020000 0.260000 0.020000
0.490000 0.314000 0.726000 0.398000 1.350000 6.610000 0.726000 0.726000
270000.000000 96.599998 0.006410
1.073000 0.050000 0.116600
2.460433 1.425201 0.001009 0.000000
0.000000

0.000000 31.947430 63.410439
6.508421 0.889408 149.616745 861.407959 3671.062744
0.000000 0.000220 0.342769 0.000123 0.000000 0.000000
0.000000 0.000022 0.000014
-1.432062 0.138163 108.083702
764.299377 0.000000
2.830877 0.000000 0.000000 0.000000
0.000000 13.430154
7 0.020000 0.280000 0.018000
0.490000 0.314000 0.726000 0.398000 1.350000 6.610000 0.726000 0.726000
270000.000000 96.599998 0.000070
1.073000 0.050000 0.116600
2.229726 1.871058 0.001353 0.000000
0.000000

0.000000 30.195559 61.004608
6.685750 0.886032 150.950089 864.657654 3669.979248
0.000000 0.000189 0.327663 0.000062 0.000000 0.000000
0.000000 0.000001 0.000013
-1.379040 0.140794 85.251602
764.299377 0.000000
2.702554 0.000000 0.000000 0.000000
0.000000 8.478710
7 0.020000 0.300000 0.018000
0.490000 0.314000 0.726000 0.398000 1.350000 6.610000 0.726000 0.726000
270000.000000 96.599998 0.000070
1.073000 0.050000 0.116600
2.234432 1.339322 0.000985 0.000000
0.000000

0.000000 27.056395 57.076775
6.888597 0.960216 150.243164 861.625916 3670.171631
0.000000 0.000159 0.301106 0.000031 0.000000 0.000000
0.000000 0.000000 0.000001
-1.324977 0.143638 83.299995
764.299377 0.000000
2.393547 0.000000 0.000000 0.000000
0.000000 7.071206
7 0.020000 0.320000 0.018000
0.490000 0.314000 0.726000 0.398000 1.350000 6.610000 0.726000 0.726000
270000.000000 96.599998 0.000070
1.073000 0.050000 0.116600
2.233761 1.263906 0.000947 0.000000
0.000000

0.000000 25.617229 52.378868
6.267110 0.847331 135.456100 767.143921 3205.351807
0.000000 0.000131 0.250151 0.000015 0.000000 0.000000
0.000000 0.000000 0.000000
-1.269657 0.146732 82.061569
764.299377 0.000000
2.019154 0.000000 0.000000 0.000000
0.000000 6.153529
8 0.020000 0.340000 0.015500
0.483000 0.377000 0.726000 0.484000 1.370000 6.610000 0.770000 0.770000
274000.000000 96.599998 0.000070
1.073000 0.050000 0.116600
1.962124 1.103797 0.000820 0.000000
0.000000

0.000000 23.068485 49.202785
6.439528 0.919413 134.970718 764.917664 3205.482422
0.000000 0.000097 0.225493 0.000008 0.000000 0.000000
0.000000 0.000000 0.000000
-1.213372 0.150095 81.715050
764.299377 0.000000
1.746223 0.000000 0.000000 0.000000
0.000000 5.864866
8 0.020000 0.360000 0.015500
0.483000 0.377000 0.726000 0.484000 1.370000 6.610000 0.770000 0.770000
274000.000000 96.599998 0.000070
1.073000 0.050000 0.116600
1.961727 1.080072 0.000821 0.000000
0.000000

0.000000 20.762524 46.317978
6.530520 0.908731 134.534912 762.780518 3205.663574
0.000000 0.000087 0.217261 0.000004 0.000000 0.000000
0.000000 0.000000 0.000000
-1.156462 0.153743 81.227303
764.299377 0.000000
1.639086 0.000000 0.000000 0.000000
0.000000 5.774106
8 0.020000 0.380000 0.015500
0.483000 0.377000 0.726000 0.484000 1.370000 6.610000 0.770000 0.770000
274000.000000 96.599998 0.000070
1.073000 0.050000 0.116600
1.961293 1.076274 0.000838 0.000000
0.000000

0.000000 18.743433 43.757954
6.621710 0.902724 134.194351 760.934326 3205.747803
0.000000 0.000083 0.209735 0.000002 0.000000 0.000000
0.000000 0.000000 0.000000
-1.098930 0.157714 80.500145
764.299377 0.000000
1.532943 0.000000 0.000000 0.000000
0.000000 5.726454
8 0.020000 0.400000 0.015500
0.483000 0.377000 0.726000 0.484000 1.370000 6.610000 0.770000 0.770000
274000.000000 96.599998 0.000070
1.073000 0.050000 0.116600
1.961004 1.076117 0.000859 0.000000
0.000000

0.000000 16.931911 41.479000
6.786039 0.980542 133.892532 759.440796 3205.833008
0.000000 0.000062 0.186766 0.000001 0.000000 0.000000
0.000000 0.000000 0.000000
-1.040743 0.162060 79.369186
764.299377 0.000000
1.276718 0.000000 0.000000 0.000000
0.000000 5.692228
8 0.020000 0.420000 0.015500
0.483000 0.377000 0.726000 0.484000 1.370000 6.610000 0.770000 0.770000
274000.000000 96.599998 0.000070
1.073000 0.050000 0.116600
1.960860 1.076046 0.000883 0.000000
0.000000

0.000000 15.267218 39.372841
6.861291 0.972385 133.596741 757.924255 3205.965332
0.000000 0.000066 0.180083 0.000000 0.000000 0.000000
0.000000 0.000000 0.000000
-0.981825 0.166848 77.758942
764.299377 0.000000
1.187092 0.000000 0.000000 0.000000
0.000000 5.663095
8 0.020000 0.440000 0.015500
0.483000 0.377000 0.726000 0.484000 1.370000 6.610000 0.770000 0.770000
274000.000000 96.599998 0.000070
1.073000 0.050000 0.116600
1.960608 1.075206 0.000908 0.000000
0.000000

0.000000 13.795835 37.524040
7.020915 1.058529 133.353210 756.774414 3206.043213
0.000000 0.000050 0.158484 0.000000 0.000000 0.000000
0.000000 0.000000 0.000000
-0.922112 0.172160 75.810356
764.299377 0.000000
0.933512 0.000000 0.000000 0.000000
0.000000 5.654659
8 0.020000 0.460000 0.015500
0.483000 0.377000 0.726000 0.484000 1.370000 6.610000 0.770000 0.770000
274000.000000 96.599998 0.000070
1.073000 0.050000 0.116600
1.960541 1.074150 0.000937 0.000000
0.000000

0.000000 12.498563 35.883713
7.081722 1.056199 133.188263 755.827393 3206.080811
0.000000 0.000056 0.156401 0.000000 0.000000 0.000000
0.000000 0.000000 0.000000
-0.861598 0.178095 73.836189
764.299377 0.000000
0.862201 0.000000 0.000000 0.000000
0.000000 5.632550
8 0.020000 0.480000 0.015500
0.483000 0.377000 0.726000 0.484000 1.370000 6.610000 0.770000 0.770000
274000.000000 96.599998 0.000070
1.073000 0.050000 0.116600
1.960573 1.073795 0.000968 0.000000
0.000000

0.000000 11.334123 34.424919
7.218712 1.148716 133.055145 755.103882 3206.140869
0.000000 0.000060 0.141802 0.000000 0.000000 0.000000
0.000000 0.000000 0.000000
-0.800363 0.184770 72.041428
764.299377 0.000000
0.624223 0.000000 0.000000 0.000000
0.000000 5.616766
8 0.020000 0.500000 0.015500
0.483000 0.377000 0.726000 0.484000 1.370000 6.610000 0.770000 0.770000
274000.000000 96.599998 0.000070
1.073000 0.050000 0.116600
1.960700 1.073347 0.001004 0.000000
0.000000

0.000000 10.296671 33.132759
7.349515 1.243934 132.997803 754.550720 3206.159668
0.000000 0.000105 0.136772 0.000000 0.000000 0.000000
0.000000 0.000000 0.000000
-0.738499 0.192335 70.268288
764.299377 0.000000
0.394317 0.000000 0.000000 0.000000
0.000000 5.605297
8 0.020000 0.520000 0.015500
0.483000 0.377000 0.726000 0.484000 1.370000 6.610000 0.770000 0.770000
274000.000000 96.599998 0.000070
1.073000 0.050000 0.116600
1.960890 1.072939 0.001045 0.000000
0.000000

0.000000 8.102376 20.128492
3.842605 0.726488 66.760414 383.707916 1656.749512
0.000000 0.000134 0.069594 0.000000 0.000000 0.000000
0.000000 0.000001 0.000000
-0.673644 0.201347 54.931908
764.299377 0.000000
0.000000 0.000000 0.000000 0.000000
0.000000 4.671564
8 0.020000 0.540000 0.008000
0.483000 0.377000 0.726000 0.484000 1.370000 6.610000 0.770000 0.770000
274000.000000 96.599998 0.002410
1.073000 0.050000 0.116600
1.005404 0.625542 0.000636 0.000000
0.000000

0.000000 7.410224 19.205194
3.846052 0.722821 66.795868 383.531616 1656.686646
0.000000 0.001923 0.131674 0.000000 0.000000 0.000000
0.000000 0.000001 0.000000
-0.605773 0.212265 53.877190
764.299377 0.000000
0.000000 0.000000 0.000000 0.000000
0.000000 4.422871
8 0.020000 0.560000 0.008000
0.483000 0.377000 0.726000 0.484000 1.370000 6.610000 0.770000 0.770000
274000.000000 96.599998 0.002410
1.073000 0.050000 0.116600
1.005815 0.577518 0.000619 0.000000
0.000000

0.000000 6.782058 18.377184
3.845068 0.722808 66.887741 383.409088 1656.618896
0.000000 0.003047 0.146981 0.000000 0.000000 0.000000
0.000000 0.000001 0.000000
-0.537700 0.225195 52.628170
764.299377 0.000000
0.000000 0.000000 0.000000 0.000000
0.000000 4.327364
8 0.020000 0.580000 0.008000
0.483000 0.377000 0.726000 0.484000 1.370000 6.610000 0.770000 0.770000
274000.000000 96.599998 0.002410
1.073000 0.050000 0.116600
1.006247 0.566894 0.000645 0.000000
0.000000

0.000000 6.198537 17.637745
3.843468 0.726725 66.969635 383.445496 1656.545532
0.000000 0.003898 0.158760 0.000000 0.000000 0.000000
0.000000 0.000001 0.000000
-0.469406 0.240827 51.118107
764.299377 0.000000
0.000000 0.000000 0.000000 0.000000
0.000000 4.278887
8 0.020000 0.600000 0.008000
0.483000 0.377000 0.726000 0.484000 1.370000 6.610000 0.770000 0.770000
274000.000000 96.599998 0.002410
1.073000 0.050000 0.116600
1.006710 0.564751 0.000687 0.000000
0.000000

0.000000 5.671743 16.975670
3.837175 0.734245 67.055893 383.540497 1656.461670
0.000000 0.004329 0.166876 0.000000 0.000000 0.000000
0.000000 0.000001 0.000000
-0.400813 0.260240 49.242821
764.299377 0.000000
0.000000 0.000000 0.000000 0.000000
0.000000 4.239753
8 0.020000 0.620000 0.008000
0.483000 0.377000 0.726000 0.484000 1.370000 6.610000 0.770000 0.770000
274000.000000 96.599998 0.002410
1.073000 0.050000 0.116600
1.007171 0.563603 0.000741 0.000000
0.000000

0.000000 5.193056 16.392986
3.831290 0.744102 67.173813 383.708496 1656.392944
0.000000 0.004858 0.175895 0.000000 0.000000 0.000000
0.000000 0.000000 0.000000
-0.331717 0.285232 46.828533
764.299377 0.000000
0.000000 0.000000 0.000000 0.000000
0.000000 4.210530
8 0.020000 0.640000 0.008000
0.483000 0.377000 0.726000 0.484000 1.370000 6.610000 0.770000 0.770000
274000.000000 96.599998 0.002410
1.073000 0.050000 0.116600
1.007663 0.560761 0.000808 0.000000
0.000000

0.000000 4.763898 15.886447
3.819966 0.759104 67.313240 383.981995 1656.278076
0.000000 0.005471 0.185020 0.000000 0.000000 0.000000
0.000000 0.000000 0.000000
-0.261570 0.319090 43.557880
764.299377 0.000000
0.000000 0.000000 0.000000 0.000000
0.000000 4.180068
8 0.020000 0.660000 0.008000
0.483000 0.377000 0.726000 0.484000 1.370000 6.610000 0.770000 0.770000
274000.000000 96.599998 0.002410
1.073000 0.050000 0.116600
1.008191 0.559476 0.000902 0.000000
0.000000

0.000000 4.375353 15.471179
3.809880 0.777888 67.527359 384.518982 1656.144409
0.000000 0.006791 0.198925 0.000000 0.000000 0.000000
0.000000 0.000000 0.000000
-0.188692 0.368656 38.769814
764.299377 0.000000
0.000000 0.000000 0.000000 0.000000
0.000000 4.196906
8 0.020000 0.680000 0.008000
0.483000 0.377000 0.726000 0.484000 1.370000 6.610000 0.770000 0.770000
274000.000000 96.599998 0.002410
1.073000 0.050000 0.116600
1.008877 0.562989 0.001049 0.000000
0.000000

0.000000 4.021095 15.123658
3.795897 0.800648 67.746925 385.205597 1655.954590
0.000000 0.022866 0.260800 0.000000 0.000000 0.000000
0.000000 0.000001 0.000000
-0.105594 0.451525 30.764692
764.299377 0.000000
0.000000 0.000000 0.000000 0.000000
0.000000 4.210215
8 0.020000 0.700000 0.008000
0.483000 0.377000 0.726000 0.484000 1.370000 6.610000 0.770000 0.770000
274000.000000 96.599998 0.002410
1.073000 0.050000 0.116600
1.009629 0.560374 0.001279 0.000000
0.000000

0.000000 3.707966 14.842604
3.777627 0.830735 68.014557 385.993195 1655.748901
0.000000 0.059031 0.324870 0.000000 0.000000 0.000000
0.000000 0.000002 0.000000
-0.033163 0.636659 12.880782
764.299377 0.000000
0.000000 0.000000 0.000000 0.000000
0.000000 4.199603
8 0.020000 0.720000 0.008000
0.483000 0.377000 0.726000 0.484000 1.370000 6.610000 0.770000 0.770000
274000.000000 96.599998 0.002410
1.073000 0.050000 0.116600
1.010439 0.559467 0.001800 0.000000
0.000000

0.000000 3.506499 10.925235
2.358929 0.542847 42.970497 242.647827 1026.937500
0.000000 0.137139 0.288461 0.000000 0.000000 0.000000
0.000000 0.000002 0.000001
-0.001534 0.785000 0.000000
764.299377 0.000000
0.000000 0.000000 0.000000 0.000000
0.000000 3.507846
8 0.020000 0.740000 0.005000
0.486000 0.396000 0.726000 0.501000 1.360000 6.610000 0.785000 0.785000
272000.000000 96.599998 0.003000
1.073000 0.050000 0.116600
0.628577 0.357436 0.001435 0.000000
0.000000

0.000000 3.265521 10.730140
2.345137 0.567433 43.172096 243.442993 1026.700073
0.000000 0.218844 0.325501 0.000000 0.000000 0.000000
0.000000 0.000002 0.000002
0.063701 0.785000 0.000000
764.299377 0.000000
0.000000 0.000000 0.000000 0.000000
0.000000 3.363697
8 0.020000 0.760000 0.005000
0.486000 0.396000 0.726000 0.501000 1.360000 6.610000 0.785000 0.785000
272000.000000 96.599998 0.003000
1.073000 0.050000 0.116600
0.629315 0.350034 0.001405 0.000000
0.000000

0.000000 3.048157 10.581947
2.331929 0.591666 43.406467 244.321243 1026.499390
0.000000 0.355980 0.367735 0.000000 0.000000 0.000000
0.000000 0.000003 0.000003
0.128677 0.785000 0.000000
764.299377 0.000000
0.000000 0.000000 0.000000 0.000000
0.000000 3.907504
8 0.020000 0.780000 0.005000
0.486000 0.396000 0.726000 0.501000 1.360000 6.610000 0.785000 0.785000
272000.000000 96.599998 0.003000
1.073000 0.050000 0.116600
0.630094 0.349526 0.001403 0.000000
0.000000

0.000000 2.898519 10.525950
2.321832 0.616032 43.833679 245.310745 1026.242432
0.000000 0.245078 0.351187 0.000000 0.000000 0.000000
0.000000 0.000002 0.000002
0.193367 0.785000 0.000000
764.299377 0.000000
0.000000 0.000000 0.000000 0.000000
0.000000 3.863212
8 0.020000 0.800000 0.005000
0.486000 0.396000 0.726000 0.501000 1.360000 6.610000 0.785000 0.785000
272000.000000 96.599998 0.003000
1.073000 0.050000 0.116600
0.631036 0.346578 0.001391 0.000000
0.000000

0.000000 2.814060 10.586627
2.316081 0.640985 44.384136 246.648773 1025.915283
0.000000 0.179060 0.335513 0.000000 0.000000 0.000000
0.000000 0.000001 0.000001
0.257747 0.785000 0.000000
764.299377 0.000000
0.000000 0.000000 0.000000 0.000000
0.000000 3.425983
8 0.020000 0.820000 0.005000
0.486000 0.396000 0.726000 0.501000 1.360000 6.610000 0.785000 0.785000
272000.000000 96.599998 0.003000
1.073000 0.050000 0.116600
0.632227 0.341824 0.001372 0.000000
0.000000

0.000000 2.699992 10.634936
2.309362 0.665159 44.777130 247.978897 1025.620605
0.000000 0.120248 0.313312 0.000000 0.000000 0.000000
0.000000 0.000001 0.000001
0.321793 0.785000 0.000000
764.299377 0.000000
0.000000 0.000000 0.000000 0.000000
0.000000 3.102127
8 0.020000 0.840000 0.005000
0.486000 0.396000 0.726000 0.501000 1.360000 6.610000 0.785000 0.785000
272000.000000 96.599998 0.003000
1.073000 0.050000 0.116600
0.633296 0.341250 0.001370 0.000000
0.000000

0.000000 2.077467 10.304111
2.298634 0.687700 45.079174 248.936691 1025.387085
0.000000 0.082580 0.310499 0.000000 0.000000 0.000000
0.000000 0.000001 0.000000
0.385485 0.785000 0.000000
764.299377 0.000000
0.000000 0.000000 0.000000 0.000000
0.000000 2.918349
8 0.020000 0.860000 0.005000
0.486000 0.396000 0.726000 0.501000 1.360000 6.610000 0.785000 0.785000
272000.000000 96.599998 0.003000
1.073000 0.050000 0.116600
0.634096 0.341464 0.001371 0.000000
0.000000

0.000000 1.944957 10.243876
2.285155 0.708700 45.282127 249.485626 1025.256592
0.000000 0.051076 0.285782 0.000000 0.000000 0.000000
0.000000 0.000000 0.000000
0.448801 0.785000 0.000000
764.299377 0.000000
0.000000 0.000000 0.000000 0.000000
0.000000 2.742027
8 0.020000 0.880000 0.005000
0.486000 0.396000 0.726000 0.501000 1.360000 6.610000 0.785000 0.785000
272000.000000 96.599998 0.003000
1.073000 0.050000 0.116600
0.634582 0.338433 0.001359 0.000000
0.000000

0.000000 1.823120 10.196836
2.272008 0.729144 45.484001 250.011810 1025.133301
0.000000 0.530427 0.332616 0.000000 0.000000 0.000000
0.000000 0.000002 0.000002
0.511724 0.785000 0.000000
764.299377 0.000000
0.000000 0.000000 0.000000 0.000000
0.000000 2.668814
8 0.020000 0.900000 0.005000
0.486000 0.396000 0.726000 0.501000 1.360000 6.610000 0.785000 0.785000
272000.000000 96.599998 0.003000
1.073000 0.050000 0.116600
0.635049 0.338137 0.001357 0.000000
0.000000

0.000000 1.414615 9.991374
2.258629 0.748492 45.758694 250.736908 1024.945190
0.000000 0.026182 0.258604 0.000000 0.000000 0.000000
0.000000 0.000000 0.000000
0.572252 0.898567 0.000000
764.299377 0.000000
0.000000 0.000000 0.000000 0.000000
0.000000 2.608816
8 0.020000 0.920000 0.005000
0.486000 0.396000 0.726000 0.501000 1.360000 6.610000 0.785000 0.785000
272000.000000 96.599998 0.003000
1.073000 0.050000 0.116600
0.635670 0.338168 0.001554 0.000000
0.000000

0.000000 1.359238 3.261590
0.455552 0.155332 9.332267 50.914822 204.952713
0.000000 0.045036 0.150061 0.000000 0.000000 0.000000
0.000000 0.000000 0.000000
0.628982 1.000000 0.000000
764.299377 0.000000
0.000000 0.000000 0.000000 0.000000
0.000000 1.362083
8 0.020000 0.940000 0.001000
0.486000 0.396000 0.726000 0.501000 1.360000 6.610000 0.785000 0.785000
272000.000000 96.599998 0.003000
1.073000 0.050000 0.116600
0.127278 0.073177 0.000374 0.000000
0.000000

0.000000 1.320709 3.203961
0.453840 0.158915 9.379872 51.054432 204.910706
0.000000 0.018649 0.134106 0.000000 0.000000 0.000000
0.000000 0.000000 0.000000
0.683823 1.000000 0.000000
764.299377 0.000000
0.000000 0.000000 0.000000 0.000000
0.000000 1.138046
8 0.020000 0.960000 0.001000
0.486000 0.396000 0.726000 0.501000 1.360000 6.610000 0.785000 0.785000
272000.000000 96.599998 0.003000
1.073000 0.050000 0.116600
0.127437 0.068409 0.000349 0.000000
0.000000

0.000000 1.272875 3.148862
0.452157 0.162409 9.425408 51.190666 204.867035
0.000000 0.013468 0.127522 0.000000 0.000000 0.000000
0.000000 0.000000 0.000000
0.738177 1.000000 0.000000
764.299377 0.000000
0.000000 0.000000 0.000000 0.000000
0.000000 1.075793
8 0.020000 0.980000 0.001000
0.486000 0.396000 0.726000 0.501000 1.360000 6.610000 0.785000 0.785000
272000.000000 96.599998 0.003000
1.073000 0.050000 0.116600
0.127583 0.067322 0.000344 0.000000
0.000000

0.000000 1.094350 3.015008
0.451993 0.166375 9.486496 51.518932 204.794388
0.000000 0.008822 0.121592 0.000000 0.000000 0.000000
0.000000 0.000000 0.000000
0.792033 1.000000 0.000000
764.299377 0.000000
0.000000 0.000000 0.000000 0.000000
0.000000 1.069439
8 0.020000 1.000000 0.001000
0.486000 0.396000 0.726000 0.501000 1.360000 6.610000 0.785000 0.785000
272000.000000 96.599998 0.003000
1.073000 0.050000 0.116600
0.127866 0.066962 0.000342 0.000000
0.000000

0.000000 1.034959 2.967007
0.450102 0.169607 9.508759 51.632988 204.769196
0.000000 0.006232 0.117018 0.000000 0.000000 0.000000
0.000000 0.000000 0.000000
0.845381 1.000000 0.000000
764.299377 0.000000
0.000000 0.000000 0.000000 0.000000
0.000000 0.992636
8 0.020000 1.020000 0.001000
0.486000 0.396000 0.726000 0.501000 1.360000 6.610000 0.785000 0.785000
272000.000000 96.599998 0.003000
1.073000 0.050000 0.116600
0.127967 0.066616 0.000340 0.000000
0.000000

0.000000 0.961030 2.889813
0.447079 0.172303 9.506290 51.608486 204.767334
0.000000 0.005357 0.114180 0.000000 0.000000 0.000000
0.000000 0.000000 0.000000
0.898211 1.000000 0.000000
764.299377 0.000000
0.000000 0.000000 0.000000 0.000000
0.000000 0.971123
8 0.020000 1.040000 0.001000
0.486000 0.396000 0.726000 0.501000 1.360000 6.610000 0.785000 0.785000
272000.000000 96.599998 0.003000
1.073000 0.050000 0.116600
0.127972 0.066557 0.000340 0.000000
0.000000

0.000000 0.772791 2.718748
0.443879 0.174823 9.498688 51.564144 204.764923
0.000000 0.005130 0.111054 0.000000 0.000000 0.000000
0.000000 0.000000 0.000000
0.950516 1.000000 0.000000
764.299377 0.000000
0.000000 0.000000 0.000000 0.000000
0.000000 0.954350
8 0.020000 1.060000 0.001000
0.486000 0.396000 0.726000 0.501000 1.360000 6.610000 0.785000 0.785000
272000.000000 96.599998 0.003000
1.073000 0.050000 0.116600
0.127977 0.066505 0.000340 0.000000
0.000000

0.000000 0.723061 2.665481
0.441119 0.177385 9.497880 51.548820 204.763718
0.000000 0.005412 0.116826 0.000000 0.000000 0.000000
0.000000 0.000000 0.000000
1.002287 1.000000 0.000000
764.299377 0.000000
0.000000 0.000000 0.000000 0.000000
0.000000 1.015300
8 0.020000 1.080000 0.001000
0.486000 0.396000 0.726000 0.501000 1.360000 6.610000 0.785000 0.785000
272000.000000 96.599998 0.003000
1.073000 0.050000 0.116600
0.127986 0.066743 0.000341 0.000000
0.000000

0.000000 0.677906 2.617173
0.438450 0.179874 9.496538 51.535358 204.762985
0.000000 0.005247 0.114118 0.000000 0.000000 0.000000
0.000000 0.000000 0.000000
1.053519 1.000000 0.000000
764.299377 0.000000
0.000000 0.000000 0.000000 0.000000
0.000000 0.963168
8 0.020000 1.100000 0.001000
0.486000 0.396000 0.726000 0.501000 1.360000 6.610000 0.785000 0.785000
272000.000000 96.599998 0.003000
1.073000 0.050000 0.116600
0.127993 0.066473 0.000339 0.000000
0.000000

0.000000 0.636593 2.573088
0.435862 0.182287 9.494702 51.522728 204.763184
0.000000 0.004961 0.112050 0.000000 0.000000 0.000000
0.000000 0.000000 0.000000
1.104205 1.000000 0.000000
764.299377 0.000000
0.000000 0.000000 0.000000 0.000000
0.000000 0.957309
8 0.020000 1.120000 0.001000
0.486000 0.396000 0.726000 0.501000 1.360000 6.610000 0.785000 0.785000
272000.000000 96.599998 0.003000
1.073000 0.050000 0.116600
0.127995 0.066452 0.000339 0.000000
0.000000

0.000000 0.599303 2.533635
0.433376 0.184639 9.494165 51.512501 204.762924
0.000000 0.004645 0.110753 0.000000 0.000000 0.000000
0.000000 0.000000 0.000000
1.154340 1.000000 0.000000
764.299377 0.000000
0.000000 0.000000 0.000000 0.000000
0.000000 0.976933
8 0.020000 1.140000 0.001000
0.486000 0.396000 0.726000 0.501000 1.360000 6.610000 0.785000 0.785000
272000.000000 96.599998 0.003000
1.073000 0.050000 0.116600
0.128002 0.066663 0.000340 0.000000
0.000000

0.000000 0.498528 2.438296
0.430789 0.186854 9.490614 51.487354 204.762161
0.000000 0.004864 0.120510 0.000000 0.000000 0.000000
0.000000 0.000000 0.000000
1.203920 1.000000 0.000000
764.299377 0.000000
0.000000 0.000000 0.000000 0.000000
0.000000 0.954011
8 0.020000 1.160000 0.001000
0.486000 0.396000 0.726000 0.501000 1.360000 6.610000 0.785000 0.785000
272000.000000 96.599998 0.003000
1.073000 0.050000 0.116600
0.128008 0.066636 0.000340 0.000000
0.000000

0.000000 0.474342 2.412515
0.428513 0.189095 9.491530 51.484364 204.760712
0.000000 0.004889 0.122358 0.000000 0.000000 0.000000
0.000000 0.000000 0.000000
1.252941 1.000000 0.000000
764.299377 0.000000
0.000000 0.000000 0.000000 0.000000
0.000000 0.946672
8 0.020000 1.180000 0.001000
0.486000 0.396000 0.726000 0.501000 1.360000 6.610000 0.785000 0.785000
272000.000000 96.599998 0.003000
1.073000 0.050000 0.116600
0.128015 0.066415 0.000339 0.000000
0.000000

0.000000 0.451873 2.388205
0.426272 0.191257 9.490710 51.478535 204.761032
0.000000 0.005119 0.127305 0.000000 0.000000 0.000000
0.000000 0.000000 0.000000
1.301400 1.000000 0.000000
764.299377 0.000000
0.000000 0.000000 0.000000 0.000000
0.000000 0.931349
8 0.020000 1.200000 0.001000
0.486000 0.396000 0.726000 0.501000 1.360000 6.610000 0.785000 0.785000
272000.000000 96.599998 0.003000
1.073000 0.050000 0.116600
0.128019 0.066377 0.000339 0.000000
0.000000

0.000000 0.432012 2.367281
0.424140 0.193374 9.491475 51.477348 204.759689
0.000000 0.005492 0.133702 0.000000 0.000000 0.000000
0.000000 0.000000 0.000000
1.349295 1.000000 0.000000
764.299377 0.000000
0.000000 0.000000 0.000000 0.000000
0.000000 0.954256
8 0.020000 1.220000 0.001000
0.486000 0.396000 0.726000 0.501000 1.360000 6.610000 0.785000 0.785000
272000.000000 96.599998 0.003000
1.073000 0.050000 0.116600
0.128026 0.066368 0.000339 0.000000
0.000000

0.000000 0.372818 2.309048
0.421932 0.195371 9.490023 51.462585 204.758392
0.000000 0.005934 0.139681 0.000000 0.000000 0.000000
0.000000 0.000000 0.000000
1.396623 1.000000 0.000000
764.299377 0.000000
0.000000 0.000000 0.000000 0.000000
0.000000 0.934338
8 0.020000 1.240000 0.001000
0.486000 0.396000 0.726000 0.501000 1.360000 6.610000 0.785000 0.785000
272000.000000 96.599998 0.003000
1.073000 0.050000 0.116600
0.128032 0.066344 0.000339 0.000000
0.000000

0.000000 0.360286 2.295672
0.419941 0.197375 9.491642 51.462658 204.757568
0.000000 0.006288 0.142429 0.000000 0.000000 0.000000
0.000000 0.000000 0.000000
1.443383 1.000000 0.000000
764.299377 0.000000
0.000000 0.000000 0.000000 0.000000
0.000000 0.917043
8 0.020000 1.260000 0.001000
0.486000 0.396000 0.726000 0.501000 1.360000 6.610000 0.785000 0.785000
272000.000000 96.599998 0.003000
1.073000 0.050000 0.116600
0.128037 0.066294 0.000339 0.000000
0.000000

0.000000 0.348740 2.283741
0.418017 0.199325 9.492401 51.464714 204.756851
0.000000 0.006619 0.145012 0.000000 0.000000 0.000000
0.000000 0.000000 0.000000
1.489572 1.000000 0.000000
764.299377 0.000000
0.000000 0.000000 0.000000 0.000000
0.000000 0.980975
8 0.020000 1.280000 0.001000
0.486000 0.396000 0.726000 0.501000 1.360000 6.610000 0.785000 0.785000
272000.000000 96.599998 0.003000
1.073000 0.050000 0.116600
0.128044 0.068279 0.000349 0.000000
0.000000

0.000000 0.338407 2.273013
0.416149 0.201219 9.493608 51.466331 204.756058
0.000000 0.006897 0.147046 0.000000 0.000000 0.000000
0.000000 0.000000 0.000000
1.535192 1.000000 0.000000
764.299377 0.000000
0.000000 0.000000 0.000000 0.000000
0.000000 0.947009
8 0.020000 1.300000 0.001000
0.486000 0.396000 0.726000 0.501000 1.360000 6.610000 0.785000 0.785000
272000.000000 96.599998 0.003000
1.073000 0.050000 0.116600
0.128047 0.066501 0.000340 0.000000
0.000000

0.000000 0.328988 2.263615
0.414348 0.203065 9.495305 51.469250 204.755676
0.000000 0.007135 0.148870 0.000000 0.000000 0.000000
0.000000 0.000000 0.000000
1.580240 1.000000 0.000000
764.299377 0.000000
0.000000 0.000000 0.000000 0.000000
0.000000 0.944785
8 0.020000 1.320000 0.001000
0.486000 0.396000 0.726000 0.501000 1.360000 6.610000 0.785000 0.785000
272000.000000 96.599998 0.003000
1.073000 0.050000 0.116600
0.128053 0.066747 0.000341 0.000000
0.000000

0.000000 0.297589 2.231883
0.412514 0.204820 9.495235 51.463749 204.754471
0.000000 0.007372 0.151090 0.000000 0.000000 0.000000
0.000000 0.000000 0.000000
1.624717 1.000000 0.000000
764.299377 0.000000
0.000000 0.000000 0.000000 0.000000
0.000000 0.995678
8 0.020000 1.340000 0.001000
0.486000 0.396000 0.726000 0.501000 1.360000 6.610000 0.785000 0.785000
272000.000000 96.599998 0.003000
1.073000 0.050000 0.116600
0.128059 0.066563 0.000340 0.000000
0.000000

0.000000 0.291934 2.226249
0.410815 0.206560 9.496442 51.466442 204.754242
0.000000 0.007563 0.152662 0.000000 0.000000 0.000000
0.000000 0.000000 0.000000
1.668623 1.000000 0.000000
764.299377 0.000000
0.000000 0.000000 0.000000 0.000000
0.000000 0.938943
8 0.020000 1.360000 0.001000
0.486000 0.396000 0.726000 0.501000 1.360000 6.610000 0.785000 0.785000
272000.000000 96.599998 0.003000
1.073000 0.050000 0.116600
0.128064 0.066487 0.000340 0.000000
0.000000

0.000000 0.286930 2.221527
0.409176 0.208257 9.498076 51.470291 204.754135
0.000000 0.007628 0.152825 0.000000 0.000000 0.000000
0.000000 0.000000 0.000000
1.711959 1.000000 0.000000
764.299377 0.000000
0.000000 0.000000 0.000000 0.000000
0.000000 0.935581
8 0.020000 1.380000 0.001000
0.486000 0.396000 0.726000 0.501000 1.360000 6.610000 0.785000 0.785000
272000.000000 96.599998 0.003000
1.073000 0.050000 0.116600
0.128070 0.066472 0.000339 0.000000
0.000000

0.000000 0.282402 2.217440
0.407587 0.209907 9.500068 51.474060 204.754517
0.000000 0.007542 0.153318 0.000000 0.000000 0.000000
0.000000 0.000000 0.000000
1.754725 1.000000 0.000000
764.299377 0.000000
0.000000 0.000000 0.000000 0.000000
0.000000 0.931569
8 0.020000 1.400000 0.001000
0.486000 0.396000 0.726000 0.501000 1.360000 6.610000 0.785000 0.785000
272000.000000 96.599998 0.003000
1.073000 0.050000 0.116600
0.128074 0.066437 0.000339 0.000000
0.000000

0.000000 0.278287 2.213902
0.406049 0.211513 9.501792 51.478756 204.754105
0.000000 0.007280 0.155028 0.000000 0.000000 0.000000
0.000000 0.000000 0.000000
1.796922 1.000000 0.000000
764.299377 0.000000
0.000000 0.000000 0.000000 0.000000
0.000000 0.965215
8 0.020000 1.420000 0.001000
0.486000 0.396000 0.726000 0.501000 1.360000 6.610000 0.785000 0.785000
272000.000000 96.599998 0.003000
1.073000 0.050000 0.116600
0.128078 0.066425 0.000339 0.000000
0.000000

0.000000 0.261973 2.197220
0.404502 0.213046 9.501788 51.478310 204.753677
0.000000 0.006922 0.157549 0.000000 0.000000 0.000000
0.000000 0.000000 0.000000
1.838552 1.000000 0.000000
764.299377 0.000000
0.000000 0.000000 0.000000 0.000000
0.000000 0.952478
8 0.020000 1.440000 0.001000
0.486000 0.396000 0.726000 0.501000 1.360000 6.610000 0.785000 0.785000
272000.000000 96.599998 0.003000
1.073000 0.050000 0.116600
0.128084 0.066471 0.000339 0.000000
0.000000

0.000000 0.259830 2.195843
0.403060 0.214567 9.504154 51.483288 204.753220
0.000000 0.006741 0.161243 0.000000 0.000000 0.000000
0.000000 0.000000 0.000000
1.879615 1.000000 0.000000
764.299377 0.000000
0.000000 0.000000 0.000000 0.000000
0.000000 0.939787
8 0.020000 1.460000 0.001000
0.486000 0.396000 0.726000 0.501000 1.360000 6.610000 0.785000 0.785000
272000.000000 96.599998 0.003000
1.073000 0.050000 0.116600
0.128087 0.066433 0.000339 0.000000
0.000000

0.000000 0.257876 2.194805
0.401663 0.216046 9.505706 51.489319 204.752670
0.000000 0.006794 0.162584 0.000000 0.000000 0.000000
0.000000 0.000000 0.000000
1.920114 1.000000 0.000000
764.299377 0.000000
0.000000 0.000000 0.000000 0.000000
0.000000 0.960146
8 0.020000 1.480000 0.001000
0.486000 0.396000 0.726000 0.501000 1.360000 6.610000 0.785000 0.785000
272000.000000 96.599998 0.003000
1.073000 0.050000 0.116600
0.128094 0.066984 0.000342 0.000000
0.000000

0.000000 0.255994 2.193294
0.400283 0.217470 9.506518 51.492500 204.753845
0.000000 0.007123 0.165204 0.000000 0.000000 0.000000
0.000000 0.000000 0.000000
1.960051 1.000000 0.000000
764.299377 0.000000
0.000000 0.000000 0.000000 0.000000
0.000000 0.944956
8 0.020000 1.500000 0.001000
0.486000 0.396000 0.726000 0.501000 1.360000 6.610000 0.785000 0.785000
272000.000000 96.599998 0.003000
1.073000 0.050000 0.116600
0.128096 0.066552 0.000340 0.000000
0.000000

0.000000 0.254397 2.192426
0.398957 0.218863 9.507479 51.497627 204.753433
0.000000 0.007352 0.167432 0.000000 0.000000 0.000000
0.000000 0.000000 0.000000
1.999427 1.000000 0.000000
764.299377 0.000000
0.000000 0.000000 0.000000 0.000000
0.000000 0.938691
8 0.020000 1.520000 0.001000
0.486000 0.396000 0.726000 0.501000 1.360000 6.610000 0.785000 0.785000
272000.000000 96.599998 0.003000
1.073000 0.050000 0.116600
0.128099 0.066486 0.000340 0.000000
0.000000

0.000000 0.252948 2.191561
0.397664 0.220212 9.509095 51.501057 204.754654
0.000000 0.007161 0.168309 0.000000 0.000000 0.000000
0.000000 0.000000 0.000000
2.038245 1.000000 0.000000
764.299377 0.000000
0.000000 0.000000 0.000000 0.000000
0.000000 0.936868
8 0.020000 1.540000 0.001000
0.486000 0.396000 0.726000 0.501000 1.360000 6.610000 0.785000 0.785000
272000.000000 96.599998 0.003000
1.073000 0.050000 0.116600
0.128103 0.066494 0.000340 0.000000
0.000000

0.000000 0.245335 2.183560
0.396377 0.221507 9.510054 51.501080 204.755280
0.000000 0.006727 0.172626 0.000000 0.000000 0.000000
0.000000 0.000000 0.000000
2.076507 1.000000 0.000000
764.299377 0.000000
0.000000 0.000000 0.000000 0.000000
0.000000 0.933509
8 0.020000 1.560000 0.001000
0.486000 0.396000 0.726000 0.501000 1.360000 6.610000 0.785000 0.785000
272000.000000 96.599998 0.003000
1.073000 0.050000 0.116600
0.128107 0.066461 0.000339 0.000000
0.000000

0.000000 0.244758 2.183693
0.395160 0.222783 9.511696 51.504753 204.756042
0.000000 0.005975 0.173234 0.000000 0.000000 0.000000
0.000000 0.000000 0.000000
2.114216 1.000000 0.000000
764.299377 0.000000
0.000000 0.000000 0.000000 0.000000
0.000000 0.932172
8 0.020000 1.580000 0.001000
0.486000 0.396000 0.726000 0.501000 1.360000 6.610000 0.785000 0.785000
272000.000000 96.599998 0.003000
1.073000 0.050000 0.116600
0.128109 0.066473 0.000339 0.000000
0.000000

0.000000 0.244340 2.184465
0.393998 0.224034 9.513768 51.510925 204.754913
0.000000 0.005254 0.174107 0.000000 0.000000 0.000000
0.000000 0.000000 0.000000
2.151375 1.000000 0.000000
764.299377 0.000000
0.000000 0.000000 0.000000 0.000000
0.000000 0.933345
8 0.020000 1.600000 0.001000
0.486000 0.396000 0.726000 0.501000 1.360000 6.610000 0.785000 0.785000
272000.000000 96.599998 0.003000
1.073000 0.050000 0.116600
0.128114 0.066479 0.000340 0.000000
0.000000

0.000000 0.243902 2.184754
0.392851 0.225239 9.515380 51.514454 204.755493
0.000000 0.004705 0.175471 0.000000 0.000000 0.000000
0.000000 0.000000 0.000000
2.187985 1.000000 0.000000
764.299377 0.000000
0.000000 0.000000 0.000000 0.000000
0.000000 0.946797
8 0.020000 1.620000 0.001000
0.486000 0.396000 0.726000 0.501000 1.360000 6.610000 0.785000 0.785000
272000.000000 96.599998 0.003000
1.073000 0.050000 0.116600
0.128117 0.067023 0.000342 0.000000
0.000000

0.000000 0.243620 2.185695
0.391760 0.226423 9.517508 51.520973 204.755325
0.000000 0.004355 0.177161 0.000000 0.000000 0.000000
0.000000 0.000000 0.000000
2.224051 1.000000 0.000000
764.299377 0.000000
0.000000 0.000000 0.000000 0.000000
0.000000 0.932051
8 0.020000 1.640000 0.001000
0.486000 0.396000 0.726000 0.501000 1.360000 6.610000 0.785000 0.785000
272000.000000 96.599998 0.003000
1.073000 0.050000 0.116600
0.128123 0.066509 0.000340 0.000000
0.000000

0.000000 0.243333 2.186484
0.390692 0.227569 9.519413 51.526241 204.755066
0.000000 0.004151 0.178459 0.000000 0.000000 0.000000
0.000000 0.000000 0.000000
2.259575 1.000000 0.000000
764.299377 0.000000
0.000000 0.000000 0.000000 0.000000
0.000000 0.932942
8 0.020000 1.660000 0.001000
0.486000 0.396000 0.726000 0.501000 1.360000 6.610000 0.785000 0.785000
272000.000000 96.599998 0.003000
1.073000 0.050000 0.116600
0.128125 0.066535 0.000340 0.000000
0.000000

0.000000 0.239745 2.183128
0.389635 0.228672 9.520870 51.529217 204.755569
0.000000 0.004042 0.179605 0.000000 0.000000 0.000000
0.000000 0.000000 0.000000
2.294561 1.000000 0.000000
764.299377 0.000000
0.000000 0.000000 0.000000 0.000000
0.000000 0.929222
8 0.020000 1.680000 0.001000
0.486000 0.396000 0.726000 0.501000 1.360000 6.610000 0.785000 0.785000
272000.000000 96.599998 0.003000
1.073000 0.050000 0.116600
0.128130 0.066508 0.000340 0.000000
0.000000

0.000000 0.239836 2.186774
0.388715 0.229806 9.524822 51.545723 204.753403
0.000000 0.003971 0.180395 0.000000 0.000000 0.000000
0.000000 0.000000 0.000000
2.329012 1.000000 0.000000
764.299377 0.000000
0.000000 0.000000 0.000000 0.000000
0.000000 0.927371
8 0.020000 1.700000 0.001000
0.486000 0.396000 0.726000 0.501000 1.360000 6.610000 0.785000 0.785000
272000.000000 96.599998 0.003000
1.073000 0.050000 0.116600
0.128142 0.066487 0.000340 0.000000
0.000000

0.000000 0.239950 2.188345
0.387754 0.230867 9.527018 51.552830 204.752945
0.000000 0.003906 0.180760 0.000000 0.000000 0.000000
0.000000 0.000000 0.000000
2.362930 1.000000 0.000000
764.299377 0.000000
0.000000 0.000000 0.000000 0.000000
0.000000 0.926763
8 0.020000 1.720000 0.001000
0.486000 0.396000 0.726000 0.501000 1.360000 6.610000 0.785000 0.785000
272000.000000 96.599998 0.003000
1.073000 0.050000 0.116600
0.128146 0.066497 0.000340 0.000000
0.000000

0.000000 0.240147 2.190286
0.386830 0.231905 9.529452 51.561180 204.752625
0.000000 0.003834 0.180938 0.000000 0.000000 0.000000
0.000000 0.000000 0.000000
2.396320 1.000000 0.000000
764.299377 0.000000
0.000000 0.000000 0.000000 0.000000
0.000000 0.925368
8 0.020000 1.740000 0.001000
0.486000 0.396000 0.726000 0.501000 1.360000 6.610000 0.785000 0.785000
272000.000000 96.599998 0.003000
1.073000 0.050000 0.116600
0.128152 0.066500 0.000340 0.000000
0.000000

0.000000 0.240306 2.192244
0.385936 0.232916 9.531892 51.569683 204.751633
0.000000 0.003751 0.180955 0.000000 0.000000 0.000000
0.000000 0.000000 0.000000
2.429185 1.000000 0.000000
764.299377 0.000000
0.000000 0.000000 0.000000 0.000000
0.000000 0.923735
8 0.020000 1.760000 0.001000
0.486000 0.396000 0.726000 0.501000 1.360000 6.610000 0.785000 0.785000
272000.000000 96.599998 0.003000
1.073000 0.050000 0.116600
0.128158 0.066487 0.000340 0.000000
0.000000

0.000000 0.240506 2.194404
0.385076 0.233902 9.534511 51.579082 204.750214
0.000000 0.003657 0.180866 0.000000 0.000000 0.000000
0.000000 0.000000 0.000000
2.461528 1.000000 0.000000
764.299377 0.000000
0.000000 0.000000 0.000000 0.000000
0.000000 0.922217
8 0.020000 1.780000 0.001000
0.486000 0.396000 0.726000 0.501000 1.360000 6.610000 0.785000 0.785000
272000.000000 96.599998 0.003000
1.073000 0.050000 0.116600
0.128166 0.066483 0.000340 0.000000
0.000000

0.000000 0.240696 2.196483
0.384239 0.234860 9.537017 51.587898 204.750534
0.000000 0.003560 0.180850 0.000000 0.000000 0.000000
0.000000 0.000000 0.000000
2.493352 1.000000 0.000000
764.299377 0.000000
0.000000 0.000000 0.000000 0.000000
0.000000 0.920263
8 0.020000 1.800000 0.001000
0.486000 0.396000 0.726000 0.501000 1.360000 6.610000 0.785000 0.785000
272000.000000 96.599998 0.003000
1.073000 0.050000 0.116600
0.128171 0.066465 0.000339 0.000000
0.000000

0.000000 0.240200 2.197631
0.383422 0.235789 9.539400 51.596157 204.750473
0.000000 0.003579 0.185644 0.000000 0.000000 0.000000
0.000000 0.000000 0.000000
2.524662 1.000000 0.000000
764.299377 0.000000
0.000000 0.000000 0.000000 0.000000
0.000000 0.919717
8 0.020000 1.820000 0.001000
0.486000 0.396000 0.726000 0.501000 1.360000 6.610000 0.785000 0.785000
272000.000000 96.599998 0.003000
1.073000 0.050000 0.116600
0.128174 0.066476 0.000339 0.000000
0.000000

0.000000 0.240463 2.199338
0.382622 0.236686 9.541531 51.603073 204.750412
0.000000 0.003568 0.187266 0.000000 0.000000 0.000000
0.000000 0.000000 0.000000
2.555461 1.000000 0.000000
764.299377 0.000000
0.000000 0.000000 0.000000 0.000000
0.000000 0.917742
8 0.020000 1.840000 0.001000
0.486000 0.396000 0.726000 0.501000 1.360000 6.610000 0.785000 0.785000
272000.000000 96.599998 0.003000
1.073000 0.050000 0.116600
0.128182 0.066462 0.000339 0.000000
0.000000

0.000000 0.240743 2.201206
0.381852 0.237562 9.543802 51.610798 204.749130
0.000000 0.003569 0.188967 0.000000 0.000000 0.000000
0.000000 0.000000 0.000000
2.585753 1.000000 0.000000
764.299377 0.000000
0.000000 0.000000 0.000000 0.000000
0.000000 0.915763
8 0.020000 1.860000 0.001000
0.486000 0.396000 0.726000 0.501000 1.360000 6.610000 0.785000 0.785000
272000.000000 96.599998 0.003000
1.073000 0.050000 0.116600
0.128185 0.066446 0.000339 0.000000
0.000000

0.000000 0.241000 2.202872
0.381097 0.238409 9.545862 51.617371 204.748489
0.000000 0.003577 0.190953 0.000000 0.000000 0.000000
0.000000 0.000000 0.000000
2.615541 1.000000 0.000000
764.299377 0.000000
0.000000 0.000000 0.000000 0.000000
0.000000 0.915662
8 0.020000 1.880000 0.001000
0.486000 0.396000 0.726000 0.501000 1.360000 6.610000 0.785000 0.785000
272000.000000 96.599998 0.003000
1.073000 0.050000 0.116600
0.128191 0.066469 0.000339 0.000000
0.000000

0.000000 0.241260 2.204472
0.380365 0.239232 9.547870 51.623837 204.748077
0.000000 0.003572 0.192352 0.000000 0.000000 0.000000
0.000000 0.000000 0.000000
2.644830 1.000000 0.000000
764.299377 0.000000
0.000000 0.000000 0.000000 0.000000
0.000000 0.913532
8 0.020000 1.900000 0.001000
0.486000 0.396000 0.726000 0.501000 1.360000 6.610000 0.785000 0.785000
272000.000000 96.599998 0.003000
1.073000 0.050000 0.116600
0.128196 0.066448 0.000339 0.000000
0.000000

0.000000 0.241521 2.206199
0.379659 0.240035 9.550011 51.630932 204.747116
0.000000 0.003566 0.193878 0.000000 0.000000 0.000000
0.000000 0.000000 0.000000
2.673622 1.000000 0.000000
764.299377 0.000000
0.000000 0.000000 0.000000 0.000000
0.000000 0.912134
8 0.020000 1.920000 0.001000
0.486000 0.396000 0.726000 0.501000 1.360000 6.610000 0.785000 0.785000
272000.000000 96.599998 0.003000
1.073000 0.050000 0.116600
0.128200 0.066444 0.000339 0.000000
0.000000

0.000000 0.241794 2.208531
0.378995 0.240829 9.552621 51.640583 204.746429
0.000000 0.003559 0.195417 0.000000 0.000000 0.000000
0.000000 0.000000 0.000000
2.701922 1.000000 0.000000
764.299377 0.000000
0.000000 0.000000 0.000000 0.000000
0.000000 0.910755
8 0.020000 1.940000 0.001000
0.486000 0.396000 0.726000 0.501000 1.360000 6.610000 0.785000 0.785000
272000.000000 96.599998 0.003000
1.073000 0.050000 0.116600
0.128208 0.066438 0.000339 0.000000
0.000000

0.000000 0.242058 2.211833
0.378385 0.241621 9.556039 51.654667 204.745239
0.000000 0.003593 0.198812 0.000000 0.000000 0.000000
0.000000 0.000000 0.000000
2.729734 1.000000 0.000000
764.299377 0.000000
0.000000 0.000000 0.000000 0.000000
0.000000 0.909395
8 0.020000 1.960000 0.001000
0.486000 0.396000 0.726000 0.501000 1.360000 6.610000 0.785000 0.785000
272000.000000 96.599998 0.003000
1.073000 0.050000 0.116600
0.128216 0.066429 0.000339 0.000000
0.000000

0.000000 0.242320 2.223740
0.378083 0.242577 9.566725 51.707996 204.740295
0.000000 0.003622 0.201310 0.000000 0.000000 0.000000
0.000000 0.000000 0.000000
2.757060 1.000000 0.000000
764.299377 0.000000
0.000000 0.000000 0.000000 0.000000
0.000000 0.907706
8 0.020000 1.980000 0.001000
0.486000 0.396000 0.726000 0.501000 1.360000 6.610000 0.785000 0.785000
272000.000000 96.599998 0.003000
1.073000 0.050000 0.116600
0.128249 0.066387 0.000339 0.000000
0.000000

0.000000 0.242559 2.243747
0.378074 0.243690 9.584296 51.798668 204.732651
0.000000 0.021980 0.279733 0.000000 0.000000 0.000000
0.000000 0.000000 0.000000
2.783906 1.000000 0.000000
764.299377 0.000000
0.000000 0.000000 0.000000 0.000000
0.000000 0.907282
8 0.020000 2.000000 0.001000
0.486000 0.396000 0.726000 0.501000 1.360000 6.610000 0.785000 0.785000
272000.000000 96.599998 0.003000
1.073000 0.050000 0.116600
0.128307 0.066389 0.000339 0.000000
0.000000
1.000000
2.000000
0.000000 0.000000
0.000000
0
-0.940000
0 0
0.000000
1
0.000000
1.000000
1.000000
1.000000
0.000000 0.000000 0.000000
0.000000 0.000000
0.000000 0.000000 0.000000 0.000000 0.000000 0.000000 0.000000
0.000000 0.000000 0.000000 0.000000 0.000000 0.000000 0.000000
0
2.000000
1
C:\DNDC\sites\Ottawa\CEFSoilc.spf
-1.000000 -1.000000
0.000000
47
47
10.000000
107
0.000000
0.000000
258
0.000000
162888.640625
1
