7
Clay_loam
0.314000 0.490000 0.006410 0.726000 0.398000 1.000000 0.000000 0.000000
1.350000 6.610000 1 0.031000 0.500000 0.050000 0.010000 0.240000 0.750000
0.000000 0.020000 2.000000 270000.000000 96.599998 100
0.233300 1.944000 3.025300 0.000000 1
10.000000 10.000000 10.000000 5.000000 25.000000 100.000000
0.000000 0.000000 0.001069 0.000000 0.000000 0.000000
500.000000 0.000000 0.000000

24.147867 568.320312 4820.397461
41.439842 5.807687 873.476685 4122.205566 6389.453125
0.000000 29.961081 1.470217 1.010348 0.000000 0.000000
0.000058 0.003072 0.000137
-2.025745 0.116176 37.001492
764.299377 0.000000
8.193383 0.000000 0.000000 0.000000
0.000000 23.806828
7 0.020000 0.020000 0.031000
0.490000 0.314000 0.726000 0.398000 1.350000 6.610000 0.726000 0.726000
270000.000000 96.599998 0.006410
1.073000 0.050000 0.116600
97.102859 2.786035 0.001703 0.000000
0.000000

0.857490 44.021008 254.361801
15.119348 2.032125 269.954102 1643.637573 6308.454102
0.000000 4.054056 0.704111 0.505174 0.000000 0.000000
0.000038 0.001969 0.000073
-1.840725 0.121855 42.277538
764.299377 0.000000
2.547115 0.000000 0.000000 0.000000
0.000000 12.079152
7 0.020000 0.040000 0.031000
0.490000 0.314000 0.726000 0.398000 1.350000 6.610000 0.726000 0.726000
270000.000000 96.599998 0.006410
1.073000 0.050000 0.116600
3.890326 1.923656 0.001228 0.000000
0.000000

0.000002 26.555759 41.597530
14.831709 2.033402 259.878601 1576.218384 6307.196289
0.000000 1.224167 0.579737 0.252587 0.000000 0.000000
0.000035 0.000327 0.000000
-1.704470 0.126610 44.922356
764.299377 0.000000
1.877206 0.000000 0.000000 0.000000
0.000000 10.766652
7 0.020000 0.060000 0.031000
0.490000 0.314000 0.726000 0.398000 1.350000 6.610000 0.726000 0.726000
270000.000000 96.599998 0.006410
1.073000 0.050000 0.116600
3.890389 1.935792 0.001284 0.000000
0.000000

0.000000 23.016455 36.652206
15.032044 1.948300 259.760345 1572.079590 6306.869629
0.000000 0.902983 0.520351 0.126294 0.000000 0.000000
0.000027 0.000164 0.000000
-1.573593 0.131742 49.757347
764.299377 0.000000
1.698267 0.000000 0.000000 0.000000
0.000000 10.349277
7 0.020000 0.080000 0.031000
0.490000 0.314000 0.726000 0.398000 1.350000 6.610000 0.726000 0.726000
270000.000000 96.599998 0.006410
1.073000 0.050000 0.116600
3.891453 1.865978 0.001287 0.000000
0.000000

0.000000 21.129412 32.884449
12.387289 1.512795 210.774506 1273.607910 5086.257324
0.000000 0.124822 0.367162 0.063147 0.000000 0.000000
0.000011 0.000162 0.000000
-1.450088 0.137203 57.702110
764.299377 0.000000
1.246131 0.000000 0.000000 0.000000
0.000000 6.092306
7 0.020000 0.100000 0.025000
0.490000 0.314000 0.726000 0.398000 1.350000 6.610000 0.726000 0.726000
270000.000000 96.599998 0.006410
1.073000 0.050000 0.116600
3.139160 1.485710 0.001065 0.000000
0.000000

0.000000 19.226200 93.694977
12.510854 1.467981 210.175507 1267.874390 5086.388672
0.000000 0.014926 0.200740 0.031573 0.000000 0.000000
0.000002 0.000124 0.000000
-1.331125 0.143152 57.119122
764.299377 0.000000
1.115269 0.000000 0.000000 0.000000
0.000000 3.794341
7 0.020000 0.120000 0.025000
0.490000 0.314000 0.726000 0.398000 1.350000 6.610000 0.726000 0.726000
270000.000000 96.599998 0.006410
1.073000 0.050000 0.116600
3.137337 1.348345 0.001008 0.000000
0.000000

0.000000 12.801706 79.747238
12.578618 1.449871 210.170410 1262.155396 5085.806152
0.000000 0.002447 0.167720 0.015787 0.000000 0.000000
0.000000 0.000000 0.000000
-1.213241 0.149868 56.460915
764.299377 0.000000
0.982789 0.000000 0.000000 0.000000
0.000000 2.683159
7 0.020000 0.140000 0.025000
0.490000 0.314000 0.726000 0.398000 1.350000 6.610000 0.726000 0.726000
270000.000000 96.599998 0.006410
1.073000 0.050000 0.116600
3.139926 1.299693 0.001018 0.000000
0.000000

0.000000 35.745552 76.932152
12.638523 1.460548 210.035751 1255.276245 5085.079590
0.000000 0.000953 0.156520 0.007893 0.000000 0.000000
0.000000 0.000000 0.000000
-1.096372 0.157533 55.709743
764.299377 0.000000
0.844898 0.000000 0.000000 0.000000
0.000000 2.032518
7 0.020000 0.160000 0.025000
0.490000 0.314000 0.726000 0.398000 1.350000 6.610000 0.726000 0.726000
270000.000000 96.599998 0.006410
1.073000 0.050000 0.116600
3.142756 1.213271 0.000998 0.000000
0.000000

0.000000 33.124310 66.201485
10.340075 1.331126 169.603027 1007.816040 4067.654053
0.000000 0.000218 0.091804 0.003947 0.000000 0.000000
0.000000 0.000000 0.000000
-0.980384 0.166395 54.841335
764.299377 0.000000
0.353637 0.000000 0.000000 0.000000
0.000000 1.490060
7 0.020000 0.180000 0.020000
0.490000 0.314000 0.726000 0.398000 1.350000 6.610000 0.726000 0.726000
270000.000000 96.599998 0.006410
1.073000 0.050000 0.116600
2.516343 0.967139 0.000839 0.000000
0.000000

0.000000 30.712379 63.798176
10.352309 1.372473 170.646957 1008.565125 4067.302246
0.000000 0.000209 0.090672 0.001973 0.000000 0.000000
0.000000 0.000000 0.000000
-0.865041 0.176802 53.821453
764.299377 0.000000
0.312352 0.000000 0.000000 0.000000
0.000000 2.419304
7 0.020000 0.200000 0.020000
0.490000 0.314000 0.726000 0.398000 1.350000 6.610000 0.726000 0.726000
270000.000000 96.599998 0.006410
1.073000 0.050000 0.116600
2.518404 1.861413 0.001727 0.000000
0.000000

0.000000 28.489805 61.726372
10.371316 1.414058 171.828659 1009.809326 4066.902588
0.000000 0.000185 0.089461 0.000987 0.000000 0.000000
0.000000 0.000000 0.000000
-0.749818 0.189266 52.599957
764.299377 0.000000
0.271185 0.000000 0.000000 0.000000
0.000000 4.468933
7 0.020000 0.220000 0.020000
0.490000 0.314000 0.726000 0.398000 1.350000 6.610000 0.726000 0.726000
270000.000000 96.599998 0.006410
1.073000 0.050000 0.116600
2.520706 2.185700 0.002177 0.000000
0.000000

0.000000 26.537607 60.018036
10.512270 1.571073 173.303833 1011.402405 4066.373779
0.000000 0.000140 0.064789 0.000493 0.000000 0.000000
0.000000 0.000005 0.000000
-0.633543 0.204573 51.099838
764.299377 0.000000
0.000000 0.000000 0.000000 0.000000
0.000000 4.470764
7 0.020000 0.240000 0.020000
0.490000 0.314000 0.726000 0.398000 1.350000 6.610000 0.726000 0.726000
270000.000000 96.599998 0.006410
1.073000 0.050000 0.116600
2.523283 1.421398 0.001523 0.000000
0.000000

0.000000 24.244881 57.916897
10.485825 1.586055 173.656052 1011.474304 4066.287354
0.000000 0.000143 0.065129 0.000247 0.000000 0.000000
0.000000 0.000005 0.000000
-0.512950 0.224006 49.195389
764.299377 0.000000
0.000000 0.000000 0.000000 0.000000
0.000000 3.880667
7 0.020000 0.260000 0.020000
0.490000 0.314000 0.726000 0.398000 1.350000 6.610000 0.726000 0.726000
270000.000000 96.599998 0.006410
1.073000 0.050000 0.116600
2.524144 1.323569 0.001554 0.000000
0.000000

0.000000 24.059517 55.105171
9.536975 1.456927 160.600082 919.430298 3657.542969
0.000000 0.004461 0.094414 0.000123 0.000000 0.000000
0.000000 0.000004 0.000000
-0.387710 0.248689 59.485924
764.299377 0.000000
0.000000 0.000000 0.000000 0.000000
0.000000 15.538715
7 0.020000 0.280000 0.018000
0.490000 0.314000 0.726000 0.398000 1.350000 6.610000 0.726000 0.726000
270000.000000 96.599998 0.000070
1.073000 0.050000 0.116600
2.279624 1.508733 0.001975 0.000000
0.000000

0.000000 22.407831 53.906258
9.541558 1.474177 161.804550 921.387024 3656.943359
0.000000 0.120583 0.266523 0.000062 0.000000 0.000000
0.000000 0.000040 0.000001
-0.207969 0.281715 54.871792
764.299377 0.000000
0.000000 0.000000 0.000000 0.000000
0.000000 11.340211
7 0.020000 0.300000 0.018000
0.490000 0.314000 0.726000 0.398000 1.350000 6.610000 0.726000 0.726000
270000.000000 96.599998 0.000070
1.073000 0.050000 0.116600
2.281910 1.230113 0.001832 0.000000
0.000000

0.000000 20.298014 52.035870
9.496767 1.507033 161.712463 920.765137 3656.999268
0.000000 0.095622 0.226291 0.000031 0.000000 0.000000
0.000000 0.000029 0.000001
-0.123270 0.331668 50.731003
764.299377 0.000000
0.000000 0.000000 0.000000 0.000000
0.000000 8.184167
7 0.020000 0.320000 0.018000
0.490000 0.314000 0.726000 0.398000 1.350000 6.610000 0.726000 0.726000
270000.000000 96.599998 0.000070
1.073000 0.050000 0.116600
2.281938 1.202280 0.002101 0.000000
0.000000

0.000000 18.897942 46.788113
8.336349 1.360464 144.080643 810.779968 3194.678223
0.000000 0.015804 0.097352 0.000015 0.000000 0.000000
0.000000 0.000005 0.000000
-0.047140 0.419767 45.586948
764.299377 0.000000
0.000000 0.000000 0.000000 0.000000
0.000000 6.374341
8 0.020000 0.340000 0.015500
0.483000 0.377000 0.726000 0.484000 1.370000 6.610000 0.770000 0.770000
274000.000000 96.599998 0.000070
1.073000 0.050000 0.116600
1.998908 1.052640 0.002251 0.000000
0.000000

0.000000 17.078403 45.181667
8.290580 1.392422 143.934906 810.139893 3194.760986
0.000000 0.000645 0.041605 0.000008 0.000000 0.000000
0.000000 0.000003 0.000000
-0.005418 0.649828 25.543131
764.299377 0.000000
0.000000 0.000000 0.000000 0.000000
0.000000 5.699895
8 0.020000 0.360000 0.015500
0.483000 0.377000 0.726000 0.484000 1.370000 6.610000 0.770000 0.770000
274000.000000 96.599998 0.000070
1.073000 0.050000 0.116600
1.998737 1.040842 0.003433 0.000000
0.000000

0.000000 15.441376 43.727654
8.244394 1.428968 143.802505 809.520325 3194.847656
0.000000 0.000011 0.028305 0.000004 0.000000 0.000000
0.000000 0.000001 0.000001
0.022972 0.933912 0.000000
764.299377 0.000000
0.000000 0.000000 0.000000 0.000000
0.000000 5.478768
8 0.020000 0.380000 0.015500
0.483000 0.377000 0.726000 0.484000 1.370000 6.610000 0.770000 0.770000
274000.000000 96.599998 0.000070
1.073000 0.050000 0.116600
1.998563 1.038380 0.004911 0.000000
0.000000

0.000000 13.957662 42.397106
8.191651 1.470287 143.668243 808.926880 3194.935303
0.000000 0.000000 0.042241 0.000002 0.000000 0.000000
0.000000 0.000000 0.000000
0.108113 0.950171 0.000000
764.299377 0.000000
0.000000 0.000000 0.000000 0.000000
0.000000 5.391716
8 0.020000 0.400000 0.015500
0.483000 0.377000 0.726000 0.484000 1.370000 6.610000 0.770000 0.770000
274000.000000 96.599998 0.000070
1.073000 0.050000 0.116600
1.998379 1.038050 0.004995 0.000000
0.000000

0.000000 12.628654 41.236729
8.143868 1.510016 143.575745 808.536560 3194.997314
0.000000 0.000619 0.100453 0.000001 0.000000 0.000000
0.000000 0.000001 0.000001
0.190892 0.963240 0.000000
764.299377 0.000000
0.000000 0.000000 0.000000 0.000000
0.000000 5.353244
8 0.020000 0.420000 0.015500
0.483000 0.377000 0.726000 0.484000 1.370000 6.610000 0.770000 0.770000
274000.000000 96.599998 0.000070
1.073000 0.050000 0.116600
1.998319 1.037624 0.005061 0.000000
0.000000

0.000000 11.434871 40.194054
8.099477 1.548134 143.524796 808.207886 3195.052002
0.000000 0.001990 0.130964 0.000000 0.000000 0.000000
0.000000 0.000001 0.000001
0.271442 0.973427 0.000000
764.299377 0.000000
0.000000 0.000000 0.000000 0.000000
0.000000 5.335359
8 0.020000 0.440000 0.015500
0.483000 0.377000 0.726000 0.484000 1.370000 6.610000 0.770000 0.770000
274000.000000 96.599998 0.000070
1.073000 0.050000 0.116600
1.998290 1.037361 0.005113 0.000000
0.000000

0.000000 10.362118 39.273117
8.058301 1.584830 143.476852 807.992798 3195.085205
0.000000 0.008295 0.189031 0.000000 0.000000 0.000000
0.000000 0.000001 0.000001
0.349878 0.981063 0.000000
764.299377 0.000000
0.000000 0.000000 0.000000 0.000000
0.000000 5.326972
8 0.020000 0.460000 0.015500
0.483000 0.377000 0.726000 0.484000 1.370000 6.610000 0.770000 0.770000
274000.000000 96.599998 0.000070
1.073000 0.050000 0.116600
1.998309 1.037008 0.005152 0.000000
0.000000

0.000000 9.389557 38.437447
8.019375 1.620113 143.455872 807.780151 3195.113525
0.000000 0.023807 0.245750 0.000000 0.000000 0.000000
0.000000 0.000002 0.000001
0.426297 0.986518 0.000000
764.299377 0.000000
0.000000 0.000000 0.000000 0.000000
0.000000 5.323308
8 0.020000 0.480000 0.015500
0.483000 0.377000 0.726000 0.484000 1.370000 6.610000 0.770000 0.770000
274000.000000 96.599998 0.000070
1.073000 0.050000 0.116600
1.998330 1.036862 0.005180 0.000000
0.000000

0.000000 8.507912 37.689758
7.982793 1.654172 143.427231 807.635742 3195.144775
0.000000 0.039260 0.279071 0.000000 0.000000 0.000000
0.000000 0.000002 0.000002
0.500782 0.990185 0.000000
764.299377 0.000000
0.000000 0.000000 0.000000 0.000000
0.000000 5.325229
8 0.020000 0.500000 0.015500
0.483000 0.377000 0.726000 0.484000 1.370000 6.610000 0.770000 0.770000
274000.000000 96.599998 0.000070
1.073000 0.050000 0.116600
1.998369 1.036729 0.005198 0.000000
0.000000

0.000000 7.717805 37.030228
7.948766 1.687211 143.455170 807.537415 3195.161865
0.000000 0.042280 0.290010 0.000000 0.000000 0.000000
0.000000 0.000002 0.000002
0.573402 0.992444 0.000000
764.299377 0.000000
0.000000 0.000000 0.000000 0.000000
0.000000 5.329039
8 0.020000 0.520000 0.015500
0.483000 0.377000 0.726000 0.484000 1.370000 6.610000 0.770000 0.770000
274000.000000 96.599998 0.000070
1.073000 0.050000 0.116600
1.998454 1.036598 0.005210 0.000000
0.000000

0.000000 6.297641 20.423571
4.061277 0.882477 72.090683 413.559845 1650.261719
0.000000 0.039549 0.196666 0.000000 0.000000 0.000000
0.000000 0.000002 0.000002
0.648475 0.770000 0.000000
764.299377 0.000000
0.000000 0.000000 0.000000 0.000000
0.000000 4.772842
8 0.020000 0.540000 0.008000
0.483000 0.377000 0.726000 0.484000 1.370000 6.610000 0.770000 0.770000
274000.000000 96.599998 0.002410
1.073000 0.050000 0.116600
1.028012 0.570393 0.002219 0.000000
0.000000

0.000000 5.736824 19.939222
4.043204 0.900376 72.162773 413.579926 1650.239014
0.000000 0.022366 0.178128 0.000000 0.000000 0.000000
0.000000 0.000001 0.000001
0.726735 0.770000 0.000000
764.299377 0.000000
0.000000 0.000000 0.000000 0.000000
0.000000 4.486439
8 0.020000 0.560000 0.008000
0.483000 0.377000 0.726000 0.484000 1.370000 6.610000 0.770000 0.770000
274000.000000 96.599998 0.002410
1.073000 0.050000 0.116600
1.028187 0.547436 0.002129 0.000000
0.000000

0.000000 5.228086 19.514185
4.026359 0.917900 72.250694 413.656158 1650.205200
0.000000 0.015260 0.174000 0.000000 0.000000 0.000000
0.000000 0.000001 0.000001
0.803419 0.770000 0.000000
764.299377 0.000000
0.000000 0.000000 0.000000 0.000000
0.000000 4.373068
8 0.020000 0.580000 0.008000
0.483000 0.377000 0.726000 0.484000 1.370000 6.610000 0.770000 0.770000
274000.000000 96.599998 0.002410
1.073000 0.050000 0.116600
1.028394 0.541536 0.002106 0.000000
0.000000

0.000000 4.766517 19.153322
4.011112 0.935188 72.348381 413.845978 1650.153442
0.000000 0.015122 0.182975 0.000000 0.000000 0.000000
0.000000 0.000001 0.000000
0.878548 0.770000 0.000000
764.299377 0.000000
0.000000 0.000000 0.000000 0.000000
0.000000 4.320372
8 0.020000 0.600000 0.008000
0.483000 0.377000 0.726000 0.484000 1.370000 6.610000 0.770000 0.770000
274000.000000 96.599998 0.002410
1.073000 0.050000 0.116600
1.028652 0.541845 0.002107 0.000000
0.000000

0.000000 4.350385 18.820370
3.996057 0.951959 72.457962 413.982666 1650.107666
0.000000 0.022801 0.207269 0.000000 0.000000 0.000000
0.000000 0.000001 0.000001
0.952149 0.770000 0.000000
764.299377 0.000000
0.000000 0.000000 0.000000 0.000000
0.000000 4.316122
8 0.020000 0.620000 0.008000
0.483000 0.377000 0.726000 0.484000 1.370000 6.610000 0.770000 0.770000
274000.000000 96.599998 0.002410
1.073000 0.050000 0.116600
1.028878 0.539548 0.002098 0.000000
0.000000

0.000000 3.982603 18.542742
3.982120 0.968469 72.636063 414.122131 1650.063721
0.000000 0.042002 0.239885 0.000000 0.000000 0.000000
0.000000 0.000001 0.000001
1.024249 0.770000 0.000000
764.299377 0.000000
0.000000 0.000000 0.000000 0.000000
0.000000 4.303903
8 0.020000 0.640000 0.008000
0.483000 0.377000 0.726000 0.484000 1.370000 6.610000 0.770000 0.770000
274000.000000 96.599998 0.002410
1.073000 0.050000 0.116600
1.029137 0.539134 0.002097 0.000000
0.000000

0.000000 3.646358 18.294405
3.968558 0.984578 72.804398 414.262909 1650.010742
0.000000 0.075192 0.273786 0.000000 0.000000 0.000000
0.000000 0.000002 0.000001
1.094880 0.770000 0.000000
764.299377 0.000000
0.000000 0.000000 0.000000 0.000000
0.000000 4.270535
8 0.020000 0.660000 0.008000
0.483000 0.377000 0.726000 0.484000 1.370000 6.610000 0.770000 0.770000
274000.000000 96.599998 0.002410
1.073000 0.050000 0.116600
1.029384 0.538913 0.002096 0.000000
0.000000

0.000000 3.355778 18.134983
3.958234 1.001036 73.033813 414.683441 1649.915405
0.000000 0.103423 0.294391 0.000000 0.000000 0.000000
0.000000 0.000002 0.000002
1.164074 0.770000 0.000000
764.299377 0.000000
0.000000 0.000000 0.000000 0.000000
0.000000 4.222338
8 0.020000 0.680000 0.008000
0.483000 0.377000 0.726000 0.484000 1.370000 6.610000 0.770000 0.770000
274000.000000 96.599998 0.002410
1.073000 0.050000 0.116600
1.029805 0.538436 0.002094 0.000000
0.000000

0.000000 3.093272 18.026918
3.949301 1.017438 73.280930 415.210510 1649.768433
0.000000 0.120810 0.307198 0.000000 0.000000 0.000000
0.000000 0.000002 0.000002
1.231866 0.770000 0.000000
764.299377 0.000000
0.000000 0.000000 0.000000 0.000000
0.000000 4.182584
8 0.020000 0.700000 0.008000
0.483000 0.377000 0.726000 0.484000 1.370000 6.610000 0.770000 0.770000
274000.000000 96.599998 0.002410
1.073000 0.050000 0.116600
1.030291 0.540499 0.002102 0.000000
0.000000

0.000000 2.852662 17.943764
3.940814 1.033575 73.529243 415.749298 1649.622925
0.000000 0.136990 0.318207 0.000000 0.000000 0.000000
0.000000 0.000002 0.000002
1.298292 0.770000 0.000000
764.299377 0.000000
0.000000 0.000000 0.000000 0.000000
0.000000 4.127216
8 0.020000 0.720000 0.008000
0.483000 0.377000 0.726000 0.484000 1.370000 6.610000 0.770000 0.770000
274000.000000 96.599998 0.002410
1.073000 0.050000 0.116600
1.030775 0.538048 0.002092 0.000000
0.000000

0.000000 2.661570 12.060986
2.450913 0.653883 46.089596 259.191956 1023.271912
0.000000 0.173750 0.245312 0.000000 0.000000 0.000000
0.000000 0.000002 0.000002
1.363005 0.785000 0.000000
764.299377 0.000000
0.000000 0.000000 0.000000 0.000000
0.000000 3.806125
8 0.020000 0.740000 0.005000
0.486000 0.396000 0.726000 0.501000 1.360000 6.610000 0.785000 0.785000
272000.000000 96.599998 0.003000
1.073000 0.050000 0.116600
0.640328 0.339279 0.001362 0.000000
0.000000

0.000000 2.464555 11.989901
2.438207 0.661263 46.289803 259.602661 1023.153076
0.000000 0.218304 0.256996 0.000000 0.000000 0.000000
0.000000 0.000002 0.000002
1.422495 0.996076 0.000000
764.299377 0.000000
0.000000 0.000000 0.000000 0.000000
0.000000 3.333164
8 0.020000 0.760000 0.005000
0.486000 0.396000 0.726000 0.501000 1.360000 6.610000 0.785000 0.785000
272000.000000 96.599998 0.003000
1.073000 0.050000 0.116600
0.640697 0.335466 0.001709 0.000000
0.000000

0.000000 2.283328 11.961438
2.435893 0.670199 46.527592 260.101044 1023.026550
0.000000 0.303111 0.272430 0.000000 0.000000 0.000000
0.000000 0.000003 0.000002
1.477409 1.000000 0.000000
764.299377 0.000000
0.000000 0.000000 0.000000 0.000000
0.000000 3.844310
8 0.020000 0.780000 0.005000
0.486000 0.396000 0.726000 0.501000 1.360000 6.610000 0.785000 0.785000
272000.000000 96.599998 0.003000
1.073000 0.050000 0.116600
0.641133 0.336158 0.001719 0.000000
0.000000

0.000000 2.126517 11.952953
2.434364 0.679141 46.785446 260.584137 1022.898193
0.000000 0.342092 0.277848 0.000000 0.000000 0.000000
0.000000 0.000003 0.000002
1.530960 1.000000 0.000000
764.299377 0.000000
0.000000 0.000000 0.000000 0.000000
0.000000 3.425564
8 0.020000 0.800000 0.005000
0.486000 0.396000 0.726000 0.501000 1.360000 6.610000 0.785000 0.785000
272000.000000 96.599998 0.003000
1.073000 0.050000 0.116600
0.641569 0.331816 0.001697 0.000000
0.000000

0.000000 1.983650 11.958077
2.432932 0.687945 47.118023 260.986328 1022.782837
0.000000 0.319643 0.286248 0.000000 0.000000 0.000000
0.000000 0.000002 0.000002
1.583238 1.000000 0.000000
764.299377 0.000000
0.000000 0.000000 0.000000 0.000000
0.000000 3.126022
8 0.020000 0.820000 0.005000
0.486000 0.396000 0.726000 0.501000 1.360000 6.610000 0.785000 0.785000
272000.000000 96.599998 0.003000
1.073000 0.050000 0.116600
0.641994 0.331406 0.001695 0.000000
0.000000

0.000000 1.852417 11.969354
2.431309 0.696538 47.496338 261.301392 1022.668396
0.000000 0.244880 0.274233 0.000000 0.000000 0.000000
0.000000 0.000002 0.000001
1.634283 1.000000 0.000000
764.299377 0.000000
0.000000 0.000000 0.000000 0.000000
0.000000 2.995420
8 0.020000 0.840000 0.005000
0.486000 0.396000 0.726000 0.501000 1.360000 6.610000 0.785000 0.785000
272000.000000 96.599998 0.003000
1.073000 0.050000 0.116600
0.642392 0.330760 0.001691 0.000000
0.000000

0.000000 1.719234 11.971012
2.429128 0.704818 47.744984 261.661682 1022.555054
0.000000 0.130570 0.238910 0.000000 0.000000 0.000000
0.000000 0.000001 0.000001
1.684134 1.000000 0.000000
764.299377 0.000000
0.000000 0.000000 0.000000 0.000000
0.000000 2.765383
8 0.020000 0.860000 0.005000
0.486000 0.396000 0.726000 0.501000 1.360000 6.610000 0.785000 0.785000
272000.000000 96.599998 0.003000
1.073000 0.050000 0.116600
0.642738 0.331691 0.001696 0.000000
0.000000

0.000000 1.591723 11.948085
2.425660 0.712569 47.939205 261.897217 1022.473694
0.000000 0.066341 0.207487 0.000000 0.000000 0.000000
0.000000 0.000000 0.000000
1.732831 1.000000 0.000000
764.299377 0.000000
0.000000 0.000000 0.000000 0.000000
0.000000 2.648679
8 0.020000 0.880000 0.005000
0.486000 0.396000 0.726000 0.501000 1.360000 6.610000 0.785000 0.785000
272000.000000 96.599998 0.003000
1.073000 0.050000 0.116600
0.642984 0.330019 0.001688 0.000000
0.000000

0.000000 1.470943 11.922682
2.421847 0.720062 48.088505 262.118103 1022.405823
0.000000 0.034324 0.182464 0.000000 0.000000 0.000000
0.000000 0.000000 0.000000
1.780412 1.000000 0.000000
764.299377 0.000000
0.000000 0.000000 0.000000 0.000000
0.000000 2.572314
8 0.020000 0.900000 0.005000
0.486000 0.396000 0.726000 0.501000 1.360000 6.610000 0.785000 0.785000
272000.000000 96.599998 0.003000
1.073000 0.050000 0.116600
0.643196 0.329845 0.001687 0.000000
0.000000

0.000000 1.366113 11.937611
2.419335 0.727792 48.267960 262.458618 1022.301941
0.000000 0.018023 0.164240 0.000000 0.000000 0.000000
0.000000 0.000000 0.000000
1.826917 1.000000 0.000000
764.299377 0.000000
0.000000 0.000000 0.000000 0.000000
0.000000 2.370977
8 0.020000 0.920000 0.005000
0.486000 0.396000 0.726000 0.501000 1.360000 6.610000 0.785000 0.785000
272000.000000 96.599998 0.003000
1.073000 0.050000 0.116600
0.643484 0.330499 0.001690 0.000000
0.000000

0.000000 1.265919 3.153743
0.485353 0.147621 9.708414 52.692261 204.441437
0.000000 0.021437 0.048694 0.000000 0.000000 0.000000
0.000000 0.000000 0.000000
1.872383 1.000000 0.000000
764.299377 0.000000
0.000000 0.000000 0.000000 0.000000
0.000000 1.312686
8 0.020000 0.940000 0.001000
0.486000 0.396000 0.726000 0.501000 1.360000 6.610000 0.785000 0.785000
272000.000000 96.599998 0.003000
1.073000 0.050000 0.116600
0.128757 0.068805 0.000351 0.000000
0.000000

0.000000 1.174933 3.095181
0.484582 0.149039 9.721540 52.750584 204.427734
0.000000 0.009440 0.033485 0.000000 0.000000 0.000000
0.000000 0.000000 0.000000
1.916848 1.000000 0.000000
764.299377 0.000000
0.000000 0.000000 0.000000 0.000000
0.000000 1.216548
8 0.020000 0.960000 0.001000
0.486000 0.396000 0.726000 0.501000 1.360000 6.610000 0.785000 0.785000
272000.000000 96.599998 0.003000
1.073000 0.050000 0.116600
0.128808 0.066382 0.000339 0.000000
0.000000

0.000000 1.084789 3.039881
0.483773 0.150416 9.732722 52.803074 204.413406
0.000000 0.001971 0.020653 0.000000 0.000000 0.000000
0.000000 0.000000 0.000000
1.960348 1.000000 0.000000
764.299377 0.000000
0.000000 0.000000 0.000000 0.000000
0.000000 1.059820
8 0.020000 0.980000 0.001000
0.486000 0.396000 0.726000 0.501000 1.360000 6.610000 0.785000 0.785000
272000.000000 96.599998 0.003000
1.073000 0.050000 0.116600
0.128849 0.065780 0.000336 0.000000
0.000000

0.000000 1.006913 3.012992
0.483773 0.152019 9.759188 52.941002 204.390289
0.000000 0.000095 0.008455 0.000000 0.000000 0.000000
0.000000 0.000000 0.000000
2.002919 1.000000 0.000000
764.299377 0.000000
0.000000 0.000000 0.000000 0.000000
0.000000 0.964502
8 0.020000 1.000000 0.001000
0.486000 0.396000 0.726000 0.501000 1.360000 6.610000 0.785000 0.785000
272000.000000 96.599998 0.003000
1.073000 0.050000 0.116600
0.128945 0.065666 0.000335 0.000000
0.000000

0.000000 0.932643 2.980125
0.483394 0.153479 9.778386 53.034588 204.373459
0.000000 0.000001 0.002843 0.000000 0.000000 0.000000
0.000000 0.000000 0.000000
2.044595 1.000000 0.000000
764.299377 0.000000
0.000000 0.000000 0.000000 0.000000
0.000000 0.910366
8 0.020000 1.020000 0.001000
0.486000 0.396000 0.726000 0.501000 1.360000 6.610000 0.785000 0.785000
272000.000000 96.599998 0.003000
1.073000 0.050000 0.116600
0.129012 0.065583 0.000335 0.000000
0.000000

0.000000 0.857710 2.925823
0.482120 0.154627 9.778330 53.028614 204.372665
0.000000 0.000000 0.001838 0.000000 0.000000 0.000000
0.000000 0.000000 0.000000
2.085408 1.000000 0.000000
764.299377 0.000000
0.000000 0.000000 0.000000 0.000000
0.000000 0.883686
8 0.020000 1.040000 0.001000
0.486000 0.396000 0.726000 0.501000 1.360000 6.610000 0.785000 0.785000
272000.000000 96.599998 0.003000
1.073000 0.050000 0.116600
0.129013 0.065582 0.000335 0.000000
0.000000

0.000000 0.790144 2.877115
0.480894 0.155761 9.779743 53.023758 204.370667
0.000000 0.000000 0.001725 0.000000 0.000000 0.000000
0.000000 0.000000 0.000000
2.125390 1.000000 0.000000
764.299377 0.000000
0.000000 0.000000 0.000000 0.000000
0.000000 0.869724
8 0.020000 1.060000 0.001000
0.486000 0.396000 0.726000 0.501000 1.360000 6.610000 0.785000 0.785000
272000.000000 96.599998 0.003000
1.073000 0.050000 0.116600
0.129014 0.065572 0.000335 0.000000
0.000000

0.000000 0.728884 2.833235
0.479703 0.156877 9.780559 53.020718 204.370239
0.000000 0.000000 0.001837 0.000000 0.000000 0.000000
0.000000 0.000000 0.000000
2.164572 1.000000 0.000000
764.299377 0.000000
0.000000 0.000000 0.000000 0.000000
0.000000 0.860801
8 0.020000 1.080000 0.001000
0.486000 0.396000 0.726000 0.501000 1.360000 6.610000 0.785000 0.785000
272000.000000 96.599998 0.003000
1.073000 0.050000 0.116600
0.129018 0.065565 0.000335 0.000000
0.000000

0.000000 0.673400 2.793291
0.478532 0.157971 9.780861 53.017448 204.369797
0.000000 0.000000 0.004421 0.000000 0.000000 0.000000
0.000000 0.000000 0.000000
2.202983 1.000000 0.000000
764.299377 0.000000
0.000000 0.000000 0.000000 0.000000
0.000000 0.853600
8 0.020000 1.100000 0.001000
0.486000 0.396000 0.726000 0.501000 1.360000 6.610000 0.785000 0.785000
272000.000000 96.599998 0.003000
1.073000 0.050000 0.116600
0.129021 0.065561 0.000335 0.000000
0.000000

0.000000 0.623056 2.756994
0.477384 0.159044 9.782062 53.013031 204.370102
0.000000 0.000007 0.016926 0.000000 0.000000 0.000000
0.000000 0.000000 0.000000
2.240651 1.000000 0.000000
764.299377 0.000000
0.000000 0.000000 0.000000 0.000000
0.000000 0.846823
8 0.020000 1.120000 0.001000
0.486000 0.396000 0.726000 0.501000 1.360000 6.610000 0.785000 0.785000
272000.000000 96.599998 0.003000
1.073000 0.050000 0.116600
0.129021 0.065558 0.000335 0.000000
0.000000

0.000000 0.577582 2.724545
0.476275 0.160103 9.782656 53.011345 204.369507
0.000000 0.000044 0.020678 0.000000 0.000000 0.000000
0.000000 0.000000 0.000000
2.277602 1.000000 0.000000
764.299377 0.000000
0.000000 0.000000 0.000000 0.000000
0.000000 0.840254
8 0.020000 1.140000 0.001000
0.486000 0.396000 0.726000 0.501000 1.360000 6.610000 0.785000 0.785000
272000.000000 96.599998 0.003000
1.073000 0.050000 0.116600
0.129024 0.065555 0.000335 0.000000
0.000000

0.000000 0.536379 2.695251
0.475196 0.161145 9.784263 53.009384 204.368835
0.000000 0.000129 0.023657 0.000000 0.000000 0.000000
0.000000 0.000000 0.000000
2.313862 1.000000 0.000000
764.299377 0.000000
0.000000 0.000000 0.000000 0.000000
0.000000 0.847245
8 0.020000 1.160000 0.001000
0.486000 0.396000 0.726000 0.501000 1.360000 6.610000 0.785000 0.785000
272000.000000 96.599998 0.003000
1.073000 0.050000 0.116600
0.129025 0.065755 0.000336 0.000000
0.000000

0.000000 0.499098 2.669043
0.474148 0.162171 9.784966 53.009583 204.368057
0.000000 0.000258 0.026369 0.000000 0.000000 0.000000
0.000000 0.000000 0.000000
2.349454 1.000000 0.000000
764.299377 0.000000
0.000000 0.000000 0.000000 0.000000
0.000000 0.842652
8 0.020000 1.180000 0.001000
0.486000 0.396000 0.726000 0.501000 1.360000 6.610000 0.785000 0.785000
272000.000000 96.599998 0.003000
1.073000 0.050000 0.116600
0.129028 0.065563 0.000335 0.000000
0.000000

0.000000 0.465354 2.645148
0.473114 0.163176 9.786709 53.007626 204.367264
0.000000 0.000408 0.028622 0.000000 0.000000 0.000000
0.000000 0.000000 0.000000
2.384401 1.000000 0.000000
764.299377 0.000000
0.000000 0.000000 0.000000 0.000000
0.000000 0.833086
8 0.020000 1.200000 0.001000
0.486000 0.396000 0.726000 0.501000 1.360000 6.610000 0.785000 0.785000
272000.000000 96.599998 0.003000
1.073000 0.050000 0.116600
0.129031 0.065558 0.000335 0.000000
0.000000

0.000000 0.434648 2.623344
0.472098 0.164161 9.787149 53.006596 204.367355
0.000000 0.000567 0.030639 0.000000 0.000000 0.000000
0.000000 0.000000 0.000000
2.418725 1.000000 0.000000
764.299377 0.000000
0.000000 0.000000 0.000000 0.000000
0.000000 0.823657
8 0.020000 1.220000 0.001000
0.486000 0.396000 0.726000 0.501000 1.360000 6.610000 0.785000 0.785000
272000.000000 96.599998 0.003000
1.073000 0.050000 0.116600
0.129032 0.065552 0.000335 0.000000
0.000000

0.000000 0.407104 2.604410
0.471131 0.165138 9.789360 53.007378 204.365662
0.000000 0.000721 0.032296 0.000000 0.000000 0.000000
0.000000 0.000000 0.000000
2.452446 1.000000 0.000000
764.299377 0.000000
0.000000 0.000000 0.000000 0.000000
0.000000 0.814620
8 0.020000 1.240000 0.001000
0.486000 0.396000 0.726000 0.501000 1.360000 6.610000 0.785000 0.785000
272000.000000 96.599998 0.003000
1.073000 0.050000 0.116600
0.129036 0.065547 0.000335 0.000000
0.000000

0.000000 0.381860 2.586379
0.470151 0.166086 9.789534 53.006016 204.365692
0.000000 0.000873 0.033820 0.000000 0.000000 0.000000
0.000000 0.000000 0.000000
2.485584 1.000000 0.000000
764.299377 0.000000
0.000000 0.000000 0.000000 0.000000
0.000000 0.806478
8 0.020000 1.260000 0.001000
0.486000 0.396000 0.726000 0.501000 1.360000 6.610000 0.785000 0.785000
272000.000000 96.599998 0.003000
1.073000 0.050000 0.116600
0.129037 0.065541 0.000335 0.000000
0.000000

0.000000 0.359297 2.571114
0.469227 0.167029 9.791769 53.007351 204.364441
0.000000 0.001016 0.035160 0.000000 0.000000 0.000000
0.000000 0.000000 0.000000
2.518155 1.000000 0.000000
764.299377 0.000000
0.000000 0.000000 0.000000 0.000000
0.000000 0.798233
8 0.020000 1.280000 0.001000
0.486000 0.396000 0.726000 0.501000 1.360000 6.610000 0.785000 0.785000
272000.000000 96.599998 0.003000
1.073000 0.050000 0.116600
0.129041 0.065533 0.000335 0.000000
0.000000

0.000000 0.338605 2.556474
0.468293 0.167944 9.792163 53.006496 204.364639
0.000000 0.001155 0.036401 0.000000 0.000000 0.000000
0.000000 0.000000 0.000000
2.550178 1.000000 0.000000
764.299377 0.000000
0.000000 0.000000 0.000000 0.000000
0.000000 0.790231
8 0.020000 1.300000 0.001000
0.486000 0.396000 0.726000 0.501000 1.360000 6.610000 0.785000 0.785000
272000.000000 96.599998 0.003000
1.073000 0.050000 0.116600
0.129041 0.065527 0.000335 0.000000
0.000000

0.000000 0.320093 2.544109
0.467408 0.168853 9.794438 53.008026 204.363602
0.000000 0.001285 0.037413 0.000000 0.000000 0.000000
0.000000 0.000000 0.000000
2.581668 1.000000 0.000000
764.299377 0.000000
0.000000 0.000000 0.000000 0.000000
0.000000 1.120466
8 0.020000 1.320000 0.001000
0.486000 0.396000 0.726000 0.501000 1.360000 6.610000 0.785000 0.785000
272000.000000 96.599998 0.003000
1.073000 0.050000 0.116600
0.129044 0.065782 0.000336 0.000000
0.000000

0.000000 0.260074 2.504618
0.466480 0.169727 9.794859 53.007553 204.363922
0.000000 0.001722 0.042984 0.000000 0.000000 0.000000
0.000000 0.000000 0.000000
2.612640 1.000000 0.000000
764.299377 0.000000
0.000000 0.000000 0.000000 0.000000
0.000000 0.858447
8 0.020000 1.340000 0.001000
0.486000 0.396000 0.726000 0.501000 1.360000 6.610000 0.785000 0.785000
272000.000000 96.599998 0.003000
1.073000 0.050000 0.116600
0.129046 0.065551 0.000335 0.000000
0.000000

0.000000 0.248904 2.496883
0.465623 0.170599 9.796200 53.008274 204.363113
0.000000 0.001975 0.043763 0.000000 0.000000 0.000000
0.000000 0.000000 0.000000
2.643109 1.000000 0.000000
764.299377 0.000000
0.000000 0.000000 0.000000 0.000000
0.000000 0.829653
8 0.020000 1.360000 0.001000
0.486000 0.396000 0.726000 0.501000 1.360000 6.610000 0.785000 0.785000
272000.000000 96.599998 0.003000
1.073000 0.050000 0.116600
0.129048 0.065528 0.000335 0.000000
0.000000

0.000000 0.238775 2.489779
0.464777 0.171452 9.797352 53.008484 204.363129
0.000000 0.002198 0.044476 0.000000 0.000000 0.000000
0.000000 0.000000 0.000000
2.673088 1.000000 0.000000
764.299377 0.000000
0.000000 0.000000 0.000000 0.000000
0.000000 0.815635
8 0.020000 1.380000 0.001000
0.486000 0.396000 0.726000 0.501000 1.360000 6.610000 0.785000 0.785000
272000.000000 96.599998 0.003000
1.073000 0.050000 0.116600
0.129050 0.065507 0.000335 0.000000
0.000000

0.000000 0.229665 2.483727
0.463960 0.172294 9.798712 53.009964 204.362961
0.000000 0.002383 0.045000 0.000000 0.000000 0.000000
0.000000 0.000000 0.000000
2.702588 1.000000 0.000000
764.299377 0.000000
0.000000 0.000000 0.000000 0.000000
0.000000 0.807977
8 0.020000 1.400000 0.001000
0.486000 0.396000 0.726000 0.501000 1.360000 6.610000 0.785000 0.785000
272000.000000 96.599998 0.003000
1.073000 0.050000 0.116600
0.129051 0.065480 0.000334 0.000000
0.000000

0.000000 0.221408 2.478368
0.463163 0.173121 9.800837 53.011173 204.362518
0.000000 0.002526 0.045428 0.000000 0.000000 0.000000
0.000000 0.000000 0.000000
2.731621 1.000000 0.000000
764.299377 0.000000
0.000000 0.000000 0.000000 0.000000
0.000000 0.800256
8 0.020000 1.420000 0.001000
0.486000 0.396000 0.726000 0.501000 1.360000 6.610000 0.785000 0.785000
272000.000000 96.599998 0.003000
1.073000 0.050000 0.116600
0.129053 0.065456 0.000334 0.000000
0.000000

0.000000 0.190528 2.457405
0.462349 0.173921 9.801781 53.011585 204.361877
0.000000 0.002717 0.047019 0.000000 0.000000 0.000000
0.000000 0.000000 0.000000
2.760198 1.000000 0.000000
764.299377 0.000000
0.000000 0.000000 0.000000 0.000000
0.000000 0.792971
8 0.020000 1.440000 0.001000
0.486000 0.396000 0.726000 0.501000 1.360000 6.610000 0.785000 0.785000
272000.000000 96.599998 0.003000
1.073000 0.050000 0.116600
0.129056 0.065469 0.000334 0.000000
0.000000

0.000000 0.185950 2.454569
0.461587 0.174717 9.802811 53.013821 204.361526
0.000000 0.003914 0.064031 0.000000 0.000000 0.000000
0.000000 0.000000 0.000000
2.788329 1.000000 0.000000
764.299377 0.000000
0.000000 0.000000 0.000000 0.000000
0.000000 0.784612
8 0.020000 1.460000 0.001000
0.486000 0.396000 0.726000 0.501000 1.360000 6.610000 0.785000 0.785000
272000.000000 96.599998 0.003000
1.073000 0.050000 0.116600
0.129057 0.065471 0.000334 0.000000
0.000000

0.000000 0.181861 2.452237
0.460845 0.175499 9.804811 53.015701 204.360687
0.000000 0.004175 0.064639 0.000000 0.000000 0.000000
0.000000 0.000000 0.000000
2.816024 1.000000 0.000000
764.299377 0.000000
0.000000 0.000000 0.000000 0.000000
0.000000 1.089644
8 0.020000 1.480000 0.001000
0.486000 0.396000 0.726000 0.501000 1.360000 6.610000 0.785000 0.785000
272000.000000 96.599998 0.003000
1.073000 0.050000 0.116600
0.129061 0.065997 0.000337 0.000000
0.000000

0.000000 0.178111 2.449905
0.460106 0.176261 9.805520 53.017372 204.360672
0.000000 0.004313 0.065264 0.000000 0.000000 0.000000
0.000000 0.000000 0.000000
2.843292 1.000000 0.000000
764.299377 0.000000
0.000000 0.000000 0.000000 0.000000
0.000000 0.958558
8 0.020000 1.500000 0.001000
0.486000 0.396000 0.726000 0.501000 1.360000 6.610000 0.785000 0.785000
272000.000000 96.599998 0.003000
1.073000 0.050000 0.116600
0.129062 0.065591 0.000335 0.000000
0.000000

0.000000 0.174714 2.447729
0.459381 0.177007 9.807194 53.017632 204.360275
0.000000 0.004396 0.066190 0.000000 0.000000 0.000000
0.000000 0.000000 0.000000
2.870140 1.000000 0.000000
764.299377 0.000000
0.000000 0.000000 0.000000 0.000000
0.000000 0.857881
8 0.020000 1.520000 0.001000
0.486000 0.396000 0.726000 0.501000 1.360000 6.610000 0.785000 0.785000
272000.000000 96.599998 0.003000
1.073000 0.050000 0.116600
0.129063 0.065535 0.000335 0.000000
0.000000

0.000000 0.171651 2.445891
0.458673 0.177739 9.808071 53.019043 204.360291
0.000000 0.004387 0.067201 0.000000 0.000000 0.000000
0.000000 0.000000 0.000000
2.896576 1.000000 0.000000
764.299377 0.000000
0.000000 0.000000 0.000000 0.000000
0.000000 0.859997
8 0.020000 1.540000 0.001000
0.486000 0.396000 0.726000 0.501000 1.360000 6.610000 0.785000 0.785000
272000.000000 96.599998 0.003000
1.073000 0.050000 0.116600
0.129065 0.065545 0.000335 0.000000
0.000000

0.000000 0.157295 2.435746
0.457961 0.178450 9.809789 53.018345 204.359985
0.000000 0.005963 0.101664 0.000000 0.000000 0.000000
0.000000 0.000000 0.000000
2.922608 1.000000 0.000000
764.299377 0.000000
0.000000 0.000000 0.000000 0.000000
0.000000 0.836519
8 0.020000 1.560000 0.001000
0.486000 0.396000 0.726000 0.501000 1.360000 6.610000 0.785000 0.785000
272000.000000 96.599998 0.003000
1.073000 0.050000 0.116600
0.129066 0.065520 0.000335 0.000000
0.000000

0.000000 0.155855 2.434987
0.457279 0.179151 9.810163 53.019661 204.360443
0.000000 0.006307 0.103696 0.000000 0.000000 0.000000
0.000000 0.000000 0.000000
2.948243 1.000000 0.000000
764.299377 0.000000
0.000000 0.000000 0.000000 0.000000
0.000000 0.854694
8 0.020000 1.580000 0.001000
0.486000 0.396000 0.726000 0.501000 1.360000 6.610000 0.785000 0.785000
272000.000000 96.599998 0.003000
1.073000 0.050000 0.116600
0.129066 0.065535 0.000335 0.000000
0.000000

0.000000 0.154627 2.434747
0.456626 0.179844 9.812249 53.021187 204.359406
0.000000 0.006568 0.105238 0.000000 0.000000 0.000000
0.000000 0.000000 0.000000
2.973487 1.000000 0.000000
764.299377 0.000000
0.000000 0.000000 0.000000 0.000000
0.000000 0.841066
8 0.020000 1.600000 0.001000
0.486000 0.396000 0.726000 0.501000 1.360000 6.610000 0.785000 0.785000
272000.000000 96.599998 0.003000
1.073000 0.050000 0.116600
0.129068 0.065522 0.000335 0.000000
0.000000

0.000000 0.153430 2.434112
0.455971 0.180515 9.812554 53.022221 204.359863
0.000000 0.006797 0.106252 0.000000 0.000000 0.000000
0.000000 0.000000 0.000000
2.998346 1.000000 0.000000
764.299377 0.000000
0.000000 0.000000 0.000000 0.000000
0.000000 1.023832
8 0.020000 1.620000 0.001000
0.486000 0.396000 0.726000 0.501000 1.360000 6.610000 0.785000 0.785000
272000.000000 96.599998 0.003000
1.073000 0.050000 0.116600
0.129069 0.066041 0.000337 0.000000
0.000000

0.000000 0.152427 2.433979
0.455345 0.181179 9.814581 53.023666 204.359924
0.000000 0.006953 0.106491 0.000000 0.000000 0.000000
0.000000 0.000000 0.000000
3.022826 1.000000 0.000000
764.299377 0.000000
0.000000 0.000000 0.000000 0.000000
0.000000 0.902275
8 0.020000 1.640000 0.001000
0.486000 0.396000 0.726000 0.501000 1.360000 6.610000 0.785000 0.785000
272000.000000 96.599998 0.003000
1.073000 0.050000 0.116600
0.129072 0.065570 0.000335 0.000000
0.000000

0.000000 0.151489 2.433829
0.454729 0.181827 9.815322 53.025837 204.359344
0.000000 0.007049 0.106231 0.000000 0.000000 0.000000
0.000000 0.000000 0.000000
3.046932 1.000000 0.000000
764.299377 0.000000
0.000000 0.000000 0.000000 0.000000
0.000000 0.892516
8 0.020000 1.660000 0.001000
0.486000 0.396000 0.726000 0.501000 1.360000 6.610000 0.785000 0.785000
272000.000000 96.599998 0.003000
1.073000 0.050000 0.116600
0.129072 0.065582 0.000335 0.000000
0.000000

0.000000 0.144473 2.428696
0.454105 0.182453 9.816238 53.025620 204.359711
0.000000 0.007110 0.106761 0.000000 0.000000 0.000000
0.000000 0.000000 0.000000
3.070669 1.000000 0.000000
764.299377 0.000000
0.000000 0.000000 0.000000 0.000000
0.000000 0.878253
8 0.020000 1.680000 0.001000
0.486000 0.396000 0.726000 0.501000 1.360000 6.610000 0.785000 0.785000
272000.000000 96.599998 0.003000
1.073000 0.050000 0.116600
0.129074 0.065569 0.000335 0.000000
0.000000

0.000000 0.144293 2.432120
0.453619 0.183115 9.819510 53.039337 204.356674
0.000000 0.006930 0.106011 0.000000 0.000000 0.000000
0.000000 0.000000 0.000000
3.094042 1.000000 0.000000
764.299377 0.000000
0.000000 0.000000 0.000000 0.000000
0.000000 0.862816
8 0.020000 1.700000 0.001000
0.486000 0.396000 0.726000 0.501000 1.360000 6.610000 0.785000 0.785000
272000.000000 96.599998 0.003000
1.073000 0.050000 0.116600
0.129083 0.065549 0.000335 0.000000
0.000000

0.000000 0.144128 2.432996
0.453059 0.183729 9.820870 53.043037 204.356155
0.000000 0.006388 0.104532 0.000000 0.000000 0.000000
0.000000 0.000000 0.000000
3.117055 1.000000 0.000000
764.299377 0.000000
0.000000 0.000000 0.000000 0.000000
0.000000 0.884347
8 0.020000 1.720000 0.001000
0.486000 0.396000 0.726000 0.501000 1.360000 6.610000 0.785000 0.785000
272000.000000 96.599998 0.003000
1.073000 0.050000 0.116600
0.129086 0.065562 0.000335 0.000000
0.000000

0.000000 0.144032 2.434053
0.452517 0.184332 9.823001 53.046516 204.355865
0.000000 0.005512 0.102977 0.000000 0.000000 0.000000
0.000000 0.000000 0.000000
3.139713 1.000000 0.000000
764.299377 0.000000
0.000000 0.000000 0.000000 0.000000
0.000000 0.885917
8 0.020000 1.740000 0.001000
0.486000 0.396000 0.726000 0.501000 1.360000 6.610000 0.785000 0.785000
272000.000000 96.599998 0.003000
1.073000 0.050000 0.116600
0.129088 0.065567 0.000335 0.000000
0.000000

0.000000 0.143872 2.435139
0.451989 0.184922 9.823977 53.051476 204.355072
0.000000 0.004485 0.101740 0.000000 0.000000 0.000000
0.000000 0.000000 0.000000
3.162020 1.000000 0.000000
764.299377 0.000000
0.000000 0.000000 0.000000 0.000000
0.000000 0.880242
8 0.020000 1.760000 0.001000
0.486000 0.396000 0.726000 0.501000 1.360000 6.610000 0.785000 0.785000
272000.000000 96.599998 0.003000
1.073000 0.050000 0.116600
0.129092 0.065557 0.000335 0.000000
0.000000

0.000000 0.143791 2.436483
0.451481 0.185502 9.825784 53.056484 204.354141
0.000000 0.003512 0.100543 0.000000 0.000000 0.000000
0.000000 0.000000 0.000000
3.183980 1.000000 0.000000
764.299377 0.000000
0.000000 0.000000 0.000000 0.000000
0.000000 0.877332
8 0.020000 1.780000 0.001000
0.486000 0.396000 0.726000 0.501000 1.360000 6.610000 0.785000 0.785000
272000.000000 96.599998 0.003000
1.073000 0.050000 0.116600
0.129096 0.065556 0.000335 0.000000
0.000000

0.000000 0.143695 2.437731
0.450984 0.186069 9.827840 53.060928 204.354172
0.000000 0.002739 0.099488 0.000000 0.000000 0.000000
0.000000 0.000000 0.000000
3.205597 1.000000 0.000000
764.299377 0.000000
0.000000 0.000000 0.000000 0.000000
0.000000 0.862098
8 0.020000 1.800000 0.001000
0.486000 0.396000 0.726000 0.501000 1.360000 6.610000 0.785000 0.785000
272000.000000 96.599998 0.003000
1.073000 0.050000 0.116600
0.129099 0.065541 0.000335 0.000000
0.000000

0.000000 0.142364 2.437904
0.450492 0.186621 9.828819 53.065830 204.354080
0.000000 0.002725 0.125976 0.000000 0.000000 0.000000
0.000000 0.000000 0.000000
3.226874 1.000000 0.000000
764.299377 0.000000
0.000000 0.000000 0.000000 0.000000
0.000000 0.885559
8 0.020000 1.820000 0.001000
0.486000 0.396000 0.726000 0.501000 1.360000 6.610000 0.785000 0.785000
272000.000000 96.599998 0.003000
1.073000 0.050000 0.116600
0.129101 0.065555 0.000335 0.000000
0.000000

0.000000 0.142409 2.438734
0.450001 0.187155 9.830143 53.068466 204.354340
0.000000 0.002717 0.127494 0.000000 0.000000 0.000000
0.000000 0.000000 0.000000
3.247815 1.000000 0.000000
764.299377 0.000000
0.000000 0.000000 0.000000 0.000000
0.000000 0.869332
8 0.020000 1.840000 0.001000
0.486000 0.396000 0.726000 0.501000 1.360000 6.610000 0.785000 0.785000
272000.000000 96.599998 0.003000
1.073000 0.050000 0.116600
0.129105 0.065543 0.000335 0.000000
0.000000

0.000000 0.142488 2.439775
0.449529 0.187679 9.831962 53.071583 204.353683
0.000000 0.002867 0.128412 0.000000 0.000000 0.000000
0.000000 0.000000 0.000000
3.268422 1.000000 0.000000
764.299377 0.000000
0.000000 0.000000 0.000000 0.000000
0.000000 0.852981
8 0.020000 1.860000 0.001000
0.486000 0.396000 0.726000 0.501000 1.360000 6.610000 0.785000 0.785000
272000.000000 96.599998 0.003000
1.073000 0.050000 0.116600
0.129106 0.065529 0.000335 0.000000
0.000000

0.000000 0.142529 2.440580
0.449061 0.188189 9.832568 53.074734 204.353363
0.000000 0.003071 0.130628 0.000000 0.000000 0.000000
0.000000 0.000000 0.000000
3.288700 1.000000 0.000000
764.299377 0.000000
0.000000 0.000000 0.000000 0.000000
0.000000 0.887167
8 0.020000 1.880000 0.001000
0.486000 0.396000 0.726000 0.501000 1.360000 6.610000 0.785000 0.785000
272000.000000 96.599998 0.003000
1.073000 0.050000 0.116600
0.129109 0.065555 0.000335 0.000000
0.000000

0.000000 0.142576 2.441312
0.448601 0.188685 9.833730 53.076962 204.353165
0.000000 0.003253 0.130304 0.000000 0.000000 0.000000
0.000000 0.000000 0.000000
3.308652 1.000000 0.000000
764.299377 0.000000
0.000000 0.000000 0.000000 0.000000
0.000000 0.866043
8 0.020000 1.900000 0.001000
0.486000 0.396000 0.726000 0.501000 1.360000 6.610000 0.785000 0.785000
272000.000000 96.599998 0.003000
1.073000 0.050000 0.116600
0.129111 0.065537 0.000335 0.000000
0.000000

0.000000 0.142630 2.442217
0.448161 0.189173 9.834939 53.080257 204.352356
0.000000 0.003625 0.131293 0.000000 0.000000 0.000000
0.000000 0.000000 0.000000
3.328280 1.000000 0.000000
764.299377 0.000000
0.000000 0.000000 0.000000 0.000000
0.000000 0.864364
8 0.020000 1.920000 0.001000
0.486000 0.396000 0.726000 0.501000 1.360000 6.610000 0.785000 0.785000
272000.000000 96.599998 0.003000
1.073000 0.050000 0.116600
0.129113 0.065535 0.000335 0.000000
0.000000

0.000000 0.142710 2.443835
0.447754 0.189658 9.836967 53.085766 204.351700
0.000000 0.004405 0.132588 0.000000 0.000000 0.000000
0.000000 0.000000 0.000000
3.347587 1.000000 0.000000
764.299377 0.000000
0.000000 0.000000 0.000000 0.000000
0.000000 0.862364
8 0.020000 1.940000 0.001000
0.486000 0.396000 0.726000 0.501000 1.360000 6.610000 0.785000 0.785000
272000.000000 96.599998 0.003000
1.073000 0.050000 0.116600
0.129118 0.065531 0.000335 0.000000
0.000000

0.000000 0.142773 2.446584
0.447397 0.190148 9.839451 53.096138 204.350769
0.000000 0.005848 0.143498 0.000000 0.000000 0.000000
0.000000 0.000000 0.000000
3.366576 1.000000 0.000000
764.299377 0.000000
0.000000 0.000000 0.000000 0.000000
0.000000 0.859698
8 0.020000 1.960000 0.001000
0.486000 0.396000 0.726000 0.501000 1.360000 6.610000 0.785000 0.785000
272000.000000 96.599998 0.003000
1.073000 0.050000 0.116600
0.129124 0.065526 0.000335 0.000000
0.000000

0.000000 0.142836 2.459398
0.447390 0.190772 9.849360 53.146633 204.345871
0.000000 0.007354 0.147196 0.000000 0.000000 0.000000
0.000000 0.000000 0.000000
3.385249 1.000000 0.000000
764.299377 0.000000
0.000000 0.000000 0.000000 0.000000
0.000000 0.840704
8 0.020000 1.980000 0.001000
0.486000 0.396000 0.726000 0.501000 1.360000 6.610000 0.785000 0.785000
272000.000000 96.599998 0.003000
1.073000 0.050000 0.116600
0.129154 0.065487 0.000334 0.000000
0.000000

0.000000 0.142864 2.481679
0.447714 0.191522 9.865495 53.236012 204.337616
0.000000 0.043826 0.153575 0.000000 0.000000 0.000000
0.000000 0.000000 0.000000
3.403610 1.000000 0.000000
764.299377 0.000000
0.000000 0.000000 0.000000 0.000000
0.000000 0.847208
8 0.020000 2.000000 0.001000
0.486000 0.396000 0.726000 0.501000 1.360000 6.610000 0.785000 0.785000
272000.000000 96.599998 0.003000
1.073000 0.050000 0.116600
0.129211 0.065491 0.000334 0.000000
0.000000
1.000000
2.000000
0.000000 0.000000
0.000000
0
-0.760000
0 0
0.000000
1
0.000000
1.000000
1.000000
1.000000
0.000000 0.000000 0.000000
0.000000 0.000000
0.000000 0.000000 0.000000 0.000000 0.000000 0.000000 0.000000
0.000000 0.000000 0.000000 0.000000 0.000000 0.000000 0.000000
0
2.000000
1
C:\DNDC\sites\Ottawa\CEFSoilc.spf
-1.000000 -1.000000
0.000000
38
38
10.000000
110
0.000000
0.000000
259
0.000000
89774.773438
1
