7
Clay_loam
0.314000 0.490000 0.006410 0.726000 0.398000 1.000000 0.000000 0.000000
1.350000 6.610000 1 0.031000 0.500000 0.050000 0.010000 0.240000 0.750000
0.000000 0.020000 2.000000 270000.000000 96.599998 100
0.233300 1.944000 3.025300 0.000000 1
10.000000 10.000000 10.000000 5.000000 25.000000 100.000000
0.000000 0.008791 0.040888 0.000000 0.000000 0.000000
500.000000 0.000000 0.000000

0.000001 52.306404 713.573242
6.486405 4.951900 133.431747 1197.563354 5686.154297
0.000000 1.544234 0.850330 1.010348 0.000000 0.000000
0.001816 0.003222 0.000347
-4.156673 0.081010 32.410473
764.299377 0.000000
3.725585 0.000000 0.000000 0.000000
0.000000 11.318365
7 0.020000 0.020000 0.031000
0.490000 0.314000 0.726000 0.398000 1.350000 6.610000 0.726000 0.726000
270000.000000 96.599998 0.006410
1.073000 0.050000 0.116600
19.472502 7.153855 0.003150 0.000000
0.000000

0.000001 52.310600 713.646118
6.672269 4.955423 133.368393 1197.623169 5686.181641
0.000000 0.317053 0.687169 0.505174 0.000000 0.000000
0.000009 0.000302 0.000024
-3.898192 0.083654 42.034599
764.299377 0.000000
3.539335 0.000000 0.000000 0.000000
0.000000 11.365232
7 0.020000 0.040000 0.031000
0.490000 0.314000 0.726000 0.398000 1.350000 6.610000 0.726000 0.726000
270000.000000 96.599998 0.006410
1.073000 0.050000 0.116600
19.472111 7.154132 0.003252 0.000000
0.000000

0.000001 51.940235 713.341858
6.918197 5.023678 133.153000 1197.575195 5686.266602
0.000000 0.486746 0.773218 0.252587 0.000000 0.000000
0.000006 0.000000 0.000000
-3.710383 0.085745 49.329449
764.299377 0.000000
3.454382 0.000000 0.000000 0.000000
0.000000 11.478431
7 0.020000 0.060000 0.031000
0.490000 0.314000 0.726000 0.398000 1.350000 6.610000 0.726000 0.726000
270000.000000 96.599998 0.006410
1.073000 0.050000 0.116600
19.470915 7.157260 0.003335 0.000000
0.000000

0.000001 51.214737 712.740417
7.250787 5.147381 132.616318 1197.586914 5686.480957
0.000000 0.561122 0.820275 0.126294 0.000000 0.000000
0.000006 0.000000 0.000000
-3.540562 0.087781 62.189224
764.299377 0.000000
3.420170 0.000000 0.000000 0.000000
0.000000 11.189092
7 0.020000 0.080000 0.031000
0.490000 0.314000 0.726000 0.398000 1.350000 6.610000 0.726000 0.726000
270000.000000 96.599998 0.006410
1.073000 0.050000 0.116600
19.467848 7.159067 0.003415 0.000000
0.000000

0.000001 51.283871 712.817871
7.373218 5.109187 132.684479 1197.586670 5686.450195
0.000000 0.624054 0.829129 0.063147 0.000000 0.000000
0.000000 0.000000 0.000000
-3.381950 0.089812 62.200954
764.299377 0.000000
3.289299 0.000000 0.000000 0.000000
0.000000 11.436853
7 0.020000 0.100000 0.025000
0.490000 0.314000 0.726000 0.398000 1.350000 6.610000 0.726000 0.726000
270000.000000 96.599998 0.006410
1.073000 0.050000 0.116600
19.468241 7.159701 0.003494 0.000000
0.000000

0.000001 54.734467 715.495483
6.624332 4.536678 135.761765 1197.469482 5685.234863
0.000000 0.509692 0.709286 0.031573 0.000000 0.000000
0.000000 0.000000 0.000000
-3.227767 0.091928 62.079838
764.299377 0.000000
2.815325 0.000000 0.000000 0.000000
0.000000 8.392363
7 0.020000 0.120000 0.025000
0.490000 0.314000 0.726000 0.398000 1.350000 6.610000 0.726000 0.726000
270000.000000 96.599998 0.006410
1.073000 0.050000 0.116600
19.485703 7.139681 0.003562 0.000000
0.000000

0.000036 13.144486 548.183411
7.453896 4.976836 211.110535 1288.520874 5609.513184
0.000000 0.078712 0.449196 0.015787 0.000000 0.000000
0.000000 0.000000 0.000000
-3.077906 0.094134 61.898739
764.299377 0.000000
2.995972 0.000000 0.000000 0.000000
0.000000 7.264485
7 0.020000 0.140000 0.025000
0.490000 0.314000 0.726000 0.398000 1.350000 6.610000 0.726000 0.726000
270000.000000 96.599998 0.006410
1.073000 0.050000 0.116600
20.895666 5.077293 0.002559 0.000000
0.000000

0.000042 29.457211 537.484680
7.566813 4.902091 211.004120 1282.690674 5609.003418
0.000000 0.050647 0.399898 0.007893 0.000000 0.000000
0.000000 0.000000 0.000000
-2.932297 0.096438 61.687260
764.299377 0.000000
2.869460 0.000000 0.000000 0.000000
0.000000 7.236578
7 0.020000 0.160000 0.025000
0.490000 0.314000 0.726000 0.398000 1.350000 6.610000 0.726000 0.726000
270000.000000 96.599998 0.006410
1.073000 0.050000 0.116600
20.910654 4.731093 0.002438 0.000000
0.000000

0.000052 28.397470 529.733521
7.733383 4.849923 212.136093 1283.012573 5608.378906
0.000000 0.048823 0.391126 0.003947 0.000000 0.000000
0.000000 0.000000 0.000000
-2.790871 0.098846 61.457123
764.299377 0.000000
2.764151 0.000000 0.000000 0.000000
0.000000 6.402139
7 0.020000 0.180000 0.020000
0.490000 0.314000 0.726000 0.398000 1.350000 6.610000 0.726000 0.726000
270000.000000 96.599998 0.006410
1.073000 0.050000 0.116600
20.930944 4.416811 0.002328 0.000000
0.000000

0.000062 27.231861 521.011169
7.907843 4.802262 213.148636 1282.960693 5608.272461
0.000000 0.048117 0.381371 0.001973 0.000000 0.000000
0.000000 0.000000 0.000000
-2.653549 0.101365 61.212559
764.299377 0.000000
2.664135 0.000000 0.000000 0.000000
0.000000 7.007053
7 0.020000 0.200000 0.020000
0.490000 0.314000 0.726000 0.398000 1.350000 6.610000 0.726000 0.726000
270000.000000 96.599998 0.006410
1.073000 0.050000 0.116600
20.944626 8.004125 0.004427 0.000000
0.000000

0.000076 27.524977 514.347412
8.111320 4.767169 215.302185 1288.859863 5605.175293
0.000000 0.048296 0.375569 0.000987 0.000000 0.000000
0.000000 0.000000 0.000000
-2.520241 0.104005 60.955460
764.299377 0.000000
2.574639 0.000000 0.000000 0.000000
0.000000 7.061059
7 0.020000 0.220000 0.020000
0.490000 0.314000 0.726000 0.398000 1.350000 6.610000 0.726000 0.726000
270000.000000 96.599998 0.006410
1.073000 0.050000 0.116600
20.993231 9.787851 0.005618 0.000000
0.000000

0.000356 25.159727 273.961273
5.272117 2.992866 137.939072 820.887878 4103.953125
0.000000 0.020577 0.267237 0.000493 0.000000 0.000000
0.000000 0.000000 0.000000
-2.390831 0.106776 60.683929
764.299377 0.000000
1.575091 0.000000 0.000000 0.000000
0.000000 5.270130
7 0.020000 0.240000 0.020000
0.490000 0.314000 0.726000 0.398000 1.350000 6.610000 0.726000 0.726000
270000.000000 96.599998 0.006410
1.073000 0.050000 0.116600
2.316871 3.928836 0.002229 0.000000
0.000000

0.000325 22.811447 248.577072
5.319406 2.910438 137.049133 812.568542 4103.583984
0.000000 0.018550 0.257258 0.000247 0.000000 0.000000
0.000000 0.000000 0.000000
-2.265220 0.109689 60.398430
764.299377 0.000000
1.494109 0.000000 0.000000 0.000000
0.000000 4.129124
7 0.020000 0.260000 0.020000
0.490000 0.314000 0.726000 0.398000 1.350000 6.610000 0.726000 0.726000
270000.000000 96.599998 0.006410
1.073000 0.050000 0.116600
2.319070 2.189539 0.001262 0.000000
0.000000

0.000787 24.859171 243.703476
5.138878 2.707683 132.882019 769.011963 3689.580322
0.000000 0.009829 0.210468 0.000123 0.000000 0.000000
0.000000 0.000000 0.000000
-2.150283 0.112596 77.607460
764.299377 0.000000
1.359570 0.000000 0.000000 0.000000
0.000000 11.626782
7 0.020000 0.280000 0.018000
0.490000 0.314000 0.726000 0.398000 1.350000 6.610000 0.726000 0.726000
270000.000000 96.599998 0.000070
1.073000 0.050000 0.116600
2.121749 3.007795 0.001789 0.000000
0.000000

0.000922 23.765123 226.201599
5.244492 2.677240 134.366440 771.460205 3687.874268
0.000000 0.591515 0.602028 0.000062 0.000000 0.000000
0.000000 0.000000 0.000000
-2.045907 0.115433 83.559273
764.299377 0.000000
1.313196 0.000000 0.000000 0.000000
0.000000 8.149890
7 0.020000 0.300000 0.018000
0.490000 0.314000 0.726000 0.398000 1.350000 6.610000 0.726000 0.726000
270000.000000 96.599998 0.000070
1.073000 0.050000 0.116600
2.131581 1.630564 0.000986 0.000000
0.000000

0.000836 21.502752 205.380432
5.268400 2.604111 132.911453 762.859253 3687.638916
0.000000 4.697059 0.861038 0.000031 0.000000 0.000000
0.000000 0.000000 0.000000
-1.947247 0.118317 85.277504
764.299377 0.000000
1.249099 0.000000 0.000000 0.000000
0.000000 4.906800
7 0.020000 0.320000 0.018000
0.490000 0.314000 0.726000 0.398000 1.350000 6.610000 0.726000 0.726000
270000.000000 96.599998 0.000070
1.073000 0.050000 0.116600
2.130818 1.394383 0.000863 0.000000
0.000000

0.000935 20.396143 189.352371
4.885736 2.334729 122.506851 694.492310 3220.529297
0.000000 8.120003 0.772273 0.000015 0.000000 0.000000
0.000000 0.000000 0.000000
-1.852142 0.121312 84.214073
764.299377 0.000000
1.095913 0.000000 0.000000 0.000000
0.000000 3.463856
8 0.020000 0.340000 0.015500
0.483000 0.377000 0.726000 0.484000 1.370000 6.610000 0.770000 0.770000
274000.000000 96.599998 0.000070
1.073000 0.050000 0.116600
1.882388 1.210482 0.000745 0.000000
0.000000

0.000831 18.387165 171.867752
4.924496 2.271237 121.245865 687.763855 3220.430176
0.000000 8.466861 0.755686 0.000008 0.000000 0.000000
0.000000 0.000000 0.000000
-1.759932 0.124442 83.813080
764.299377 0.000000
1.043804 0.000000 0.000000 0.000000
0.000000 3.235197
8 0.020000 0.360000 0.015500
0.483000 0.377000 0.726000 0.484000 1.370000 6.610000 0.770000 0.770000
274000.000000 96.599998 0.000070
1.073000 0.050000 0.116600
1.881858 1.163385 0.000734 0.000000
0.000000

0.000744 16.585598 156.056122
4.957288 2.206280 120.092110 681.426331 3220.424316
0.000000 7.204660 0.720148 0.000004 0.000000 0.000000
0.000000 0.000000 0.000000
-1.670914 0.127707 83.091743
764.299377 0.000000
0.992279 0.000000 0.000000 0.000000
0.000000 3.441420
8 0.020000 0.380000 0.015500
0.483000 0.377000 0.726000 0.484000 1.370000 6.610000 0.770000 0.770000
274000.000000 96.599998 0.000070
1.073000 0.050000 0.116600
1.881205 1.152745 0.000746 0.000000
0.000000

0.000666 14.955052 141.755234
4.990163 2.149762 119.001762 675.568481 3220.390137
0.000000 5.741301 0.686190 0.000002 0.000000 0.000000
0.000003 0.000000 0.000000
-1.584823 0.131121 82.152679
764.299377 0.000000
0.943402 0.000000 0.000000 0.000000
0.000000 3.741920
8 0.020000 0.400000 0.015500
0.483000 0.377000 0.726000 0.484000 1.370000 6.610000 0.770000 0.770000
274000.000000 96.599998 0.000070
1.073000 0.050000 0.116600
1.880525 1.151410 0.000766 0.000000
0.000000

0.000607 13.551189 129.059235
5.033230 2.095521 118.292664 670.794800 3220.377930
0.000000 4.441704 0.657423 0.000001 0.000000 0.000000
0.000003 0.000000 0.000000
-1.501438 0.134704 81.077721
764.299377 0.000000
0.897355 0.000000 0.000000 0.000000
0.000000 4.032025
8 0.020000 0.420000 0.015500
0.483000 0.377000 0.726000 0.484000 1.370000 6.610000 0.770000 0.770000
274000.000000 96.599998 0.000070
1.073000 0.050000 0.116600
1.880447 1.150880 0.000786 0.000000
0.000000

0.000546 12.245047 117.490288
5.080024 2.040524 117.524101 666.491211 3220.424316
0.000000 3.322164 0.623738 0.000000 0.000000 0.000000
0.000000 0.000000 0.000000
-1.420562 0.138475 79.910439
764.299377 0.000000
0.852643 0.000000 0.000000 0.000000
0.000000 4.270791
8 0.020000 0.440000 0.015500
0.483000 0.377000 0.726000 0.484000 1.370000 6.610000 0.770000 0.770000
274000.000000 96.599998 0.000070
1.073000 0.050000 0.116600
1.880278 1.151520 0.000809 0.000000
0.000000

0.000492 11.073586 107.084808
5.133185 1.985705 116.880020 662.860596 3220.442139
0.000000 2.421501 0.598466 0.000000 0.000000 0.000000
0.000000 0.000000 0.000000
-1.342022 0.142458 78.683792
764.299377 0.000000
0.809513 0.000000 0.000000 0.000000
0.000000 4.455733
8 0.020000 0.460000 0.015500
0.483000 0.377000 0.726000 0.484000 1.370000 6.610000 0.770000 0.770000
274000.000000 96.599998 0.000070
1.073000 0.050000 0.116600
1.880332 1.148901 0.000830 0.000000
0.000000

0.000446 10.017057 97.665504
5.180879 1.941789 116.304710 659.567810 3220.460205
0.000000 1.810532 0.569436 0.000000 0.000000 0.000000
0.000000 0.000000 0.000000
-1.265665 0.146679 77.466690
764.299377 0.000000
0.767646 0.000000 0.000000 0.000000
0.000000 4.580545
8 0.020000 0.480000 0.015500
0.483000 0.377000 0.726000 0.484000 1.370000 6.610000 0.770000 0.770000
274000.000000 96.599998 0.000070
1.073000 0.050000 0.116600
1.880383 1.148442 0.000854 0.000000
0.000000

0.000404 9.071588 89.196304
5.231658 1.897973 115.864326 656.833557 3220.507812
0.000000 1.446092 0.545062 0.000000 0.000000 0.000000
0.000000 0.000000 0.000000
-1.191379 0.151167 76.358940
764.299377 0.000000
0.726661 0.000000 0.000000 0.000000
0.000000 4.654359
8 0.020000 0.500000 0.015500
0.483000 0.377000 0.726000 0.484000 1.370000 6.610000 0.770000 0.770000
274000.000000 96.599998 0.000070
1.073000 0.050000 0.116600
1.880648 1.147932 0.000880 0.000000
0.000000

0.000367 8.217897 81.558578
5.286707 1.853675 115.479828 654.532471 3220.529297
0.000000 1.308529 0.534811 0.000000 0.000000 0.000000
0.000000 0.000000 0.000000
-1.119093 0.155957 75.439400
764.299377 0.000000
0.686532 0.000000 0.000000 0.000000
0.000000 4.690594
8 0.020000 0.520000 0.015500
0.483000 0.377000 0.726000 0.484000 1.370000 6.610000 0.770000 0.770000
274000.000000 96.599998 0.000070
1.073000 0.050000 0.116600
1.880979 1.147442 0.000907 0.000000
0.000000

0.000084 5.727140 63.182011
2.701277 0.915779 56.638908 328.829926 1665.889282
0.000000 1.328520 0.398120 0.000000 0.000000 0.000000
0.000001 0.000000 0.000000
-1.044945 0.161325 58.797962
764.299377 0.000000
0.326259 0.000000 0.000000 0.000000
0.000000 4.415244
8 0.020000 0.540000 0.008000
0.483000 0.377000 0.726000 0.484000 1.370000 6.610000 0.770000 0.770000
274000.000000 96.599998 0.002410
1.073000 0.050000 0.116600
0.954226 0.735535 0.000600 0.000000
0.000000

0.000080 5.227621 57.741806
2.724988 0.896127 56.475849 327.523773 1665.725830
0.000000 1.824448 0.406809 0.000000 0.000000 0.000000
0.000000 0.000000 0.000000
-0.969750 0.167435 58.207813
764.299377 0.000000
0.304369 0.000000 0.000000 0.000000
0.000000 4.168565
8 0.020000 0.560000 0.008000
0.483000 0.377000 0.726000 0.484000 1.370000 6.610000 0.770000 0.770000
274000.000000 96.599998 0.002410
1.073000 0.050000 0.116600
0.955154 0.637370 0.000539 0.000000
0.000000

0.000077 4.793272 52.916050
2.753668 0.879662 56.430996 326.721680 1665.521729
0.000000 2.388978 0.408038 0.000000 0.000000 0.000000
0.000000 0.000000 0.000000
-0.896236 0.174131 57.560940
764.299377 0.000000
0.283355 0.000000 0.000000 0.000000
0.000000 4.056085
8 0.020000 0.580000 0.008000
0.483000 0.377000 0.726000 0.484000 1.370000 6.610000 0.770000 0.770000
274000.000000 96.599998 0.002410
1.073000 0.050000 0.116600
0.956324 0.619270 0.000545 0.000000
0.000000

0.000076 4.411059 48.591164
2.862629 0.951374 56.476612 326.323029 1665.290649
0.000000 2.460054 0.401305 0.000000 0.000000 0.000000
0.000000 0.000000 0.000000
-0.824274 0.181529 56.846306
764.299377 0.000000
0.096697 0.000000 0.000000 0.000000
0.000000 4.007269
8 0.020000 0.600000 0.008000
0.483000 0.377000 0.726000 0.484000 1.370000 6.610000 0.770000 0.770000
274000.000000 96.599998 0.002410
1.073000 0.050000 0.116600
0.957649 0.616470 0.000566 0.000000
0.000000

0.000077 4.070995 44.675789
2.884259 0.934038 56.544228 326.067749 1665.099243
0.000000 2.101374 0.394417 0.000000 0.000000 0.000000
0.000000 0.000000 0.000000
-0.753741 0.189776 56.049652
764.299377 0.000000
0.088331 0.000000 0.000000 0.000000
0.000000 3.993343
8 0.020000 0.620000 0.008000
0.483000 0.377000 0.726000 0.484000 1.370000 6.610000 0.770000 0.770000
274000.000000 96.599998 0.002410
1.073000 0.050000 0.116600
0.958937 0.612215 0.000587 0.000000
0.000000

0.000079 3.771086 41.174809
2.950183 0.958800 56.679428 326.160950 1664.887451
0.000000 1.613255 0.380918 0.000000 0.000000 0.000000
0.000000 0.000017 0.000000
-0.684515 0.199066 55.152233
764.299377 0.000000
0.000000 0.000000 0.000000 0.000000
0.000000 3.986804
8 0.020000 0.640000 0.008000
0.483000 0.377000 0.726000 0.484000 1.370000 6.610000 0.770000 0.770000
274000.000000 96.599998 0.002410
1.073000 0.050000 0.116600
0.960362 0.608369 0.000612 0.000000
0.000000

0.000081 3.497797 38.008732
2.966420 0.945889 56.859978 326.485840 1664.646118
0.000000 1.205796 0.369971 0.000000 0.000000 0.000000
0.000000 0.000013 0.000000
-0.616479 0.209661 54.128757
764.299377 0.000000
0.000000 0.000000 0.000000 0.000000
0.000000 3.972435
8 0.020000 0.660000 0.008000
0.483000 0.377000 0.726000 0.484000 1.370000 6.610000 0.770000 0.770000
274000.000000 96.599998 0.002410
1.073000 0.050000 0.116600
0.961839 0.605767 0.000642 0.000000
0.000000

0.000082 3.239111 35.144268
2.987323 0.934012 57.103188 327.295959 1664.380615
0.000000 1.745009 0.384480 0.000000 0.000000 0.000000
0.000000 0.000014 0.000000
-0.549516 0.221923 52.944229
764.299377 0.000000
0.000000 0.000000 0.000000 0.000000
0.000000 3.946090
8 0.020000 0.680000 0.008000
0.483000 0.377000 0.726000 0.484000 1.370000 6.610000 0.770000 0.770000
274000.000000 96.599998 0.002410
1.073000 0.050000 0.116600
0.963529 0.610193 0.000684 0.000000
0.000000

0.000086 3.012498 32.606174
3.013322 0.923896 57.439003 328.503387 1664.057495
0.000000 2.847029 0.405907 0.000000 0.000000 0.000000
0.000000 0.000014 0.000000
-0.483506 0.236372 51.548466
764.299377 0.000000
0.000000 0.000000 0.000000 0.000000
0.000000 4.575576
8 0.020000 0.700000 0.008000
0.483000 0.377000 0.726000 0.484000 1.370000 6.610000 0.770000 0.770000
274000.000000 96.599998 0.002410
1.073000 0.050000 0.116600
0.965440 0.607030 0.000725 0.000000
0.000000

0.000096 2.535717 28.648512
3.035562 0.922014 58.075794 330.146271 1663.681030
0.000000 3.225801 0.412939 0.000000 0.000000 0.000000
0.000000 0.000013 0.000000
-0.418318 0.253783 49.866573
764.299377 0.000000
0.000000 0.000000 0.000000 0.000000
0.000000 4.411384
8 0.020000 0.720000 0.008000
0.483000 0.377000 0.726000 0.484000 1.370000 6.610000 0.770000 0.770000
274000.000000 96.599998 0.002410
1.073000 0.050000 0.116600
0.967900 0.609165 0.000781 0.000000
0.000000

0.000127 2.493913 25.732658
1.965170 0.595572 37.706406 212.535965 1031.869385
0.000000 3.704231 0.296585 0.000000 0.000000 0.000000
0.000000 0.000012 0.000000
-0.354277 0.275214 49.551250
764.299377 0.000000
0.000000 0.000000 0.000000 0.000000
0.000000 3.597234
8 0.020000 0.740000 0.005000
0.486000 0.396000 0.726000 0.501000 1.360000 6.610000 0.785000 0.785000
272000.000000 96.599998 0.003000
1.073000 0.050000 0.116600
0.604445 0.393961 0.000555 0.000000
0.000000

0.000139 2.362891 24.051626
1.960484 0.610255 38.061623 213.848984 1031.520264
0.000000 2.927181 0.299426 0.000000 0.000000 0.000000
0.000000 0.000010 0.000000
-0.293887 0.301538 58.568550
764.299377 0.000000
0.000000 0.000000 0.000000 0.000000
0.000000 3.410646
8 0.020000 0.760000 0.005000
0.486000 0.396000 0.726000 0.501000 1.360000 6.610000 0.785000 0.785000
272000.000000 96.599998 0.003000
1.073000 0.050000 0.116600
0.606113 0.378228 0.000583 0.000000
0.000000

0.000158 2.262168 22.591324
1.951478 0.627862 38.541306 215.307343 1031.200439
0.000000 2.231098 0.297330 0.000000 0.000000 0.000000
0.000000 0.000008 0.000000
-0.236994 0.334427 64.693665
764.299377 0.000000
0.000000 0.000000 0.000000 0.000000
0.000000 2.876992
8 0.020000 0.780000 0.005000
0.486000 0.396000 0.726000 0.501000 1.360000 6.610000 0.785000 0.785000
272000.000000 96.599998 0.003000
1.073000 0.050000 0.116600
0.607872 0.374007 0.000640 0.000000
0.000000

0.000177 2.118683 21.072327
1.950740 0.649288 38.967041 216.864517 1030.826416
0.000000 1.987821 0.305520 0.000000 0.000000 0.000000
0.000000 0.000007 0.000000
-0.180661 0.379089 60.352520
764.299377 0.000000
0.000000 0.000000 0.000000 0.000000
0.000000 3.145185
8 0.020000 0.800000 0.005000
0.486000 0.396000 0.726000 0.501000 1.360000 6.610000 0.785000 0.785000
272000.000000 96.599998 0.003000
1.073000 0.050000 0.116600
0.609752 0.370166 0.000718 0.000000
0.000000

0.000000 1.606923 18.013784
1.948333 0.669424 39.412941 218.423615 1030.447510
0.000000 1.697052 0.310678 0.000000 0.000000 0.000000
0.000000 0.000006 0.000000
-0.122434 0.447189 53.733269
764.299377 0.000000
0.000000 0.000000 0.000000 0.000000
0.000000 2.842897
8 0.020000 0.820000 0.005000
0.486000 0.396000 0.726000 0.501000 1.360000 6.610000 0.785000 0.785000
272000.000000 96.599998 0.003000
1.073000 0.050000 0.116600
0.611806 0.364858 0.000835 0.000000
0.000000

0.000000 1.516846 17.046124
1.948846 0.693981 39.881439 220.330109 1030.134766
0.000000 1.446891 0.317781 0.000000 0.000000 0.000000
0.000000 0.000005 0.000000
-0.054634 0.570992 41.699612
764.299377 0.000000
0.000000 0.000000 0.000000 0.000000
0.000000 2.767071
8 0.020000 0.840000 0.005000
0.486000 0.396000 0.726000 0.501000 1.360000 6.610000 0.785000 0.785000
272000.000000 96.599998 0.003000
1.073000 0.050000 0.116600
0.613536 0.361909 0.001057 0.000000
0.000000

0.000000 1.392557 15.982888
1.942943 0.717214 40.222073 221.717285 1029.852539
0.000000 1.192665 0.321350 0.000000 0.000000 0.000000
0.000000 0.000002 0.000002
-0.016639 0.928792 6.921388
764.299377 0.000000
0.000000 0.000000 0.000000 0.000000
0.000000 2.649740
8 0.020000 0.860000 0.005000
0.486000 0.396000 0.726000 0.501000 1.360000 6.610000 0.785000 0.785000
272000.000000 96.599998 0.003000
1.073000 0.050000 0.116600
0.614978 0.360893 0.001715 0.000000
0.000000

0.000000 1.315036 15.161479
1.932612 0.744047 40.555065 223.012589 1029.646606
0.000000 0.920680 0.323888 0.000000 0.000000 0.000000
0.000000 0.000002 0.000001
0.019872 1.000000 0.000000
764.299377 0.000000
0.000000 0.000000 0.000000 0.000000
0.000000 2.542031
8 0.020000 0.880000 0.005000
0.486000 0.396000 0.726000 0.501000 1.360000 6.610000 0.785000 0.785000
272000.000000 96.599998 0.003000
1.073000 0.050000 0.116600
0.616170 0.356696 0.001824 0.000000
0.000000

0.000000 1.236591 14.395452
1.917699 0.773660 40.889465 224.156174 1029.475952
0.000000 0.708800 0.329154 0.000000 0.000000 0.000000
0.000000 0.000001 0.000001
0.070970 1.000000 0.000000
764.299377 0.000000
0.000000 0.000000 0.000000 0.000000
0.000000 2.474177
8 0.020000 0.900000 0.005000
0.486000 0.396000 0.726000 0.501000 1.360000 6.610000 0.785000 0.785000
272000.000000 96.599998 0.003000
1.073000 0.050000 0.116600
0.617244 0.355565 0.001819 0.000000
0.000000

0.000000 1.072928 13.047382
1.904021 0.802292 41.194450 225.387894 1029.231323
0.000000 0.521289 0.330957 0.000000 0.000000 0.000000
0.000000 0.000001 0.000001
0.121664 1.000000 0.000000
764.299377 0.000000
0.000000 0.000000 0.000000 0.000000
0.000000 2.379608
8 0.020000 0.920000 0.005000
0.486000 0.396000 0.726000 0.501000 1.360000 6.610000 0.785000 0.785000
272000.000000 96.599998 0.003000
1.073000 0.050000 0.116600
0.618512 0.356253 0.001822 0.000000
0.000000

0.000000 1.013276 8.751086
0.395546 0.173068 8.624205 47.052391 205.843521
0.000000 0.516656 0.163475 0.000000 0.000000 0.000000
0.000000 0.000001 0.000001
0.171985 1.000000 0.000000
764.299377 0.000000
0.000000 0.000000 0.000000 0.000000
0.000000 1.276500
8 0.020000 0.940000 0.001000
0.486000 0.396000 0.726000 0.501000 1.360000 6.610000 0.785000 0.785000
272000.000000 96.599998 0.003000
1.073000 0.050000 0.116600
0.123985 0.078536 0.000401 0.000000
0.000000

0.000000 0.963386 8.162731
0.392951 0.178574 8.675324 47.313225 205.785034
0.000000 0.390974 0.161416 0.000000 0.000000 0.000000
0.000000 0.000001 0.000001
0.221959 1.000000 0.000000
764.299377 0.000000
0.000000 0.000000 0.000000 0.000000
0.000000 1.116456
8 0.020000 0.960000 0.001000
0.486000 0.396000 0.726000 0.501000 1.360000 6.610000 0.785000 0.785000
272000.000000 96.599998 0.003000
1.073000 0.050000 0.116600
0.124303 0.072238 0.000369 0.000000
0.000000

0.000000 0.936755 7.683365
0.391737 0.184436 8.750656 47.714470 205.704163
0.000000 0.296927 0.169445 0.000000 0.000000 0.000000
0.000000 0.000000 0.000000
0.271611 1.000000 0.000000
764.299377 0.000000
0.000000 0.000000 0.000000 0.000000
0.000000 1.073812
8 0.020000 0.980000 0.001000
0.486000 0.396000 0.726000 0.501000 1.360000 6.610000 0.785000 0.785000
272000.000000 96.599998 0.003000
1.073000 0.050000 0.116600
0.124706 0.070261 0.000359 0.000000
0.000000

0.000000 0.920010 7.262619
0.392369 0.190957 8.863064 48.322617 205.592819
0.000000 0.233482 0.169497 0.000000 0.000000 0.000000
0.000000 0.000000 0.000000
0.320958 1.000000 0.000000
764.299377 0.000000
0.000000 0.000000 0.000000 0.000000
0.000000 1.046358
8 0.020000 1.000000 0.001000
0.486000 0.396000 0.726000 0.501000 1.360000 6.610000 0.785000 0.785000
272000.000000 96.599998 0.003000
1.073000 0.050000 0.116600
0.125307 0.069676 0.000356 0.000000
0.000000

0.000000 0.854926 6.757855
0.389160 0.195386 8.887334 48.443409 205.555634
0.000000 0.191851 0.165239 0.000000 0.000000 0.000000
0.000000 0.000000 0.000000
0.370017 1.000000 0.000000
764.299377 0.000000
0.000000 0.000000 0.000000 0.000000
0.000000 0.998047
8 0.020000 1.020000 0.001000
0.486000 0.396000 0.726000 0.501000 1.360000 6.610000 0.785000 0.785000
272000.000000 96.599998 0.003000
1.073000 0.050000 0.116600
0.125463 0.069074 0.000353 0.000000
0.000000

0.000000 0.788189 6.272526
0.385216 0.199145 8.889706 48.447269 205.539734
0.000000 0.159985 0.158561 0.000000 0.000000 0.000000
0.000000 0.000000 0.000000
0.418800 1.000000 0.000000
764.299377 0.000000
0.000000 0.000000 0.000000 0.000000
0.000000 0.976367
8 0.020000 1.040000 0.001000
0.486000 0.396000 0.726000 0.501000 1.360000 6.610000 0.785000 0.785000
272000.000000 96.599998 0.003000
1.073000 0.050000 0.116600
0.125534 0.068970 0.000352 0.000000
0.000000

0.000000 0.695254 5.748749
0.380360 0.202128 8.867073 48.315163 205.535355
0.000000 0.129774 0.150882 0.000000 0.000000 0.000000
0.000000 0.000000 0.000000
0.467319 1.000000 0.000000
764.299377 0.000000
0.000000 0.000000 0.000000 0.000000
0.000000 0.989516
8 0.020000 1.060000 0.001000
0.486000 0.396000 0.726000 0.501000 1.360000 6.610000 0.785000 0.785000
272000.000000 96.599998 0.003000
1.073000 0.050000 0.116600
0.125550 0.068909 0.000352 0.000000
0.000000

0.000000 0.636145 5.341783
0.376412 0.205276 8.859339 48.265148 205.533081
0.000000 0.099290 0.143132 0.000000 0.000000 0.000000
0.000000 0.000000 0.000000
0.515580 1.000000 0.000000
764.299377 0.000000
0.000000 0.000000 0.000000 0.000000
0.000000 0.969335
8 0.020000 1.080000 0.001000
0.486000 0.396000 0.726000 0.501000 1.360000 6.610000 0.785000 0.785000
272000.000000 96.599998 0.003000
1.073000 0.050000 0.116600
0.125569 0.069160 0.000353 0.000000
0.000000

0.000000 0.582255 4.972626
0.372686 0.208263 8.852168 48.218689 205.532562
0.000000 0.071232 0.135188 0.000000 0.000000 0.000000
0.000000 0.000000 0.000000
0.563590 1.000000 0.000000
764.299377 0.000000
0.000000 0.000000 0.000000 0.000000
0.000000 0.984289
8 0.020000 1.100000 0.001000
0.486000 0.396000 0.726000 0.501000 1.360000 6.610000 0.785000 0.785000
272000.000000 96.599998 0.003000
1.073000 0.050000 0.116600
0.125584 0.068901 0.000352 0.000000
0.000000

0.000000 0.533367 4.638680
0.369192 0.211113 8.845679 48.179108 205.532684
0.000000 0.048702 0.127098 0.000000 0.000000 0.000000
0.000000 0.000000 0.000000
0.611351 1.000000 0.000000
764.299377 0.000000
0.000000 0.000000 0.000000 0.000000
0.000000 0.967251
8 0.020000 1.120000 0.001000
0.486000 0.396000 0.726000 0.501000 1.360000 6.610000 0.785000 0.785000
272000.000000 96.599998 0.003000
1.073000 0.050000 0.116600
0.125595 0.068827 0.000351 0.000000
0.000000

0.000000 0.489023 4.336523
0.365908 0.213831 8.841282 48.143562 205.532028
0.000000 0.032757 0.119092 0.000000 0.000000 0.000000
0.000000 0.000000 0.000000
0.658865 1.000000 0.000000
764.299377 0.000000
0.000000 0.000000 0.000000 0.000000
0.000000 0.995410
8 0.020000 1.140000 0.001000
0.486000 0.396000 0.726000 0.501000 1.360000 6.610000 0.785000 0.785000
272000.000000 96.599998 0.003000
1.073000 0.050000 0.116600
0.125612 0.069034 0.000353 0.000000
0.000000

0.000000 0.434450 4.024045
0.362520 0.216251 8.830177 48.077045 205.529755
0.000000 0.022384 0.111187 0.000000 0.000000 0.000000
0.000000 0.000000 0.000000
0.706133 1.000000 0.000000
764.299377 0.000000
0.000000 0.000000 0.000000 0.000000
0.000000 0.958634
8 0.020000 1.160000 0.001000
0.486000 0.396000 0.726000 0.501000 1.360000 6.610000 0.785000 0.785000
272000.000000 96.599998 0.003000
1.073000 0.050000 0.116600
0.125628 0.068971 0.000352 0.000000
0.000000

0.000000 0.399099 3.780459
0.359663 0.218753 8.827318 48.057598 205.529633
0.000000 0.015854 0.103978 0.000000 0.000000 0.000000
0.000000 0.000000 0.000000
0.753151 1.000000 0.000000
764.299377 0.000000
0.000000 0.000000 0.000000 0.000000
0.000000 0.981873
8 0.020000 1.180000 0.001000
0.486000 0.396000 0.726000 0.501000 1.360000 6.610000 0.785000 0.785000
272000.000000 96.599998 0.003000
1.073000 0.050000 0.116600
0.125646 0.068810 0.000351 0.000000
0.000000

0.000000 0.367239 3.560490
0.356968 0.221139 8.825745 48.040024 205.528748
0.000000 0.011682 0.097818 0.000000 0.000000 0.000000
0.000000 0.000000 0.000000
0.799917 1.000000 0.000000
764.299377 0.000000
0.000000 0.000000 0.000000 0.000000
0.000000 0.965444
8 0.020000 1.200000 0.001000
0.486000 0.396000 0.726000 0.501000 1.360000 6.610000 0.785000 0.785000
272000.000000 96.599998 0.003000
1.073000 0.050000 0.116600
0.125657 0.068707 0.000351 0.000000
0.000000

0.000000 0.338278 3.361634
0.354446 0.223430 8.824256 48.029049 205.527344
0.000000 0.008889 0.092873 0.000000 0.000000 0.000000
0.000000 0.000000 0.000000
0.846427 1.000000 0.000000
764.299377 0.000000
0.000000 0.000000 0.000000 0.000000
0.000000 0.963574
8 0.020000 1.220000 0.001000
0.486000 0.396000 0.726000 0.501000 1.360000 6.610000 0.785000 0.785000
272000.000000 96.599998 0.003000
1.073000 0.050000 0.116600
0.125675 0.068682 0.000351 0.000000
0.000000

0.000000 0.302960 3.155638
0.351847 0.225484 8.818582 47.992687 205.524887
0.000000 0.007052 0.090270 0.000000 0.000000 0.000000
0.000000 0.000000 0.000000
0.892676 1.000000 0.000000
764.299377 0.000000
0.000000 0.000000 0.000000 0.000000
0.000000 0.962693
8 0.020000 1.240000 0.001000
0.486000 0.396000 0.726000 0.501000 1.360000 6.610000 0.785000 0.785000
272000.000000 96.599998 0.003000
1.073000 0.050000 0.116600
0.125688 0.068692 0.000351 0.000000
0.000000

0.000000 0.280062 2.995821
0.349628 0.227592 8.819802 47.988617 205.523773
0.000000 0.005817 0.089186 0.000000 0.000000 0.000000
0.000000 0.000000 0.000000
0.938658 1.000000 0.000000
764.299377 0.000000
0.000000 0.000000 0.000000 0.000000
0.000000 0.949863
8 0.020000 1.260000 0.001000
0.486000 0.396000 0.726000 0.501000 1.360000 6.610000 0.785000 0.785000
272000.000000 96.599998 0.003000
1.073000 0.050000 0.116600
0.125703 0.068613 0.000350 0.000000
0.000000

0.000000 0.259077 2.850688
0.347516 0.229598 8.819694 47.985622 205.524673
0.000000 0.005071 0.090027 0.000000 0.000000 0.000000
0.000000 0.000000 0.000000
0.984365 1.000000 0.000000
764.299377 0.000000
0.000000 0.000000 0.000000 0.000000
0.000000 0.945394
8 0.020000 1.280000 0.001000
0.486000 0.396000 0.726000 0.501000 1.360000 6.610000 0.785000 0.785000
272000.000000 96.599998 0.003000
1.073000 0.050000 0.116600
0.125716 0.070609 0.000361 0.000000
0.000000

0.000000 0.240256 2.720182
0.345541 0.231530 8.820875 47.986637 205.523346
0.000000 0.004689 0.092371 0.000000 0.000000 0.000000
0.000000 0.000000 0.000000
1.029791 1.000000 0.000000
764.299377 0.000000
0.000000 0.000000 0.000000 0.000000
0.000000 0.968147
8 0.020000 1.300000 0.001000
0.486000 0.396000 0.726000 0.501000 1.360000 6.610000 0.785000 0.785000
272000.000000 96.599998 0.003000
1.073000 0.050000 0.116600
0.125729 0.068795 0.000351 0.000000
0.000000

0.000000 0.223154 2.602122
0.343670 0.233377 8.822882 47.988167 205.523499
0.000000 0.004489 0.094499 0.000000 0.000000 0.000000
0.000000 0.000000 0.000000
1.074927 1.000000 0.000000
764.299377 0.000000
0.000000 0.000000 0.000000 0.000000
0.000000 0.958355
8 0.020000 1.320000 0.001000
0.486000 0.396000 0.726000 0.501000 1.360000 6.610000 0.785000 0.785000
272000.000000 96.599998 0.003000
1.073000 0.050000 0.116600
0.125745 0.069037 0.000353 0.000000
0.000000

0.000000 0.202446 2.479812
0.341775 0.235061 8.821190 47.975758 205.521713
0.000000 0.004467 0.097708 0.000000 0.000000 0.000000
0.000000 0.000000 0.000000
1.119766 1.000000 0.000000
764.299377 0.000000
0.000000 0.000000 0.000000 0.000000
0.000000 0.941599
8 0.020000 1.340000 0.001000
0.486000 0.396000 0.726000 0.501000 1.360000 6.610000 0.785000 0.785000
272000.000000 96.599998 0.003000
1.073000 0.050000 0.116600
0.125758 0.068838 0.000352 0.000000
0.000000

0.000000 0.188807 2.384502
0.340094 0.236748 8.823419 47.978733 205.522018
0.000000 0.004500 0.100956 0.000000 0.000000 0.000000
0.000000 0.000000 0.000000
1.164300 1.000000 0.000000
764.299377 0.000000
0.000000 0.000000 0.000000 0.000000
0.000000 0.957844
8 0.020000 1.360000 0.001000
0.486000 0.396000 0.726000 0.501000 1.360000 6.610000 0.785000 0.785000
272000.000000 96.599998 0.003000
1.073000 0.050000 0.116600
0.125771 0.068749 0.000351 0.000000
0.000000

0.000000 0.176416 2.298396
0.338504 0.238365 8.824909 47.983906 205.523865
0.000000 0.004560 0.104362 0.000000 0.000000 0.000000
0.000000 0.000000 0.000000
1.208518 1.000000 0.000000
764.299377 0.000000
0.000000 0.000000 0.000000 0.000000
0.000000 0.948943
8 0.020000 1.380000 0.001000
0.486000 0.396000 0.726000 0.501000 1.360000 6.610000 0.785000 0.785000
272000.000000 96.599998 0.003000
1.073000 0.050000 0.116600
0.125783 0.068727 0.000351 0.000000
0.000000

0.000000 0.165302 2.221101
0.337009 0.239922 8.827830 47.990715 205.525803
0.000000 0.004614 0.107400 0.000000 0.000000 0.000000
0.000000 0.000000 0.000000
1.252413 1.000000 0.000000
764.299377 0.000000
0.000000 0.000000 0.000000 0.000000
0.000000 0.945236
8 0.020000 1.400000 0.001000
0.486000 0.396000 0.726000 0.501000 1.360000 6.610000 0.785000 0.785000
272000.000000 96.599998 0.003000
1.073000 0.050000 0.116600
0.125794 0.068706 0.000351 0.000000
0.000000

0.000000 0.155174 2.151044
0.335584 0.241408 8.829678 47.998058 205.527206
0.000000 0.004738 0.111182 0.000000 0.000000 0.000000
0.000000 0.000000 0.000000
1.295977 1.000000 0.000000
764.299377 0.000000
0.000000 0.000000 0.000000 0.000000
0.000000 0.934099
8 0.020000 1.420000 0.001000
0.486000 0.396000 0.726000 0.501000 1.360000 6.610000 0.785000 0.785000
272000.000000 96.599998 0.003000
1.073000 0.050000 0.116600
0.125807 0.068657 0.000351 0.000000
0.000000

0.000000 0.143151 2.078953
0.334166 0.242784 8.830522 47.996662 205.526566
0.000000 0.004847 0.113500 0.000000 0.000000 0.000000
0.000000 0.000000 0.000000
1.339199 1.000000 0.000000
764.299377 0.000000
0.000000 0.000000 0.000000 0.000000
0.000000 0.951488
8 0.020000 1.440000 0.001000
0.486000 0.396000 0.726000 0.501000 1.360000 6.610000 0.785000 0.785000
272000.000000 96.599998 0.003000
1.073000 0.050000 0.116600
0.125817 0.068747 0.000351 0.000000
0.000000

0.000000 0.135210 2.023132
0.332901 0.244159 8.833963 48.006542 205.526825
0.000000 0.004992 0.115974 0.000000 0.000000 0.000000
0.000000 0.000000 0.000000
1.382072 1.000000 0.000000
764.299377 0.000000
0.000000 0.000000 0.000000 0.000000
0.000000 0.940808
8 0.020000 1.460000 0.001000
0.486000 0.396000 0.726000 0.501000 1.360000 6.610000 0.785000 0.785000
272000.000000 96.599998 0.003000
1.073000 0.050000 0.116600
0.125830 0.068709 0.000351 0.000000
0.000000

0.000000 0.128033 1.972997
0.331708 0.245484 8.836696 48.018940 205.527100
0.000000 0.005213 0.119582 0.000000 0.000000 0.000000
0.000000 0.000000 0.000000
1.424587 1.000000 0.000000
764.299377 0.000000
0.000000 0.000000 0.000000 0.000000
0.000000 0.929092
8 0.020000 1.480000 0.001000
0.486000 0.396000 0.726000 0.501000 1.360000 6.610000 0.785000 0.785000
272000.000000 96.599998 0.003000
1.073000 0.050000 0.116600
0.125842 0.069223 0.000354 0.000000
0.000000

0.000000 0.121554 1.927507
0.330561 0.246742 8.839567 48.028824 205.528244
0.000000 0.005353 0.121377 0.000000 0.000000 0.000000
0.000000 0.000000 0.000000
1.466736 1.000000 0.000000
764.299377 0.000000
0.000000 0.000000 0.000000 0.000000
0.000000 0.956677
8 0.020000 1.500000 0.001000
0.486000 0.396000 0.726000 0.501000 1.360000 6.610000 0.785000 0.785000
272000.000000 96.599998 0.003000
1.073000 0.050000 0.116600
0.125853 0.068809 0.000351 0.000000
0.000000

0.000000 0.077317 1.702819
0.329186 0.247761 8.837850 48.011135 205.527847
0.000000 0.005608 0.125634 0.000000 0.000000 0.000000
0.000000 0.000000 0.000000
1.508510 1.000000 0.000000
764.299377 0.000000
0.000000 0.000000 0.000000 0.000000
0.000000 0.935380
8 0.020000 1.520000 0.001000
0.486000 0.396000 0.726000 0.501000 1.360000 6.610000 0.785000 0.785000
272000.000000 96.599998 0.003000
1.073000 0.050000 0.116600
0.125865 0.068681 0.000351 0.000000
0.000000

0.000000 0.075618 1.683337
0.328180 0.248937 8.840678 48.025028 205.529800
0.000000 0.005787 0.128380 0.000000 0.000000 0.000000
0.000000 0.000000 0.000000
1.549904 1.000000 0.000000
764.299377 0.000000
0.000000 0.000000 0.000000 0.000000
0.000000 0.934725
8 0.020000 1.540000 0.001000
0.486000 0.396000 0.726000 0.501000 1.360000 6.610000 0.785000 0.785000
272000.000000 96.599998 0.003000
1.073000 0.050000 0.116600
0.125876 0.068726 0.000351 0.000000
0.000000

0.000000 0.072611 1.661033
0.327186 0.250036 8.843359 48.033150 205.530579
0.000000 0.005926 0.130897 0.000000 0.000000 0.000000
0.000000 0.000000 0.000000
1.590908 1.000000 0.000000
764.299377 0.000000
0.000000 0.000000 0.000000 0.000000
0.000000 0.931772
8 0.020000 1.560000 0.001000
0.486000 0.396000 0.726000 0.501000 1.360000 6.610000 0.785000 0.785000
272000.000000 96.599998 0.003000
1.073000 0.050000 0.116600
0.125886 0.068647 0.000351 0.000000
0.000000

0.000000 0.071371 1.645737
0.326271 0.251113 8.845714 48.046619 205.532074
0.000000 0.006021 0.133234 0.000000 0.000000 0.000000
0.000000 0.000000 0.000000
1.631516 1.000000 0.000000
764.299377 0.000000
0.000000 0.000000 0.000000 0.000000
0.000000 0.931939
8 0.020000 1.580000 0.001000
0.486000 0.396000 0.726000 0.501000 1.360000 6.610000 0.785000 0.785000
272000.000000 96.599998 0.003000
1.073000 0.050000 0.116600
0.125898 0.068670 0.000351 0.000000
0.000000

0.000000 0.070330 1.632743
0.325427 0.252165 8.849212 48.063438 205.531464
0.000000 0.006085 0.135440 0.000000 0.000000 0.000000
0.000000 0.000000 0.000000
1.671721 1.000000 0.000000
764.299377 0.000000
0.000000 0.000000 0.000000 0.000000
0.000000 0.929339
8 0.020000 1.600000 0.001000
0.486000 0.396000 0.726000 0.501000 1.360000 6.610000 0.785000 0.785000
272000.000000 96.599998 0.003000
1.073000 0.050000 0.116600
0.125906 0.068687 0.000351 0.000000
0.000000

0.000000 0.069391 1.620816
0.324606 0.253162 8.852808 48.076870 205.532684
0.000000 0.006140 0.137569 0.000000 0.000000 0.000000
0.000000 0.000000 0.000000
1.711517 1.000000 0.000000
764.299377 0.000000
0.000000 0.000000 0.000000 0.000000
0.000000 0.928730
8 0.020000 1.620000 0.001000
0.486000 0.396000 0.726000 0.501000 1.360000 6.610000 0.785000 0.785000
272000.000000 96.599998 0.003000
1.073000 0.050000 0.116600
0.125918 0.069215 0.000353 0.000000
0.000000

0.000000 0.068560 1.610432
0.323834 0.254126 8.856641 48.091709 205.534027
0.000000 0.006197 0.139650 0.000000 0.000000 0.000000
0.000000 0.000000 0.000000
1.750898 1.000000 0.000000
764.299377 0.000000
0.000000 0.000000 0.000000 0.000000
0.000000 0.926826
8 0.020000 1.640000 0.001000
0.486000 0.396000 0.726000 0.501000 1.360000 6.610000 0.785000 0.785000
272000.000000 96.599998 0.003000
1.073000 0.050000 0.116600
0.125927 0.068694 0.000351 0.000000
0.000000

0.000000 0.067851 1.601326
0.323100 0.255052 8.860456 48.106457 205.534988
0.000000 0.006255 0.141651 0.000000 0.000000 0.000000
0.000000 0.000000 0.000000
1.789860 1.000000 0.000000
764.299377 0.000000
0.000000 0.000000 0.000000 0.000000
0.000000 0.925608
8 0.020000 1.660000 0.001000
0.486000 0.396000 0.726000 0.501000 1.360000 6.610000 0.785000 0.785000
272000.000000 96.599998 0.003000
1.073000 0.050000 0.116600
0.125937 0.068709 0.000351 0.000000
0.000000

0.000000 0.066435 1.590588
0.322386 0.255928 8.863809 48.118816 205.536713
0.000000 0.006311 0.143594 0.000000 0.000000 0.000000
0.000000 0.000000 0.000000
1.828396 1.000000 0.000000
764.299377 0.000000
0.000000 0.000000 0.000000 0.000000
0.000000 0.923133
8 0.020000 1.680000 0.001000
0.486000 0.396000 0.726000 0.501000 1.360000 6.610000 0.785000 0.785000
272000.000000 96.599998 0.003000
1.073000 0.050000 0.116600
0.125950 0.068664 0.000351 0.000000
0.000000

0.000000 0.065911 1.585046
0.321778 0.256827 8.869123 48.141769 205.537048
0.000000 0.006364 0.145505 0.000000 0.000000 0.000000
0.000000 0.000000 0.000000
1.866502 1.000000 0.000000
764.299377 0.000000
0.000000 0.000000 0.000000 0.000000
0.000000 0.921526
8 0.020000 1.700000 0.001000
0.486000 0.396000 0.726000 0.501000 1.360000 6.610000 0.785000 0.785000
272000.000000 96.599998 0.003000
1.073000 0.050000 0.116600
0.125967 0.068659 0.000351 0.000000
0.000000

0.000000 0.065525 1.579417
0.321163 0.257660 8.873264 48.158581 205.537247
0.000000 0.006412 0.147382 0.000000 0.000000 0.000000
0.000000 0.000000 0.000000
1.904174 1.000000 0.000000
764.299377 0.000000
0.000000 0.000000 0.000000 0.000000
0.000000 0.919535
8 0.020000 1.720000 0.001000
0.486000 0.396000 0.726000 0.501000 1.360000 6.610000 0.785000 0.785000
272000.000000 96.599998 0.003000
1.073000 0.050000 0.116600
0.125977 0.068652 0.000351 0.000000
0.000000

0.000000 0.065195 1.574630
0.320577 0.258460 8.877392 48.175133 205.537552
0.000000 0.006457 0.149298 0.000000 0.000000 0.000000
0.000000 0.000000 0.000000
1.941409 1.000000 0.000000
764.299377 0.000000
0.000000 0.000000 0.000000 0.000000
0.000000 0.919736
8 0.020000 1.740000 0.001000
0.486000 0.396000 0.726000 0.501000 1.360000 6.610000 0.785000 0.785000
272000.000000 96.599998 0.003000
1.073000 0.050000 0.116600
0.125988 0.068651 0.000351 0.000000
0.000000

0.000000 0.064941 1.570783
0.320032 0.259239 8.881780 48.193279 205.538055
0.000000 0.006495 0.151136 0.000000 0.000000 0.000000
0.000000 0.000000 0.000000
1.978204 1.000000 0.000000
764.299377 0.000000
0.000000 0.000000 0.000000 0.000000
0.000000 0.916875
8 0.020000 1.760000 0.001000
0.486000 0.396000 0.726000 0.501000 1.360000 6.610000 0.785000 0.785000
272000.000000 96.599998 0.003000
1.073000 0.050000 0.116600
0.126001 0.068615 0.000350 0.000000
0.000000

0.000000 0.064736 1.567640
0.319515 0.259988 8.886107 48.211151 205.538315
0.000000 0.006532 0.153006 0.000000 0.000000 0.000000
0.000000 0.000000 0.000000
2.014555 1.000000 0.000000
764.299377 0.000000
0.000000 0.000000 0.000000 0.000000
0.000000 0.915636
8 0.020000 1.780000 0.001000
0.486000 0.396000 0.726000 0.501000 1.360000 6.610000 0.785000 0.785000
272000.000000 96.599998 0.003000
1.073000 0.050000 0.116600
0.126016 0.068648 0.000351 0.000000
0.000000

0.000000 0.064564 1.564936
0.319019 0.260705 8.890295 48.228336 205.540253
0.000000 0.006565 0.154829 0.000000 0.000000 0.000000
0.000000 0.000000 0.000000
2.050461 1.000000 0.000000
764.299377 0.000000
0.000000 0.000000 0.000000 0.000000
0.000000 0.915609
8 0.020000 1.800000 0.001000
0.486000 0.396000 0.726000 0.501000 1.360000 6.610000 0.785000 0.785000
272000.000000 96.599998 0.003000
1.073000 0.050000 0.116600
0.126028 0.068610 0.000350 0.000000
0.000000

0.000000 0.060398 1.513349
0.318521 0.261379 8.894213 48.244068 205.541611
0.000000 0.006696 0.158512 0.000000 0.000000 0.000000
0.000000 0.000000 0.000000
2.085920 1.000000 0.000000
764.299377 0.000000
0.000000 0.000000 0.000000 0.000000
0.000000 0.912740
8 0.020000 1.820000 0.001000
0.486000 0.396000 0.726000 0.501000 1.360000 6.610000 0.785000 0.785000
272000.000000 96.599998 0.003000
1.073000 0.050000 0.116600
0.126035 0.068605 0.000350 0.000000
0.000000

0.000000 0.060731 1.516302
0.318078 0.262045 8.898378 48.261002 205.541779
0.000000 0.006763 0.160254 0.000000 0.000000 0.000000
0.000000 0.000000 0.000000
2.120931 1.000000 0.000000
764.299377 0.000000
0.000000 0.000000 0.000000 0.000000
0.000000 0.911182
8 0.020000 1.840000 0.001000
0.486000 0.396000 0.726000 0.501000 1.360000 6.610000 0.785000 0.785000
272000.000000 96.599998 0.003000
1.073000 0.050000 0.116600
0.126051 0.068576 0.000350 0.000000
0.000000

0.000000 0.061037 1.519188
0.317655 0.262684 8.902417 48.277527 205.541397
0.000000 0.006811 0.161890 0.000000 0.000000 0.000000
0.000000 0.000000 0.000000
2.155492 1.000000 0.000000
764.299377 0.000000
0.000000 0.000000 0.000000 0.000000
0.000000 0.909670
8 0.020000 1.860000 0.001000
0.486000 0.396000 0.726000 0.501000 1.360000 6.610000 0.785000 0.785000
272000.000000 96.599998 0.003000
1.073000 0.050000 0.116600
0.126059 0.068552 0.000350 0.000000
0.000000

0.000000 0.061372 1.522154
0.317257 0.263301 8.906527 48.294250 205.540741
0.000000 0.006839 0.163525 0.000000 0.000000 0.000000
0.000000 0.000000 0.000000
2.189605 1.000000 0.000000
764.299377 0.000000
0.000000 0.000000 0.000000 0.000000
0.000000 0.908144
8 0.020000 1.880000 0.001000
0.486000 0.396000 0.726000 0.501000 1.360000 6.610000 0.785000 0.785000
272000.000000 96.599998 0.003000
1.073000 0.050000 0.116600
0.126072 0.068564 0.000350 0.000000
0.000000

0.000000 0.061671 1.524812
0.316868 0.263887 8.910266 48.309116 205.540894
0.000000 0.006849 0.165108 0.000000 0.000000 0.000000
0.000000 0.000000 0.000000
2.223268 1.000000 0.000000
764.299377 0.000000
0.000000 0.000000 0.000000 0.000000
0.000000 0.906853
8 0.020000 1.900000 0.001000
0.486000 0.396000 0.726000 0.501000 1.360000 6.610000 0.785000 0.785000
272000.000000 96.599998 0.003000
1.073000 0.050000 0.116600
0.126082 0.068564 0.000350 0.000000
0.000000

0.000000 0.062007 1.527801
0.316515 0.264462 8.914398 48.326145 205.540588
0.000000 0.006845 0.166616 0.000000 0.000000 0.000000
0.000000 0.000000 0.000000
2.256484 1.000000 0.000000
764.299377 0.000000
0.000000 0.000000 0.000000 0.000000
0.000000 0.905334
8 0.020000 1.920000 0.001000
0.486000 0.396000 0.726000 0.501000 1.360000 6.610000 0.785000 0.785000
272000.000000 96.599998 0.003000
1.073000 0.050000 0.116600
0.126092 0.068556 0.000350 0.000000
0.000000

0.000000 0.062319 1.531026
0.316191 0.265026 8.918802 48.344658 205.540482
0.000000 0.006834 0.168126 0.000000 0.000000 0.000000
0.000000 0.000000 0.000000
2.289252 1.000000 0.000000
764.299377 0.000000
0.000000 0.000000 0.000000 0.000000
0.000000 0.903801
8 0.020000 1.940000 0.001000
0.486000 0.396000 0.726000 0.501000 1.360000 6.610000 0.785000 0.785000
272000.000000 96.599998 0.003000
1.073000 0.050000 0.116600
0.126107 0.068521 0.000350 0.000000
0.000000

0.000000 0.062646 1.535032
0.315917 0.265596 8.924060 48.367817 205.540009
0.000000 0.006818 0.169640 0.000000 0.000000 0.000000
0.000000 0.000000 0.000000
2.321575 1.000000 0.000000
764.299377 0.000000
0.000000 0.000000 0.000000 0.000000
0.000000 0.902408
8 0.020000 1.960000 0.001000
0.486000 0.396000 0.726000 0.501000 1.360000 6.610000 0.785000 0.785000
272000.000000 96.599998 0.003000
1.073000 0.050000 0.116600
0.126119 0.068511 0.000350 0.000000
0.000000

0.000000 0.062973 1.545014
0.315907 0.266354 8.936206 48.428539 205.536194
0.000000 0.006798 0.171199 0.000000 0.000000 0.000000
0.000000 0.000000 0.000000
2.353454 1.000000 0.000000
764.299377 0.000000
0.000000 0.000000 0.000000 0.000000
0.000000 0.901265
8 0.020000 1.980000 0.001000
0.486000 0.396000 0.726000 0.501000 1.360000 6.610000 0.785000 0.785000
272000.000000 96.599998 0.003000
1.073000 0.050000 0.116600
0.126160 0.068454 0.000350 0.000000
0.000000

0.000000 0.063293 1.560639
0.316146 0.267291 8.954894 48.524555 205.530411
0.000000 0.047964 0.261760 0.000000 0.000000 0.000000
0.000000 0.000000 0.000000
2.384893 1.000000 0.000000
764.299377 0.000000
0.000000 0.000000 0.000000 0.000000
0.000000 0.900685
8 0.020000 2.000000 0.001000
0.486000 0.396000 0.726000 0.501000 1.360000 6.610000 0.785000 0.785000
272000.000000 96.599998 0.003000
1.073000 0.050000 0.116600
0.126223 0.068484 0.000350 0.000000
0.000000
1.000000
2.000000
0.000000 0.000000
0.000000
0
-0.780000
0 0
0.000000
1
0.000000
1.000000
1.000000
1.000000
0.000000 0.000000 0.000000
0.000000 0.000000
0.000000 0.000000 0.000000 0.000000 0.000000 0.000000 0.000000
0.000000 0.000000 0.000000 0.000000 0.000000 0.000000 0.000000
236
2.000000
1
C:\DNDC\sites\Ottawa\CEFSoilc.spf
-1.000000 -1.000000
0.000000
39
39
10.000000
105
0.000000
0.000000
257
0.000000
364797.312500
1
