  8
Clay_loam

0.3240  0.4830  0.0150  0.7340  0.4280  1.0000
0.000000 0.000000 1.370000 6.600000 1  0.035000
0.5000  0.0500  0.0100  0.2400  0.7500  0.0000
0.02000000  2.0000  274000.0000  96.6000  100
0.2333  1.9440
3.0253  0.0000  1  10.0000  10.0000  10.0000  5.0000
25.0000  100.0000 0.0000  0.0000  0.0000  0.0000
0.0000  0.0000
500.0000  0.0000  0.0000

1.000000
2.000000
0.000000 0.000000
0.734000
0.428000
0.200000 2.000000
0.000000 0.000000 95.899994 2301.599854 7192.500488 0.000000 0.137000 0.009590 0.004110
1.870297
0.000000
1
0.000000
1.000000
1.000000
1.000000
10.000000
10.000000
2.000000
1
C:\DNDC\sites\Ottawa\CEFSoilc.spf
1
