7
Clay_loam
0.314000 0.490000 0.006410 0.726000 0.398000 1.000000 0.000000 0.000000
1.350000 6.610000 1 0.031000 0.500000 0.050000 0.010000 0.240000 0.750000
0.000000 0.020000 2.000000 270000.000000 96.599998 100
0.233300 1.944000 3.025300 0.000000 1
10.000000 10.000000 10.000000 5.000000 25.000000 100.000000
0.000000 0.000000 0.010136 0.000000 0.000000 0.000000
500.000000 0.000000 0.000000

22.740051 559.752258 5282.746094
64.562614 10.386533 1256.516357 6633.042969 6581.873535
0.000000 23.848520 1.842016 1.010348 0.000000 0.000000
0.000057 0.003178 0.000629
-2.977658 0.095610 38.888123
764.299377 0.000000
11.776024 0.000000 0.000000 0.000000
0.000000 28.882395
7 0.020000 0.020000 0.031000
0.490000 0.314000 0.726000 0.398000 1.350000 6.610000 0.726000 0.726000
270000.000000 96.599998 0.006410
1.073000 0.050000 0.116600
192.610886 5.717412 0.002957 0.000000
0.000000

0.798538 43.576382 322.905273
15.448395 2.244903 269.815369 1663.231689 6332.917969
0.000000 2.634279 0.548615 0.505174 0.000000 0.000000
0.000027 0.000000 0.000000
-2.615313 0.101956 40.334366
764.299377 0.000000
2.349428 0.000000 0.000000 0.000000
0.000000 12.093179
7 0.020000 0.040000 0.031000
0.490000 0.314000 0.726000 0.398000 1.350000 6.610000 0.726000 0.726000
270000.000000 96.599998 0.006410
1.073000 0.050000 0.116600
3.804165 1.923822 0.001031 0.000000
0.000000

0.000002 27.140461 40.023712
14.110586 1.877422 243.633667 1493.995728 6327.169434
0.000000 1.030259 0.425393 0.252587 0.000000 0.000000
0.000016 0.000000 0.000000
-2.347386 0.107548 41.219769
764.299377 0.000000
1.838950 0.000000 0.000000 0.000000
0.000000 11.109121
7 0.020000 0.060000 0.031000
0.490000 0.314000 0.726000 0.398000 1.350000 6.610000 0.726000 0.726000
270000.000000 96.599998 0.006410
1.073000 0.050000 0.116600
3.806551 1.948857 0.001103 0.000000
0.000000

0.000000 23.819233 35.458588
14.404778 1.786428 243.708572 1487.668945 6326.327148
0.000000 0.529423 0.379201 0.126294 0.000000 0.000000
0.000010 0.000000 0.000000
-2.087888 0.113927 41.514477
764.299377 0.000000
1.578528 0.000000 0.000000 0.000000
0.000000 10.858427
7 0.020000 0.080000 0.031000
0.490000 0.314000 0.726000 0.398000 1.350000 6.610000 0.726000 0.726000
270000.000000 96.599998 0.006410
1.073000 0.050000 0.116600
3.810310 1.841226 0.001103 0.000000
0.000000

0.000000 21.921589 32.807850
12.106257 1.621776 199.381775 1213.066528 5102.190430
0.000000 0.000186 0.150265 0.063147 0.000000 0.000000
0.000001 0.000000 0.000000
-1.855283 0.120812 59.308399
764.299377 0.000000
0.809010 0.000000 0.000000 0.000000
0.000000 5.239145
7 0.020000 0.100000 0.025000
0.490000 0.314000 0.726000 0.398000 1.350000 6.610000 0.726000 0.726000
270000.000000 96.599998 0.006410
1.073000 0.050000 0.116600
3.075794 1.443491 0.000915 0.000000
0.000000

0.000000 19.108255 111.679810
12.196629 1.651532 197.272171 1209.056030 5102.507324
0.000000 0.000163 0.135550 0.031573 0.000000 0.000000
0.000000 0.000000 0.000000
-1.639766 0.128292 58.575344
764.299377 0.000000
0.716377 0.000000 0.000000 0.000000
0.000000 6.092067
7 0.020000 0.120000 0.025000
0.490000 0.314000 0.726000 0.398000 1.350000 6.610000 0.726000 0.726000
270000.000000 96.599998 0.006410
1.073000 0.050000 0.116600
3.071924 1.211458 0.000814 0.000000
0.000000

0.000000 12.588115 90.356972
12.040530 1.693110 195.916046 1196.131348 5101.413574
0.000000 0.000177 0.130481 0.015787 0.000000 0.000000
0.000000 0.000000 0.000000
-1.428726 0.137059 57.716187
764.299377 0.000000
0.614943 0.000000 0.000000 0.000000
0.000000 5.541977
7 0.020000 0.140000 0.025000
0.490000 0.314000 0.726000 0.398000 1.350000 6.610000 0.726000 0.726000
270000.000000 96.599998 0.006410
1.073000 0.050000 0.116600
3.076277 1.144181 0.000821 0.000000
0.000000

0.000000 42.165001 85.756821
11.960177 1.775122 195.334061 1187.686523 5100.162598
0.000000 0.000165 0.124358 0.007893 0.000000 0.000000
0.000000 0.000000 0.000000
-1.220044 0.147547 56.688385
764.299377 0.000000
0.521778 0.000000 0.000000 0.000000
0.000000 4.459802
7 0.020000 0.160000 0.025000
0.490000 0.314000 0.726000 0.398000 1.350000 6.610000 0.726000 0.726000
270000.000000 96.599998 0.006410
1.073000 0.050000 0.116600
3.080984 1.027132 0.000794 0.000000
0.000000

0.000000 39.401768 76.172417
9.675262 1.514537 158.464188 958.663452 4079.573730
0.000000 0.000039 0.089516 0.003947 0.000000 0.000000
0.000000 0.000000 0.000000
-1.007380 0.160426 55.426212
764.299377 0.000000
0.348672 0.000000 0.000000 0.000000
0.000000 2.539343
7 0.020000 0.180000 0.020000
0.490000 0.314000 0.726000 0.398000 1.350000 6.610000 0.726000 0.726000
270000.000000 96.599998 0.006410
1.073000 0.050000 0.116600
2.468684 0.808523 0.000679 0.000000
0.000000

0.000000 36.874001 72.374451
9.684549 1.600995 159.476440 959.353210 4078.918945
0.000000 0.000005 0.080358 0.001973 0.000000 0.000000
0.000000 0.000000 0.000000
-0.750692 0.176786 53.822979
764.299377 0.000000
0.259989 0.000000 0.000000 0.000000
0.000000 3.508932
7 0.020000 0.200000 0.020000
0.490000 0.314000 0.726000 0.398000 1.350000 6.610000 0.726000 0.726000
270000.000000 96.599998 0.006410
1.073000 0.050000 0.116600
2.472364 1.973591 0.001877 0.000000
0.000000

0.000000 34.286526 68.869751
9.773129 1.790601 160.238266 960.795898 4078.271729
0.000000 0.000000 0.056359 0.000987 0.000000 0.000000
0.000000 0.000004 0.000000
-0.543846 0.197957 59.891323
764.299377 0.000000
0.000000 0.000000 0.000000 0.000000
0.000000 4.199390
7 0.020000 0.220000 0.020000
0.490000 0.314000 0.726000 0.398000 1.350000 6.610000 0.726000 0.726000
270000.000000 96.599998 0.006410
1.073000 0.050000 0.116600
2.475993 2.656918 0.002886 0.000000
0.000000

0.000000 32.080963 65.931633
9.710611 1.864011 161.364853 963.079041 4077.477051
0.000000 0.000000 0.054566 0.000493 0.000000 0.000000
0.000000 0.000003 0.000000
-0.373993 0.225260 75.924553
764.299377 0.000000
0.000000 0.000000 0.000000 0.000000
0.000000 4.318198
7 0.020000 0.240000 0.020000
0.490000 0.314000 0.726000 0.398000 1.350000 6.610000 0.726000 0.726000
270000.000000 96.599998 0.006410
1.073000 0.050000 0.116600
2.480106 1.581539 0.001916 0.000000
0.000000

0.000000 29.380709 62.450623
9.623843 1.932073 161.511047 962.322021 4077.316895
0.000000 0.000000 0.055161 0.000247 0.000000 0.000000
0.000000 0.000003 0.000000
-0.236532 0.263740 72.153503
764.299377 0.000000
0.000000 0.000000 0.000000 0.000000
0.000000 4.146252
7 0.020000 0.260000 0.020000
0.490000 0.314000 0.726000 0.398000 1.350000 6.610000 0.726000 0.726000
270000.000000 96.599998 0.006410
1.073000 0.050000 0.116600
2.481467 1.382859 0.001944 0.000000
0.000000

0.000000 30.122345 60.789974
8.765452 1.833405 150.611771 882.165833 3666.563965
0.000000 0.000000 0.044779 0.000123 0.000000 0.000000
0.000000 0.000001 0.000000
-0.110474 0.329150 65.043343
764.299377 0.000000
0.000000 0.000000 0.000000 0.000000
0.000000 12.466713
7 0.020000 0.280000 0.018000
0.490000 0.314000 0.726000 0.398000 1.350000 6.610000 0.726000 0.726000
270000.000000 96.599998 0.000070
1.073000 0.050000 0.116600
2.246343 1.742483 0.003057 0.000000
0.000000

0.000000 28.338324 58.713997
8.719317 1.894859 151.874512 885.048340 3665.642822
0.000000 0.851380 0.494687 0.000062 0.000000 0.000000
0.000000 0.000170 0.000003
-0.007489 0.484167 50.218140
764.299377 0.000000
0.000000 0.000000 0.000000 0.000000
0.000000 9.437173
7 0.020000 0.300000 0.018000
0.490000 0.314000 0.726000 0.398000 1.350000 6.610000 0.726000 0.726000
270000.000000 96.599998 0.000070
1.073000 0.050000 0.116600
2.250215 1.292443 0.003291 0.000000
0.000000

0.000000 25.378069 55.369122
8.626321 1.954449 151.344940 882.799988 3665.813965
0.000000 1.273061 0.544805 0.000031 0.000000 0.000000
0.000000 0.000103 0.000084
0.015050 0.965792 0.000000
764.299377 0.000000
0.000000 0.000000 0.000000 0.000000
0.000000 7.049444
7 0.020000 0.320000 0.018000
0.490000 0.314000 0.726000 0.398000 1.350000 6.610000 0.726000 0.726000
270000.000000 96.599998 0.000070
1.073000 0.050000 0.116600
2.249701 1.235231 0.006226 0.000000
0.000000

0.000000 23.891253 50.503826
7.593126 1.802432 135.988358 783.010254 3201.805664
0.000000 1.022018 0.458948 0.000015 0.000000 0.000000
0.000000 0.000083 0.000068
0.144214 0.940884 0.000000
764.299377 0.000000
0.000000 0.000000 0.000000 0.000000
0.000000 5.794987
8 0.020000 0.340000 0.015500
0.483000 0.377000 0.726000 0.484000 1.370000 6.610000 0.770000 0.770000
274000.000000 96.599998 0.000070
1.073000 0.050000 0.116600
1.974271 1.081809 0.005156 0.000000
0.000000

0.000000 21.531467 47.809662
7.506900 1.861399 135.546127 781.442139 3201.921631
0.000000 0.678793 0.429223 0.000008 0.000000 0.000000
0.000000 0.000059 0.000048
0.270781 0.922197 0.000000
764.299377 0.000000
0.000000 0.000000 0.000000 0.000000
0.000000 5.394336
8 0.020000 0.360000 0.015500
0.483000 0.377000 0.726000 0.484000 1.370000 6.610000 0.770000 0.770000
274000.000000 96.599998 0.000070
1.073000 0.050000 0.116600
1.973956 1.063717 0.004968 0.000000
0.000000

0.000000 19.390488 45.362461
7.423578 1.917269 135.111374 779.968201 3202.074463
0.000000 0.492534 0.419090 0.000004 0.000000 0.000000
0.000000 0.000043 0.000035
0.393959 0.914246 0.000000
764.299377 0.000000
0.000000 0.000000 0.000000 0.000000
0.000000 5.290340
8 0.020000 0.380000 0.015500
0.483000 0.377000 0.726000 0.484000 1.370000 6.610000 0.770000 0.770000
274000.000000 96.599998 0.000070
1.073000 0.050000 0.116600
1.973614 1.061013 0.004913 0.000000
0.000000

0.000000 17.514391 43.183296
7.345963 1.970695 134.781494 778.661133 3202.164551
0.000000 0.390785 0.412934 0.000002 0.000000 0.000000
0.000000 0.000032 0.000027
0.513293 0.915715 0.000000
764.299377 0.000000
0.000000 0.000000 0.000000 0.000000
0.000000 5.283647
8 0.020000 0.400000 0.015500
0.483000 0.377000 0.726000 0.484000 1.370000 6.610000 0.770000 0.770000
274000.000000 96.599998 0.000070
1.073000 0.050000 0.116600
1.973375 1.061110 0.004921 0.000000
0.000000

0.000000 15.838368 41.254704
7.275036 2.022135 134.599487 777.557251 3202.253906
0.000000 0.295539 0.404712 0.000001 0.000000 0.000000
0.000000 0.000024 0.000019
0.628474 0.923383 0.000000
764.299377 0.000000
0.000000 0.000000 0.000000 0.000000
0.000000 5.310984
8 0.020000 0.420000 0.015500
0.483000 0.377000 0.726000 0.484000 1.370000 6.610000 0.770000 0.770000
274000.000000 96.599998 0.000070
1.073000 0.050000 0.116600
1.973282 1.061131 0.004962 0.000000
0.000000

0.000000 14.261740 39.450966
7.207037 2.070828 134.272003 776.515259 3202.370117
0.000000 0.200522 0.378177 0.000000 0.000000 0.000000
0.000000 0.000015 0.000013
0.739420 0.933708 0.000000
764.299377 0.000000
0.000000 0.000000 0.000000 0.000000
0.000000 5.337829
8 0.020000 0.440000 0.015500
0.483000 0.377000 0.726000 0.484000 1.370000 6.610000 0.770000 0.770000
274000.000000 96.599998 0.000070
1.073000 0.050000 0.116600
1.973055 1.060287 0.005014 0.000000
0.000000

0.000000 12.890402 37.882549
7.145621 2.118079 134.107605 775.688232 3202.427979
0.000000 0.135962 0.356753 0.000000 0.000000 0.000000
0.000000 0.000010 0.000008
0.846226 0.944361 0.000000
764.299377 0.000000
0.000000 0.000000 0.000000 0.000000
0.000000 5.349435
8 0.020000 0.460000 0.015500
0.483000 0.377000 0.726000 0.484000 1.370000 6.610000 0.770000 0.770000
274000.000000 96.599998 0.000070
1.073000 0.050000 0.116600
1.973010 1.059210 0.005066 0.000000
0.000000

0.000000 11.676620 36.484715
7.088858 2.163664 134.023544 774.963257 3202.454346
0.000000 0.105890 0.349088 0.000000 0.000000 0.000000
0.000000 0.000007 0.000006
0.949083 0.954112 0.000000
764.299377 0.000000
0.000000 0.000000 0.000000 0.000000
0.000000 5.350827
8 0.020000 0.480000 0.015500
0.483000 0.377000 0.726000 0.484000 1.370000 6.610000 0.770000 0.770000
274000.000000 96.599998 0.000070
1.073000 0.050000 0.116600
1.973035 1.058955 0.005117 0.000000
0.000000

0.000000 10.592648 35.247814
7.036739 2.207893 133.970322 774.425598 3202.511475
0.000000 0.098910 0.354736 0.000000 0.000000 0.000000
0.000000 0.000006 0.000005
1.048224 0.962301 0.000000
764.299377 0.000000
0.000000 0.000000 0.000000 0.000000
0.000000 5.349934
8 0.020000 0.500000 0.015500
0.483000 0.377000 0.726000 0.484000 1.370000 6.610000 0.770000 0.770000
274000.000000 96.599998 0.000070
1.073000 0.050000 0.116600
1.973151 1.058614 0.005159 0.000000
0.000000

0.000000 9.611065 34.140182
6.988430 2.250792 133.934494 774.012268 3202.530029
0.000000 0.106282 0.370741 0.000000 0.000000 0.000000
0.000000 0.000006 0.000005
1.143895 0.968462 0.000000
764.299377 0.000000
0.000000 0.000000 0.000000 0.000000
0.000000 5.351089
8 0.020000 0.520000 0.015500
0.483000 0.377000 0.726000 0.484000 1.370000 6.610000 0.770000 0.770000
274000.000000 96.599998 0.000070
1.073000 0.050000 0.116600
1.973281 1.058416 0.005191 0.000000
0.000000

0.000000 7.670036 20.155447
3.562348 1.174948 67.300850 394.520294 1654.652588
0.000000 0.120844 0.255642 0.000000 0.000000 0.000000
0.000000 0.000006 0.000005
1.241437 0.770000 0.000000
764.299377 0.000000
0.000000 0.000000 0.000000 0.000000
0.000000 4.890297
8 0.020000 0.540000 0.008000
0.483000 0.377000 0.726000 0.484000 1.370000 6.610000 0.770000 0.770000
274000.000000 96.599998 0.002410
1.073000 0.050000 0.116600
1.012968 0.605704 0.002356 0.000000
0.000000

0.000000 7.012640 19.364811
3.536820 1.197749 67.383430 394.401337 1654.600586
0.000000 0.087588 0.241671 0.000000 0.000000 0.000000
0.000000 0.000004 0.000003
1.341913 0.770000 0.000000
764.299377 0.000000
0.000000 0.000000 0.000000 0.000000
0.000000 4.594677
8 0.020000 0.560000 0.008000
0.483000 0.377000 0.726000 0.484000 1.370000 6.610000 0.770000 0.770000
274000.000000 96.599998 0.002410
1.073000 0.050000 0.116600
1.013303 0.565870 0.002201 0.000000
0.000000

0.000000 6.399167 18.646587
3.512605 1.219896 67.420204 394.377686 1654.556763
0.000000 0.062439 0.229942 0.000000 0.000000 0.000000
0.000000 0.000002 0.000002
1.439886 0.770000 0.000000
764.299377 0.000000
0.000000 0.000000 0.000000 0.000000
0.000000 4.443644
8 0.020000 0.580000 0.008000
0.483000 0.377000 0.726000 0.484000 1.370000 6.610000 0.770000 0.770000
274000.000000 96.599998 0.002410
1.073000 0.050000 0.116600
1.013635 0.557212 0.002167 0.000000
0.000000

0.000000 5.840695 18.018717
3.490642 1.241791 67.464348 394.521729 1654.489502
0.000000 0.050501 0.225916 0.000000 0.000000 0.000000
0.000000 0.000002 0.000001
1.535488 0.770000 0.000000
764.299377 0.000000
0.000000 0.000000 0.000000 0.000000
0.000000 4.369964
8 0.020000 0.600000 0.008000
0.483000 0.377000 0.726000 0.484000 1.370000 6.610000 0.770000 0.770000
274000.000000 96.599998 0.002410
1.073000 0.050000 0.116600
1.014026 0.556082 0.002163 0.000000
0.000000

0.000000 5.341283 17.457865
3.469880 1.263139 67.537262 394.677124 1654.417603
0.000000 0.047451 0.228659 0.000000 0.000000 0.000000
0.000000 0.000001 0.000001
1.628844 0.770000 0.000000
764.299377 0.000000
0.000000 0.000000 0.000000 0.000000
0.000000 4.329527
8 0.020000 0.620000 0.008000
0.483000 0.377000 0.726000 0.484000 1.370000 6.610000 0.770000 0.770000
274000.000000 96.599998 0.002410
1.073000 0.050000 0.116600
1.014414 0.555350 0.002160 0.000000
0.000000

0.000000 4.886923 16.967529
3.450575 1.284101 67.621330 394.908264 1654.351318
0.000000 0.049148 0.235385 0.000000 0.000000 0.000000
0.000000 0.000001 0.000001
1.720073 0.770000 0.000000
764.299377 0.000000
0.000000 0.000000 0.000000 0.000000
0.000000 4.303145
8 0.020000 0.640000 0.008000
0.483000 0.377000 0.726000 0.484000 1.370000 6.610000 0.770000 0.770000
274000.000000 96.599998 0.002410
1.073000 0.050000 0.116600
1.014830 0.552734 0.002150 0.000000
0.000000

0.000000 4.481084 16.542774
3.432743 1.304744 67.739037 395.198425 1654.248657
0.000000 0.052703 0.242061 0.000000 0.000000 0.000000
0.000000 0.000001 0.000001
1.809290 0.770000 0.000000
764.299377 0.000000
0.000000 0.000000 0.000000 0.000000
0.000000 4.282943
8 0.020000 0.660000 0.008000
0.483000 0.377000 0.726000 0.484000 1.370000 6.610000 0.770000 0.770000
274000.000000 96.599998 0.002410
1.073000 0.050000 0.116600
1.015274 0.552063 0.002147 0.000000
0.000000

0.000000 4.113369 16.205294
3.418019 1.325767 67.905891 395.763733 1654.131348
0.000000 0.071026 0.263099 0.000000 0.000000 0.000000
0.000000 0.000002 0.000001
1.896603 0.770000 0.000000
764.299377 0.000000
0.000000 0.000000 0.000000 0.000000
0.000000 4.315388
8 0.020000 0.680000 0.008000
0.483000 0.377000 0.726000 0.484000 1.370000 6.610000 0.770000 0.770000
274000.000000 96.599998 0.002410
1.073000 0.050000 0.116600
1.015870 0.553304 0.002152 0.000000
0.000000

0.000000 3.779210 15.929995
3.404947 1.346692 68.100525 396.438477 1653.957397
0.000000 0.149408 0.309610 0.000000 0.000000 0.000000
0.000000 0.000003 0.000002
1.982116 0.770000 0.000000
764.299377 0.000000
0.000000 0.000000 0.000000 0.000000
0.000000 4.318460
8 0.020000 0.700000 0.008000
0.483000 0.377000 0.726000 0.484000 1.370000 6.610000 0.770000 0.770000
274000.000000 96.599998 0.002410
1.073000 0.050000 0.116600
1.016528 0.553044 0.002151 0.000000
0.000000

0.000000 3.477485 15.703883
3.393021 1.367376 68.308525 397.175079 1653.778320
0.000000 0.275297 0.350063 0.000000 0.000000 0.000000
0.000000 0.000004 0.000003
2.065928 0.770000 0.000000
764.299377 0.000000
0.000000 0.000000 0.000000 0.000000
0.000000 4.482603
8 0.020000 0.720000 0.008000
0.483000 0.377000 0.726000 0.484000 1.370000 6.610000 0.770000 0.770000
274000.000000 96.599998 0.002410
1.073000 0.050000 0.116600
1.017208 0.552908 0.002150 0.000000
0.000000

0.000000 3.292861 11.237055
2.120763 0.869730 43.125412 248.919357 1025.737305
0.000000 0.369115 0.266153 0.000000 0.000000 0.000000
0.000000 0.000004 0.000003
2.147646 0.785000 0.000000
764.299377 0.000000
0.000000 0.000000 0.000000 0.000000
0.000000 3.904989
8 0.020000 0.740000 0.005000
0.486000 0.396000 0.726000 0.501000 1.360000 6.610000 0.785000 0.785000
272000.000000 96.599998 0.003000
1.073000 0.050000 0.116600
0.632518 0.350852 0.001409 0.000000
0.000000

0.000000 3.079908 11.098361
2.116481 0.883048 43.409588 249.577393 1025.510132
0.000000 0.340287 0.262304 0.000000 0.000000 0.000000
0.000000 0.000003 0.000003
2.227364 0.785000 0.000000
764.299377 0.000000
0.000000 0.000000 0.000000 0.000000
0.000000 3.516115
8 0.020000 0.760000 0.005000
0.486000 0.396000 0.726000 0.501000 1.360000 6.610000 0.785000 0.785000
272000.000000 96.599998 0.003000
1.073000 0.050000 0.116600
0.633174 0.344983 0.001385 0.000000
0.000000

0.000000 2.863574 10.980754
2.112560 0.896182 43.634190 250.314728 1025.330078
0.000000 0.317750 0.259068 0.000000 0.000000 0.000000
0.000000 0.000003 0.000002
2.305646 0.785000 0.000000
764.299377 0.000000
0.000000 0.000000 0.000000 0.000000
0.000000 3.327640
8 0.020000 0.780000 0.005000
0.486000 0.396000 0.726000 0.501000 1.360000 6.610000 0.785000 0.785000
272000.000000 96.599998 0.003000
1.073000 0.050000 0.116600
0.633817 0.344475 0.001383 0.000000
0.000000

0.000000 2.669977 10.896566
2.107159 0.908723 43.860447 251.089172 1025.149414
0.000000 0.238313 0.247991 0.000000 0.000000 0.000000
0.000000 0.000002 0.000002
2.379247 0.942834 0.000000
764.299377 0.000000
0.000000 0.000000 0.000000 0.000000
0.000000 3.653229
8 0.020000 0.800000 0.005000
0.486000 0.396000 0.726000 0.501000 1.360000 6.610000 0.785000 0.785000
272000.000000 96.599998 0.003000
1.073000 0.050000 0.116600
0.634469 0.339437 0.001637 0.000000
0.000000

0.000000 2.533473 10.898281
2.093964 0.917667 44.239616 252.025299 1024.924683
0.000000 0.139921 0.228669 0.000000 0.000000 0.000000
0.000000 0.000001 0.000001
2.447461 1.000000 0.000000
764.299377 0.000000
0.000000 0.000000 0.000000 0.000000
0.000000 3.171781
8 0.020000 0.820000 0.005000
0.486000 0.396000 0.726000 0.501000 1.360000 6.610000 0.785000 0.785000
272000.000000 96.599998 0.003000
1.073000 0.050000 0.116600
0.635278 0.337946 0.001728 0.000000
0.000000

0.000000 2.421621 10.944021
2.093474 0.929858 44.711346 252.956833 1024.685303
0.000000 0.089484 0.206370 0.000000 0.000000 0.000000
0.000000 0.000001 0.000001
2.513402 1.000000 0.000000
764.299377 0.000000
0.000000 0.000000 0.000000 0.000000
0.000000 3.439506
8 0.020000 0.840000 0.005000
0.486000 0.396000 0.726000 0.501000 1.360000 6.610000 0.785000 0.785000
272000.000000 96.599998 0.003000
1.073000 0.050000 0.116600
0.636131 0.337254 0.001725 0.000000
0.000000

0.000000 2.284290 10.946494
2.092797 0.941626 45.068607 253.702576 1024.478271
0.000000 0.046381 0.175910 0.000000 0.000000 0.000000
0.000000 0.000000 0.000000
2.578088 1.000000 0.000000
764.299377 0.000000
0.000000 0.000000 0.000000 0.000000
0.000000 3.000278
8 0.020000 0.860000 0.005000
0.486000 0.396000 0.726000 0.501000 1.360000 6.610000 0.785000 0.785000
272000.000000 96.599998 0.003000
1.073000 0.050000 0.116600
0.636804 0.338192 0.001730 0.000000
0.000000

0.000000 2.122435 10.878773
2.089015 0.951736 45.256790 254.156113 1024.362793
0.000000 0.027419 0.159778 0.000000 0.000000 0.000000
0.000000 0.000000 0.000000
2.641573 1.000000 0.000000
764.299377 0.000000
0.000000 0.000000 0.000000 0.000000
0.000000 2.773654
8 0.020000 0.880000 0.005000
0.486000 0.396000 0.726000 0.501000 1.360000 6.610000 0.785000 0.785000
272000.000000 96.599998 0.003000
1.073000 0.050000 0.116600
0.637208 0.335426 0.001715 0.000000
0.000000

0.000000 1.973222 10.821309
2.085187 0.961544 45.454563 254.563553 1024.260376
0.000000 0.026373 0.165053 0.000000 0.000000 0.000000
0.000000 0.000000 0.000000
2.703914 1.000000 0.000000
764.299377 0.000000
0.000000 0.000000 0.000000 0.000000
0.000000 2.711880
8 0.020000 0.900000 0.005000
0.486000 0.396000 0.726000 0.501000 1.360000 6.610000 0.785000 0.785000
272000.000000 96.599998 0.003000
1.073000 0.050000 0.116600
0.637586 0.335093 0.001714 0.000000
0.000000

0.000000 1.845324 10.824709
2.083333 0.971996 45.699814 255.176147 1024.101685
0.000000 0.031399 0.172688 0.000000 0.000000 0.000000
0.000000 0.000000 0.000000
2.765161 1.000000 0.000000
764.299377 0.000000
0.000000 0.000000 0.000000 0.000000
0.000000 2.745292
8 0.020000 0.920000 0.005000
0.486000 0.396000 0.726000 0.501000 1.360000 6.610000 0.785000 0.785000
272000.000000 96.599998 0.003000
1.073000 0.050000 0.116600
0.638093 0.335519 0.001716 0.000000
0.000000

0.000000 1.736803 3.485367
0.422185 0.198929 9.289392 51.613155 204.788101
0.000000 0.051053 0.051431 0.000000 0.000000 0.000000
0.000000 0.000000 0.000000
2.825360 1.000000 0.000000
764.299377 0.000000
0.000000 0.000000 0.000000 0.000000
0.000000 1.600856
8 0.020000 0.940000 0.001000
0.486000 0.396000 0.726000 0.501000 1.360000 6.610000 0.785000 0.785000
272000.000000 96.599998 0.003000
1.073000 0.050000 0.116600
0.127734 0.072557 0.000371 0.000000
0.000000

0.000000 1.663614 3.411260
0.421787 0.200946 9.378195 51.694530 204.752304
0.000000 0.027563 0.038868 0.000000 0.000000 0.000000
0.000000 0.000000 0.000000
2.884556 1.000000 0.000000
764.299377 0.000000
0.000000 0.000000 0.000000 0.000000
0.000000 1.275001
8 0.020000 0.960000 0.001000
0.486000 0.396000 0.726000 0.501000 1.360000 6.610000 0.785000 0.785000
272000.000000 96.599998 0.003000
1.073000 0.050000 0.116600
0.127874 0.067966 0.000347 0.000000
0.000000

0.000000 1.576616 3.338518
0.421331 0.202892 9.414792 51.818371 204.716843
0.000000 0.012887 0.039352 0.000000 0.000000 0.000000
0.000000 0.000000 0.000000
2.942788 1.000000 0.000000
764.299377 0.000000
0.000000 0.000000 0.000000 0.000000
0.000000 1.160676
8 0.020000 0.980000 0.001000
0.486000 0.396000 0.726000 0.501000 1.360000 6.610000 0.785000 0.785000
272000.000000 96.599998 0.003000
1.073000 0.050000 0.116600
0.127998 0.066905 0.000342 0.000000
0.000000

0.000000 1.295555 3.163424
0.421851 0.205304 9.518477 52.050091 204.658859
0.000000 0.011286 0.048279 0.000000 0.000000 0.000000
0.000000 0.000000 0.000000
3.000094 1.000000 0.000000
764.299377 0.000000
0.000000 0.000000 0.000000 0.000000
0.000000 1.343402
8 0.020000 1.000000 0.001000
0.486000 0.396000 0.726000 0.501000 1.360000 6.610000 0.785000 0.785000
272000.000000 96.599998 0.003000
1.073000 0.050000 0.116600
0.128225 0.066605 0.000340 0.000000
0.000000

0.000000 1.219637 3.111548
0.421349 0.207137 9.541998 52.169655 204.633514
0.000000 0.014135 0.050310 0.000000 0.000000 0.000000
0.000000 0.000000 0.000000
3.056508 1.000000 0.000000
764.299377 0.000000
0.000000 0.000000 0.000000 0.000000
0.000000 0.959572
8 0.020000 1.020000 0.001000
0.486000 0.396000 0.726000 0.501000 1.360000 6.610000 0.785000 0.785000
272000.000000 96.599998 0.003000
1.073000 0.050000 0.116600
0.128325 0.066258 0.000338 0.000000
0.000000

0.000000 1.125310 3.028456
0.419738 0.208378 9.540096 52.151035 204.632034
0.000000 0.015880 0.051241 0.000000 0.000000 0.000000
0.000000 0.000000 0.000000
3.112061 1.000000 0.000000
764.299377 0.000000
0.000000 0.000000 0.000000 0.000000
0.000000 0.937720
8 0.020000 1.040000 0.001000
0.486000 0.396000 0.726000 0.501000 1.360000 6.610000 0.785000 0.785000
272000.000000 96.599998 0.003000
1.073000 0.050000 0.116600
0.128328 0.066203 0.000338 0.000000
0.000000

0.000000 0.888259 2.846001
0.417895 0.209478 9.536630 52.123955 204.629822
0.000000 0.013224 0.049661 0.000000 0.000000 0.000000
0.000000 0.000000 0.000000
3.166781 1.000000 0.000000
764.299377 0.000000
0.000000 0.000000 0.000000 0.000000
0.000000 0.920744
8 0.020000 1.060000 0.001000
0.486000 0.396000 0.726000 0.501000 1.360000 6.610000 0.785000 0.785000
272000.000000 96.599998 0.003000
1.073000 0.050000 0.116600
0.128333 0.066154 0.000338 0.000000
0.000000

0.000000 0.824855 2.788483
0.416450 0.210688 9.535872 52.111965 204.628906
0.000000 0.010641 0.065668 0.000000 0.000000 0.000000
0.000000 0.000000 0.000000
3.220696 1.000000 0.000000
764.299377 0.000000
0.000000 0.000000 0.000000 0.000000
0.000000 1.094572
8 0.020000 1.080000 0.001000
0.486000 0.396000 0.726000 0.501000 1.360000 6.610000 0.785000 0.785000
272000.000000 96.599998 0.003000
1.073000 0.050000 0.116600
0.128339 0.066389 0.000339 0.000000
0.000000

0.000000 0.767567 2.736490
0.415056 0.211870 9.535330 52.101147 204.628159
0.000000 0.006122 0.062794 0.000000 0.000000 0.000000
0.000000 0.000000 0.000000
3.273830 1.000000 0.000000
764.299377 0.000000
0.000000 0.000000 0.000000 0.000000
0.000000 0.926531
8 0.020000 1.100000 0.001000
0.486000 0.396000 0.726000 0.501000 1.360000 6.610000 0.785000 0.785000
272000.000000 96.599998 0.003000
1.073000 0.050000 0.116600
0.128345 0.066123 0.000338 0.000000
0.000000

0.000000 0.715359 2.689188
0.413704 0.213024 9.534795 52.090569 204.628296
0.000000 0.003272 0.060762 0.000000 0.000000 0.000000
0.000000 0.000000 0.000000
3.326205 1.000000 0.000000
764.299377 0.000000
0.000000 0.000000 0.000000 0.000000
0.000000 0.919744
8 0.020000 1.120000 0.001000
0.486000 0.396000 0.726000 0.501000 1.360000 6.610000 0.785000 0.785000
272000.000000 96.599998 0.003000
1.073000 0.050000 0.116600
0.128347 0.066103 0.000338 0.000000
0.000000

0.000000 0.668061 2.646615
0.412407 0.214157 9.534637 52.082233 204.628021
0.000000 0.001849 0.059700 0.000000 0.000000 0.000000
0.000000 0.000000 0.000000
3.377842 1.000000 0.000000
764.299377 0.000000
0.000000 0.000000 0.000000 0.000000
0.000000 0.995617
8 0.020000 1.140000 0.001000
0.486000 0.396000 0.726000 0.501000 1.360000 6.610000 0.785000 0.785000
272000.000000 96.599998 0.003000
1.073000 0.050000 0.116600
0.128352 0.066315 0.000339 0.000000
0.000000

0.000000 0.541545 2.544755
0.410959 0.215182 9.532910 52.065243 204.627472
0.000000 0.001664 0.079159 0.000000 0.000000 0.000000
0.000000 0.000000 0.000000
3.428760 1.000000 0.000000
764.299377 0.000000
0.000000 0.000000 0.000000 0.000000
0.000000 0.918289
8 0.020000 1.160000 0.001000
0.486000 0.396000 0.726000 0.501000 1.360000 6.610000 0.785000 0.785000
272000.000000 96.599998 0.003000
1.073000 0.050000 0.116600
0.128356 0.066290 0.000339 0.000000
0.000000

0.000000 0.510826 2.516744
0.409791 0.216286 9.533794 52.062733 204.626312
0.000000 0.001758 0.081573 0.000000 0.000000 0.000000
0.000000 0.000000 0.000000
3.478974 1.000000 0.000000
764.299377 0.000000
0.000000 0.000000 0.000000 0.000000
0.000000 0.902400
8 0.020000 1.180000 0.001000
0.486000 0.396000 0.726000 0.501000 1.360000 6.610000 0.785000 0.785000
272000.000000 96.599998 0.003000
1.073000 0.050000 0.116600
0.128362 0.066072 0.000337 0.000000
0.000000

0.000000 0.482519 2.490579
0.408632 0.217350 9.534101 52.057247 204.626511
0.000000 0.002251 0.089447 0.000000 0.000000 0.000000
0.000000 0.000000 0.000000
3.528502 1.000000 0.000000
764.299377 0.000000
0.000000 0.000000 0.000000 0.000000
0.000000 0.886129
8 0.020000 1.200000 0.001000
0.486000 0.396000 0.726000 0.501000 1.360000 6.610000 0.785000 0.785000
272000.000000 96.599998 0.003000
1.073000 0.050000 0.116600
0.128366 0.066039 0.000337 0.000000
0.000000

0.000000 0.457374 2.467854
0.407537 0.218405 9.535139 52.055946 204.625305
0.000000 0.003042 0.100023 0.000000 0.000000 0.000000
0.000000 0.000000 0.000000
3.577355 1.000000 0.000000
764.299377 0.000000
0.000000 0.000000 0.000000 0.000000
0.000000 0.882427
8 0.020000 1.220000 0.001000
0.486000 0.396000 0.726000 0.501000 1.360000 6.610000 0.785000 0.785000
272000.000000 96.599998 0.003000
1.073000 0.050000 0.116600
0.128371 0.066019 0.000337 0.000000
0.000000

0.000000 0.383221 2.405498
0.406325 0.219367 9.534451 52.045284 204.624390
0.000000 0.004061 0.109450 0.000000 0.000000 0.000000
0.000000 0.000000 0.000000
3.625549 1.000000 0.000000
764.299377 0.000000
0.000000 0.000000 0.000000 0.000000
0.000000 0.872973
8 0.020000 1.240000 0.001000
0.486000 0.396000 0.726000 0.501000 1.360000 6.610000 0.785000 0.785000
272000.000000 96.599998 0.003000
1.073000 0.050000 0.116600
0.128375 0.066004 0.000337 0.000000
0.000000

0.000000 0.367236 2.390682
0.405302 0.220376 9.535600 52.044685 204.623566
0.000000 0.005050 0.111404 0.000000 0.000000 0.000000
0.000000 0.000000 0.000000
3.673093 1.000000 0.000000
764.299377 0.000000
0.000000 0.000000 0.000000 0.000000
0.000000 0.853821
8 0.020000 1.260000 0.001000
0.486000 0.396000 0.726000 0.501000 1.360000 6.610000 0.785000 0.785000
272000.000000 96.599998 0.003000
1.073000 0.050000 0.116600
0.128380 0.065959 0.000337 0.000000
0.000000

0.000000 0.352669 2.377674
0.404321 0.221368 9.537060 52.045998 204.622635
0.000000 0.005926 0.112826 0.000000 0.000000 0.000000
0.000000 0.000000 0.000000
3.719999 1.000000 0.000000
764.299377 0.000000
0.000000 0.000000 0.000000 0.000000
0.000000 1.091062
8 0.020000 1.280000 0.001000
0.486000 0.396000 0.726000 0.501000 1.360000 6.610000 0.785000 0.785000
272000.000000 96.599998 0.003000
1.073000 0.050000 0.116600
0.128385 0.067947 0.000347 0.000000
0.000000

0.000000 0.339560 2.365834
0.403362 0.222334 9.538404 52.046684 204.622177
0.000000 0.006575 0.113922 0.000000 0.000000 0.000000
0.000000 0.000000 0.000000
3.766276 1.000000 0.000000
764.299377 0.000000
0.000000 0.000000 0.000000 0.000000
0.000000 0.961825
8 0.020000 1.300000 0.001000
0.486000 0.396000 0.726000 0.501000 1.360000 6.610000 0.785000 0.785000
272000.000000 96.599998 0.003000
1.073000 0.050000 0.116600
0.128388 0.066169 0.000338 0.000000
0.000000

0.000000 0.327580 2.355368
0.402439 0.223281 9.539990 52.048737 204.621872
0.000000 0.006980 0.114901 0.000000 0.000000 0.000000
0.000000 0.000000 0.000000
3.811933 1.000000 0.000000
764.299377 0.000000
0.000000 0.000000 0.000000 0.000000
0.000000 0.970634
8 0.020000 1.320000 0.001000
0.486000 0.396000 0.726000 0.501000 1.360000 6.610000 0.785000 0.785000
272000.000000 96.599998 0.003000
1.073000 0.050000 0.116600
0.128392 0.066418 0.000339 0.000000
0.000000

0.000000 0.288361 2.321277
0.401449 0.224162 9.540370 52.044514 204.620850
0.000000 0.007249 0.117131 0.000000 0.000000 0.000000
0.000000 0.000000 0.000000
3.856976 1.000000 0.000000
764.299377 0.000000
0.000000 0.000000 0.000000 0.000000
0.000000 0.951785
8 0.020000 1.340000 0.001000
0.486000 0.396000 0.726000 0.501000 1.360000 6.610000 0.785000 0.785000
272000.000000 96.599998 0.003000
1.073000 0.050000 0.116600
0.128397 0.066199 0.000338 0.000000
0.000000

0.000000 0.281154 2.314909
0.400575 0.225063 9.541797 52.045925 204.620590
0.000000 0.007383 0.118026 0.000000 0.000000 0.000000
0.000000 0.000000 0.000000
3.901414 1.000000 0.000000
764.299377 0.000000
0.000000 0.000000 0.000000 0.000000
0.000000 0.939154
8 0.020000 1.360000 0.001000
0.486000 0.396000 0.726000 0.501000 1.360000 6.610000 0.785000 0.785000
272000.000000 96.599998 0.003000
1.073000 0.050000 0.116600
0.128401 0.066157 0.000338 0.000000
0.000000

0.000000 0.274745 2.309461
0.399732 0.225946 9.543429 52.048531 204.620438
0.000000 0.007444 0.118627 0.000000 0.000000 0.000000
0.000000 0.000000 0.000000
3.945253 1.000000 0.000000
764.299377 0.000000
0.000000 0.000000 0.000000 0.000000
0.000000 0.938852
8 0.020000 1.380000 0.001000
0.486000 0.396000 0.726000 0.501000 1.360000 6.610000 0.785000 0.785000
272000.000000 96.599998 0.003000
1.073000 0.050000 0.116600
0.128406 0.066144 0.000338 0.000000
0.000000

0.000000 0.268900 2.304626
0.398909 0.226807 9.544987 52.050880 204.621353
0.000000 0.007454 0.119075 0.000000 0.000000 0.000000
0.000000 0.000000 0.000000
3.988497 1.000000 0.000000
764.299377 0.000000
0.000000 0.000000 0.000000 0.000000
0.000000 0.933910
8 0.020000 1.400000 0.001000
0.486000 0.396000 0.726000 0.501000 1.360000 6.610000 0.785000 0.785000
272000.000000 96.599998 0.003000
1.073000 0.050000 0.116600
0.128408 0.066110 0.000338 0.000000
0.000000

0.000000 0.263616 2.300464
0.398117 0.227651 9.546727 52.054279 204.621078
0.000000 0.007425 0.119566 0.000000 0.000000 0.000000
0.000000 0.000000 0.000000
4.031152 1.000000 0.000000
764.299377 0.000000
0.000000 0.000000 0.000000 0.000000
0.000000 0.928009
8 0.020000 1.420000 0.001000
0.486000 0.396000 0.726000 0.501000 1.360000 6.610000 0.785000 0.785000
272000.000000 96.599998 0.003000
1.073000 0.050000 0.116600
0.128412 0.066078 0.000337 0.000000
0.000000

0.000000 0.243328 2.282552
0.397292 0.228449 9.547723 52.053703 204.620178
0.000000 0.007505 0.123221 0.000000 0.000000 0.000000
0.000000 0.000000 0.000000
4.073223 1.000000 0.000000
764.299377 0.000000
0.000000 0.000000 0.000000 0.000000
0.000000 0.970600
8 0.020000 1.440000 0.001000
0.486000 0.396000 0.726000 0.501000 1.360000 6.610000 0.785000 0.785000
272000.000000 96.599998 0.003000
1.073000 0.050000 0.116600
0.128417 0.066139 0.000338 0.000000
0.000000

0.000000 0.240453 2.280567
0.396543 0.229254 9.549441 52.057182 204.620102
0.000000 0.007818 0.130244 0.000000 0.000000 0.000000
0.000000 0.000000 0.000000
4.114712 1.000000 0.000000
764.299377 0.000000
0.000000 0.000000 0.000000 0.000000
0.000000 0.933360
8 0.020000 1.460000 0.001000
0.486000 0.396000 0.726000 0.501000 1.360000 6.610000 0.785000 0.785000
272000.000000 96.599998 0.003000
1.073000 0.050000 0.116600
0.128419 0.066104 0.000338 0.000000
0.000000

0.000000 0.237911 2.279155
0.395823 0.230044 9.551332 52.061707 204.619690
0.000000 0.008218 0.133494 0.000000 0.000000 0.000000
0.000000 0.000000 0.000000
4.155625 1.000000 0.000000
764.299377 0.000000
0.000000 0.000000 0.000000 0.000000
0.000000 0.973860
8 0.020000 1.480000 0.001000
0.486000 0.396000 0.726000 0.501000 1.360000 6.610000 0.785000 0.785000
272000.000000 96.599998 0.003000
1.073000 0.050000 0.116600
0.128425 0.066650 0.000340 0.000000
0.000000

0.000000 0.235482 2.277287
0.395100 0.230802 9.552679 52.063335 204.620880
0.000000 0.008749 0.136840 0.000000 0.000000 0.000000
0.000000 0.000000 0.000000
4.195965 1.000000 0.000000
764.299377 0.000000
0.000000 0.000000 0.000000 0.000000
0.000000 0.953548
8 0.020000 1.500000 0.001000
0.486000 0.396000 0.726000 0.501000 1.360000 6.610000 0.785000 0.785000
272000.000000 96.599998 0.003000
1.073000 0.050000 0.116600
0.128427 0.066224 0.000338 0.000000
0.000000

0.000000 0.233427 2.276145
0.394411 0.231550 9.554378 52.066895 204.620285
0.000000 0.009275 0.138642 0.000000 0.000000 0.000000
0.000000 0.000000 0.000000
4.235735 1.000000 0.000000
764.299377 0.000000
0.000000 0.000000 0.000000 0.000000
0.000000 0.935419
8 0.020000 1.520000 0.001000
0.486000 0.396000 0.726000 0.501000 1.360000 6.610000 0.785000 0.785000
272000.000000 96.599998 0.003000
1.073000 0.050000 0.116600
0.128429 0.066158 0.000338 0.000000
0.000000

0.000000 0.231469 2.274816
0.393727 0.232271 9.555752 52.068771 204.621323
0.000000 0.009675 0.138781 0.000000 0.000000 0.000000
0.000000 0.000000 0.000000
4.274938 1.000000 0.000000
764.299377 0.000000
0.000000 0.000000 0.000000 0.000000
0.000000 0.933331
8 0.020000 1.540000 0.001000
0.486000 0.396000 0.726000 0.501000 1.360000 6.610000 0.785000 0.785000
272000.000000 96.599998 0.003000
1.073000 0.050000 0.116600
0.128432 0.066167 0.000338 0.000000
0.000000

0.000000 0.221916 2.265935
0.393029 0.232958 9.556600 52.067871 204.622116
0.000000 0.010316 0.147428 0.000000 0.000000 0.000000
0.000000 0.000000 0.000000
4.313574 1.000000 0.000000
764.299377 0.000000
0.000000 0.000000 0.000000 0.000000
0.000000 0.926390
8 0.020000 1.560000 0.001000
0.486000 0.396000 0.726000 0.501000 1.360000 6.610000 0.785000 0.785000
272000.000000 96.599998 0.003000
1.073000 0.050000 0.116600
0.128435 0.066135 0.000338 0.000000
0.000000

0.000000 0.221047 2.265669
0.392383 0.233646 9.558002 52.069969 204.623016
0.000000 0.010777 0.148301 0.000000 0.000000 0.000000
0.000000 0.000000 0.000000
4.351648 1.000000 0.000000
764.299377 0.000000
0.000000 0.000000 0.000000 0.000000
0.000000 0.925769
8 0.020000 1.580000 0.001000
0.486000 0.396000 0.726000 0.501000 1.360000 6.610000 0.785000 0.785000
272000.000000 96.599998 0.003000
1.073000 0.050000 0.116600
0.128435 0.066147 0.000338 0.000000
0.000000

0.000000 0.220377 2.266085
0.391774 0.234328 9.559834 52.074600 204.622025
0.000000 0.011205 0.149837 0.000000 0.000000 0.000000
0.000000 0.000000 0.000000
4.389162 1.000000 0.000000
764.299377 0.000000
0.000000 0.000000 0.000000 0.000000
0.000000 0.933150
8 0.020000 1.600000 0.001000
0.486000 0.396000 0.726000 0.501000 1.360000 6.610000 0.785000 0.785000
272000.000000 96.599998 0.003000
1.073000 0.050000 0.116600
0.128440 0.066155 0.000338 0.000000
0.000000

0.000000 0.219683 2.265991
0.391162 0.234981 9.561193 52.076683 204.622849
0.000000 0.011565 0.152023 0.000000 0.000000 0.000000
0.000000 0.000000 0.000000
4.426117 1.000000 0.000000
764.299377 0.000000
0.000000 0.000000 0.000000 0.000000
0.000000 0.980952
8 0.020000 1.620000 0.001000
0.486000 0.396000 0.726000 0.501000 1.360000 6.610000 0.785000 0.785000
272000.000000 96.599998 0.003000
1.073000 0.050000 0.116600
0.128441 0.066700 0.000341 0.000000
0.000000

0.000000 0.219185 2.266597
0.390589 0.235632 9.563074 52.081635 204.622864
0.000000 0.011852 0.154494 0.000000 0.000000 0.000000
0.000000 0.000000 0.000000
4.462515 1.000000 0.000000
764.299377 0.000000
0.000000 0.000000 0.000000 0.000000
0.000000 0.936076
8 0.020000 1.640000 0.001000
0.486000 0.396000 0.726000 0.501000 1.360000 6.610000 0.785000 0.785000
272000.000000 96.599998 0.003000
1.073000 0.050000 0.116600
0.128447 0.066187 0.000338 0.000000
0.000000

0.000000 0.218682 2.267035
0.390023 0.236261 9.564732 52.085491 204.622574
0.000000 0.012039 0.155765 0.000000 0.000000 0.000000
0.000000 0.000000 0.000000
4.498359 1.000000 0.000000
764.299377 0.000000
0.000000 0.000000 0.000000 0.000000
0.000000 0.942455
8 0.020000 1.660000 0.001000
0.486000 0.396000 0.726000 0.501000 1.360000 6.610000 0.785000 0.785000
272000.000000 96.599998 0.003000
1.073000 0.050000 0.116600
0.128447 0.066215 0.000338 0.000000
0.000000

0.000000 0.214126 2.263101
0.389449 0.236862 9.565972 52.087200 204.623123
0.000000 0.012147 0.156537 0.000000 0.000000 0.000000
0.000000 0.000000 0.000000
4.533649 1.000000 0.000000
764.299377 0.000000
0.000000 0.000000 0.000000 0.000000
0.000000 0.933959
8 0.020000 1.680000 0.001000
0.486000 0.396000 0.726000 0.501000 1.360000 6.610000 0.785000 0.785000
272000.000000 96.599998 0.003000
1.073000 0.050000 0.116600
0.128452 0.066188 0.000338 0.000000
0.000000

0.000000 0.214094 2.266571
0.388999 0.237512 9.569688 52.102306 204.620941
0.000000 0.012151 0.156542 0.000000 0.000000 0.000000
0.000000 0.000000 0.000000
4.568390 1.000000 0.000000
764.299377 0.000000
0.000000 0.000000 0.000000 0.000000
0.000000 0.931210
8 0.020000 1.700000 0.001000
0.486000 0.396000 0.726000 0.501000 1.360000 6.610000 0.785000 0.785000
272000.000000 96.599998 0.003000
1.073000 0.050000 0.116600
0.128462 0.066167 0.000338 0.000000
0.000000

0.000000 0.214091 2.267856
0.388491 0.238103 9.571620 52.107819 204.620483
0.000000 0.012043 0.155957 0.000000 0.000000 0.000000
0.000000 0.000000 0.000000
4.602583 1.000000 0.000000
764.299377 0.000000
0.000000 0.000000 0.000000 0.000000
0.000000 0.932565
8 0.020000 1.720000 0.001000
0.486000 0.396000 0.726000 0.501000 1.360000 6.610000 0.785000 0.785000
272000.000000 96.599998 0.003000
1.073000 0.050000 0.116600
0.128466 0.066179 0.000338 0.000000
0.000000

0.000000 0.214191 2.269529
0.388008 0.238686 9.573802 52.114666 204.620331
0.000000 0.011824 0.155153 0.000000 0.000000 0.000000
0.000000 0.000000 0.000000
4.636231 1.000000 0.000000
764.299377 0.000000
0.000000 0.000000 0.000000 0.000000
0.000000 0.931346
8 0.020000 1.740000 0.001000
0.486000 0.396000 0.726000 0.501000 1.360000 6.610000 0.785000 0.785000
272000.000000 96.599998 0.003000
1.073000 0.050000 0.116600
0.128470 0.066182 0.000338 0.000000
0.000000

0.000000 0.214247 2.271227
0.387540 0.239255 9.576026 52.121719 204.619461
0.000000 0.011518 0.154375 0.000000 0.000000 0.000000
0.000000 0.000000 0.000000
4.669336 1.000000 0.000000
764.299377 0.000000
0.000000 0.000000 0.000000 0.000000
0.000000 0.929320
8 0.020000 1.760000 0.001000
0.486000 0.396000 0.726000 0.501000 1.360000 6.610000 0.785000 0.785000
272000.000000 96.599998 0.003000
1.073000 0.050000 0.116600
0.128476 0.066171 0.000338 0.000000
0.000000

0.000000 0.214353 2.273141
0.387093 0.239815 9.578364 52.129704 204.618301
0.000000 0.011151 0.153575 0.000000 0.000000 0.000000
0.000000 0.000000 0.000000
4.701899 1.000000 0.000000
764.299377 0.000000
0.000000 0.000000 0.000000 0.000000
0.000000 0.927625
8 0.020000 1.780000 0.001000
0.486000 0.396000 0.726000 0.501000 1.360000 6.610000 0.785000 0.785000
272000.000000 96.599998 0.003000
1.073000 0.050000 0.116600
0.128482 0.066167 0.000338 0.000000
0.000000

0.000000 0.214448 2.274969
0.386656 0.240358 9.580618 52.137154 204.618408
0.000000 0.010764 0.153010 0.000000 0.000000 0.000000
0.000000 0.000000 0.000000
4.733922 1.000000 0.000000
764.299377 0.000000
0.000000 0.000000 0.000000 0.000000
0.000000 0.924504
8 0.020000 1.800000 0.001000
0.486000 0.396000 0.726000 0.501000 1.360000 6.610000 0.785000 0.785000
272000.000000 96.599998 0.003000
1.073000 0.050000 0.116600
0.128487 0.066151 0.000338 0.000000
0.000000

0.000000 0.213704 2.275819
0.386227 0.240884 9.582754 52.144096 204.618118
0.000000 0.010768 0.161491 0.000000 0.000000 0.000000
0.000000 0.000000 0.000000
4.765409 1.000000 0.000000
764.299377 0.000000
0.000000 0.000000 0.000000 0.000000
0.000000 0.925870
8 0.020000 1.820000 0.001000
0.486000 0.396000 0.726000 0.501000 1.360000 6.610000 0.785000 0.785000
272000.000000 96.599998 0.003000
1.073000 0.050000 0.116600
0.128490 0.066162 0.000338 0.000000
0.000000

0.000000 0.213891 2.277259
0.385800 0.241392 9.584635 52.149525 204.618149
0.000000 0.010804 0.163212 0.000000 0.000000 0.000000
0.000000 0.000000 0.000000
4.796361 1.000000 0.000000
764.299377 0.000000
0.000000 0.000000 0.000000 0.000000
0.000000 0.922655
8 0.020000 1.840000 0.001000
0.486000 0.396000 0.726000 0.501000 1.360000 6.610000 0.785000 0.785000
272000.000000 96.599998 0.003000
1.073000 0.050000 0.116600
0.128496 0.066149 0.000338 0.000000
0.000000

0.000000 0.214100 2.278879
0.385394 0.241890 9.586635 52.155903 204.616867
0.000000 0.010970 0.164908 0.000000 0.000000 0.000000
0.000000 0.000000 0.000000
4.826781 1.000000 0.000000
764.299377 0.000000
0.000000 0.000000 0.000000 0.000000
0.000000 0.919407
8 0.020000 1.860000 0.001000
0.486000 0.396000 0.726000 0.501000 1.360000 6.610000 0.785000 0.785000
272000.000000 96.599998 0.003000
1.073000 0.050000 0.116600
0.128499 0.066134 0.000338 0.000000
0.000000

0.000000 0.214280 2.280284
0.384991 0.242370 9.588434 52.161125 204.616196
0.000000 0.011190 0.166876 0.000000 0.000000 0.000000
0.000000 0.000000 0.000000
4.856672 1.000000 0.000000
764.299377 0.000000
0.000000 0.000000 0.000000 0.000000
0.000000 0.922085
8 0.020000 1.880000 0.001000
0.486000 0.396000 0.726000 0.501000 1.360000 6.610000 0.785000 0.785000
272000.000000 96.599998 0.003000
1.073000 0.050000 0.116600
0.128503 0.066158 0.000338 0.000000
0.000000

0.000000 0.214465 2.281615
0.384600 0.242837 9.590184 52.166222 204.615967
0.000000 0.011362 0.167919 0.000000 0.000000 0.000000
0.000000 0.000000 0.000000
4.886036 1.000000 0.000000
764.299377 0.000000
0.000000 0.000000 0.000000 0.000000
0.000000 0.918321
8 0.020000 1.900000 0.001000
0.486000 0.396000 0.726000 0.501000 1.360000 6.610000 0.785000 0.785000
272000.000000 96.599998 0.003000
1.073000 0.050000 0.116600
0.128508 0.066138 0.000338 0.000000
0.000000

0.000000 0.214653 2.283094
0.384225 0.243295 9.592059 52.171932 204.614975
0.000000 0.011487 0.169300 0.000000 0.000000 0.000000
0.000000 0.000000 0.000000
4.914878 1.000000 0.000000
764.299377 0.000000
0.000000 0.000000 0.000000 0.000000
0.000000 0.916831
8 0.020000 1.920000 0.001000
0.486000 0.396000 0.726000 0.501000 1.360000 6.610000 0.785000 0.785000
272000.000000 96.599998 0.003000
1.073000 0.050000 0.116600
0.128510 0.066134 0.000338 0.000000
0.000000

0.000000 0.214857 2.285209
0.383881 0.243754 9.594417 52.180241 204.614227
0.000000 0.011568 0.170817 0.000000 0.000000 0.000000
0.000000 0.000000 0.000000
4.943200 1.000000 0.000000
764.299377 0.000000
0.000000 0.000000 0.000000 0.000000
0.000000 0.915334
8 0.020000 1.940000 0.001000
0.486000 0.396000 0.726000 0.501000 1.360000 6.610000 0.785000 0.785000
272000.000000 96.599998 0.003000
1.073000 0.050000 0.116600
0.128518 0.066129 0.000338 0.000000
0.000000

0.000000 0.215048 2.288347
0.383582 0.244221 9.597571 52.193096 204.613190
0.000000 0.011754 0.175515 0.000000 0.000000 0.000000
0.000000 0.000000 0.000000
4.971006 1.000000 0.000000
764.299377 0.000000
0.000000 0.000000 0.000000 0.000000
0.000000 0.913797
8 0.020000 1.960000 0.001000
0.486000 0.396000 0.726000 0.501000 1.360000 6.610000 0.785000 0.785000
272000.000000 96.599998 0.003000
1.073000 0.050000 0.116600
0.128525 0.066121 0.000338 0.000000
0.000000

0.000000 0.215240 2.300561
0.383587 0.244864 9.608003 52.245441 204.608276
0.000000 0.011961 0.178382 0.000000 0.000000 0.000000
0.000000 0.000000 0.000000
4.998300 1.000000 0.000000
764.299377 0.000000
0.000000 0.000000 0.000000 0.000000
0.000000 0.910569
8 0.020000 1.980000 0.001000
0.486000 0.396000 0.726000 0.501000 1.360000 6.610000 0.785000 0.785000
272000.000000 96.599998 0.003000
1.073000 0.050000 0.116600
0.128557 0.066081 0.000337 0.000000
0.000000

0.000000 0.215404 2.321319
0.383881 0.245673 9.625348 52.335426 204.600327
0.000000 0.057890 0.224888 0.000000 0.000000 0.000000
0.000000 0.000000 0.000000
5.025085 1.000000 0.000000
764.299377 0.000000
0.000000 0.000000 0.000000 0.000000
0.000000 0.910683
8 0.020000 2.000000 0.001000
0.486000 0.396000 0.726000 0.501000 1.360000 6.610000 0.785000 0.785000
272000.000000 96.599998 0.003000
1.073000 0.050000 0.116600
0.128615 0.066084 0.000337 0.000000
0.000000
1.000000
2.000000
0.000000 0.000000
0.000000
0
-0.820000
0 0
0.000000
1
0.000000
1.000000
1.000000
1.000000
0.000000 0.000000 0.000000
0.000000 0.000000
0.000000 0.000000 0.000000 0.000000 0.000000 0.000000 0.000000
0.000000 0.000000 0.000000 0.000000 0.000000 0.000000 0.000000
0
2.000000
1
C:\DNDC\sites\Ottawa\CEFSoilc.spf
-1.000000 -1.000000
0.000000
41
41
10.000000
108
0.000000
0.000000
257
0.000000
145913.484375
1
