7
Clay_loam
0.314000 0.490000 0.006410 0.726000 0.398000 1.000000 0.000000 0.000000
1.350000 6.610000 1 0.031000 0.500000 0.050000 0.010000 0.240000 0.750000
0.000000 0.020000 2.000000 270000.000000 96.599998 100
0.233300 1.944000 3.025300 0.000000 1
10.000000 10.000000 10.000000 5.000000 25.000000 100.000000
0.000000 0.000000 0.011765 0.000000 0.000000 0.000000
500.000000 0.000000 0.000000

0.186234 39.101162 553.697021
16.279716 2.183370 174.600815 1568.850464 5507.222168
0.000000 5.570910 0.384440 1.010348 0.000000 0.000000
0.000097 0.006123 0.003390
-0.415070 0.261272 31.317236
764.299377 0.000000
0.000000 0.000000 0.000000 0.000000
0.000000 28.667650
7 0.020000 0.020000 0.031000
0.490000 0.314000 0.726000 0.398000 1.350000 6.610000 0.726000 0.726000
270000.000000 96.599998 0.006410
1.073000 0.050000 0.116600
22.867479 4.673540 0.006467 0.000000
0.000000

0.191871 40.557339 554.947998
16.550236 2.113659 176.857285 1568.035278 5506.331543
0.000000 1.298530 0.470815 0.505174 0.000000 0.000000
0.000020 0.005524 0.000000
-0.300454 0.310790 40.690620
764.299377 0.000000
0.000000 0.000000 0.000000 0.000000
0.000000 16.514025
7 0.020000 0.040000 0.031000
0.490000 0.314000 0.726000 0.398000 1.350000 6.610000 0.726000 0.726000
270000.000000 96.599998 0.006410
1.073000 0.050000 0.116600
22.879311 4.637443 0.007626 0.000000
0.000000

0.197325 42.132324 556.562622
16.799145 2.083691 179.076981 1567.140625 5505.460449
0.000000 1.416505 0.495533 0.252587 0.000000 0.000000
0.000012 0.000003 0.000000
-0.223804 0.370502 34.838840
764.299377 0.000000
0.000000 0.000000 0.000000 0.000000
0.000000 18.023693
7 0.020000 0.060000 0.031000
0.490000 0.314000 0.726000 0.398000 1.350000 6.610000 0.726000 0.726000
270000.000000 96.599998 0.006410
1.073000 0.050000 0.116600
22.890879 4.628300 0.009063 0.000000
0.000000

0.201415 43.310894 557.771301
16.856026 2.030527 180.694260 1566.607422 5504.833496
0.000000 1.284425 0.523454 0.126294 0.000000 0.000000
0.000006 0.000002 0.000000
-0.157446 0.487316 23.391056
764.299377 0.000000
0.000000 0.000000 0.000000 0.000000
0.000000 16.616289
7 0.020000 0.080000 0.031000
0.490000 0.314000 0.726000 0.398000 1.350000 6.610000 0.726000 0.726000
270000.000000 96.599998 0.006410
1.073000 0.050000 0.116600
22.899139 4.611311 0.011854 0.000000
0.000000

0.202508 43.585884 558.140137
16.900145 1.979668 181.149612 1566.486084 5504.664551
0.000000 1.192505 0.541197 0.063147 0.000000 0.000000
0.000002 0.000002 0.000000
-0.111206 0.726000 0.000000
764.299377 0.000000
0.000000 0.000000 0.000000 0.000000
0.000000 15.596784
7 0.020000 0.100000 0.025000
0.490000 0.314000 0.726000 0.398000 1.350000 6.610000 0.726000 0.726000
270000.000000 96.599998 0.006410
1.073000 0.050000 0.116600
22.901428 4.596185 0.017561 0.000000
0.000000

0.204706 44.249287 563.396667
17.119005 1.962609 182.001816 1565.635132 5504.304688
0.000000 1.147599 0.521149 0.031573 0.000000 0.000000
0.000001 0.000001 0.000000
0.053104 0.726000 0.000000
764.299377 0.000000
0.000000 0.000000 0.000000 0.000000
0.000000 15.411819
7 0.020000 0.120000 0.025000
0.490000 0.314000 0.726000 0.398000 1.350000 6.610000 0.726000 0.726000
270000.000000 96.599998 0.006410
1.073000 0.050000 0.116600
22.906088 4.585879 0.017719 0.000000
0.000000

0.205963 44.618923 563.670227
17.327875 1.952450 182.520615 1565.305664 5504.094727
0.000000 1.090495 0.526978 0.015787 0.000000 0.000000
0.000001 0.000001 0.000000
0.137167 0.726000 0.000000
764.299377 0.000000
0.000000 0.000000 0.000000 0.000000
0.000000 14.841723
7 0.020000 0.140000 0.025000
0.490000 0.314000 0.726000 0.398000 1.350000 6.610000 0.726000 0.726000
270000.000000 96.599998 0.006410
1.073000 0.050000 0.116600
22.908800 4.578560 0.017695 0.000000
0.000000

0.206862 48.090870 563.863403
17.389893 2.000845 182.793503 1563.966919 5503.925781
0.000000 1.044681 0.544469 0.007893 0.000000 0.000000
0.000001 0.000000 0.000000
0.221381 0.726000 0.000000
764.299377 0.000000
0.000000 0.000000 0.000000 0.000000
0.000000 14.469934
7 0.020000 0.160000 0.025000
0.490000 0.314000 0.726000 0.398000 1.350000 6.610000 0.726000 0.726000
270000.000000 96.599998 0.006410
1.073000 0.050000 0.116600
22.910875 4.564967 0.017642 0.000000
0.000000

0.212654 49.894855 565.102356
17.378975 2.059302 185.049530 1563.165649 5503.048828
0.000000 1.009525 0.551243 0.003947 0.000000 0.000000
0.000000 0.000000 0.000000
0.305725 0.726000 0.000000
764.299377 0.000000
0.000000 0.000000 0.000000 0.000000
0.000000 13.684668
7 0.020000 0.180000 0.020000
0.490000 0.314000 0.726000 0.398000 1.350000 6.610000 0.726000 0.726000
270000.000000 96.599998 0.006410
1.073000 0.050000 0.116600
22.922243 4.540778 0.017546 0.000000
0.000000

0.213436 50.132484 565.266968
17.335012 2.113029 185.341888 1563.055420 5502.926270
0.000000 1.647292 0.580083 0.001973 0.000000 0.000000
0.000000 0.000000 0.000000
0.390175 0.726000 0.000000
764.299377 0.000000
0.000000 0.000000 0.000000 0.000000
0.000000 18.527065
7 0.020000 0.200000 0.020000
0.490000 0.314000 0.726000 0.398000 1.350000 6.610000 0.726000 0.726000
270000.000000 96.599998 0.006410
1.073000 0.050000 0.116600
22.923706 4.685852 0.018121 0.000000
0.000000

0.278794 75.938492 577.425110
16.111355 2.020720 212.938873 1554.160645 5492.315430
0.000000 2.268422 0.512189 0.000987 0.000000 0.000000
0.000000 0.000000 0.000000
0.474704 0.726000 0.000000
764.299377 0.000000
0.000000 0.000000 0.000000 0.000000
0.000000 18.945398
7 0.020000 0.220000 0.020000
0.490000 0.314000 0.726000 0.398000 1.350000 6.610000 0.726000 0.726000
270000.000000 96.599998 0.006410
1.073000 0.050000 0.116600
23.052839 4.616488 0.017817 0.000000
0.000000

0.000000 28.719238 186.671234
9.217479 1.187755 148.021683 871.409790 4093.684570
0.000000 1.986382 0.392844 0.000493 0.000000 0.000000
0.000000 0.000000 0.000000
0.559280 0.726000 0.000000
764.299377 0.000000
0.000000 0.000000 0.000000 0.000000
0.000000 14.127917
7 0.020000 0.240000 0.020000
0.490000 0.314000 0.726000 0.398000 1.350000 6.610000 0.726000 0.726000
270000.000000 96.599998 0.006410
1.073000 0.050000 0.116600
2.392200 2.377581 0.009064 0.000000
0.000000

0.000000 26.022713 170.305557
9.147223 1.208969 147.614853 868.217224 4093.512695
0.000000 1.124569 0.358157 0.000247 0.000000 0.000000
0.000000 0.000000 0.000000
0.642121 0.793825 0.000000
764.299377 0.000000
0.000000 0.000000 0.000000 0.000000
0.000000 7.202896
7 0.020000 0.260000 0.020000
0.490000 0.314000 0.726000 0.398000 1.350000 6.610000 0.726000 0.726000
270000.000000 96.599998 0.006410
1.073000 0.050000 0.116600
2.394360 1.613386 0.006698 0.000000
0.000000

0.000000 27.647850 163.877182
8.495178 1.148491 140.367050 810.192139 3680.278320
0.000000 3.500108 0.551055 0.000123 0.000000 0.000000
0.000000 0.000000 0.000000
0.718818 1.000000 0.000000
764.299377 0.000000
0.000000 0.000000 0.000000 0.000000
0.000000 17.875650
7 0.020000 0.280000 0.018000
0.490000 0.314000 0.726000 0.398000 1.350000 6.610000 0.726000 0.726000
270000.000000 96.599998 0.000070
1.073000 0.050000 0.116600
2.179090 2.296661 0.012055 0.000000
0.000000

0.000000 26.250288 152.297592
8.519979 1.175914 141.591690 814.350464 3678.869873
0.000000 5.014772 0.576380 0.000062 0.000000 0.000000
0.000000 0.000000 0.000000
0.791551 0.995719 0.000000
764.299377 0.000000
0.000000 0.000000 0.000000 0.000000
0.000000 10.738883
7 0.020000 0.300000 0.018000
0.490000 0.314000 0.726000 0.398000 1.350000 6.610000 0.726000 0.726000
270000.000000 96.599998 0.000070
1.073000 0.050000 0.116600
2.186271 1.443460 0.007510 0.000000
0.000000

0.000000 23.610744 138.858597
8.442674 1.188772 140.543381 809.034851 3678.954834
0.000000 6.052258 0.550375 0.000031 0.000000 0.000000
0.000000 0.000000 0.000000
0.864347 0.991120 0.000000
764.299377 0.000000
0.000000 0.000000 0.000000 0.000000
0.000000 6.280121
7 0.020000 0.320000 0.018000
0.490000 0.314000 0.726000 0.398000 1.350000 6.610000 0.726000 0.726000
270000.000000 96.599998 0.000070
1.073000 0.050000 0.116600
2.185424 1.315968 0.006810 0.000000
0.000000

0.000000 22.150942 127.126938
7.593688 1.090211 127.511360 728.074707 3212.906982
0.000000 5.709210 0.481873 0.000015 0.000000 0.000000
0.000000 0.000000 0.000000
0.937761 0.967848 0.000000
764.299377 0.000000
0.000000 0.000000 0.000000 0.000000
0.000000 4.602212
8 0.020000 0.340000 0.015500
0.483000 0.377000 0.726000 0.484000 1.370000 6.610000 0.770000 0.770000
274000.000000 96.599998 0.000070
1.073000 0.050000 0.116600
1.924346 1.149092 0.005635 0.000000
0.000000

0.000000 19.954412 116.092628
7.538298 1.103127 126.635818 724.151062 3212.980469
0.000000 4.435420 0.439959 0.000008 0.000000 0.000000
0.000000 0.000000 0.000000
1.012419 0.928432 0.000000
764.299377 0.000000
0.000000 0.000000 0.000000 0.000000
0.000000 4.384221
8 0.020000 0.360000 0.015500
0.483000 0.377000 0.726000 0.484000 1.370000 6.610000 0.770000 0.770000
274000.000000 96.599998 0.000070
1.073000 0.050000 0.116600
1.923862 1.116093 0.005250 0.000000
0.000000

0.000000 17.961992 106.090508
7.481223 1.115512 125.826859 720.370117 3213.114502
0.000000 3.059141 0.405737 0.000004 0.000000 0.000000
0.000000 0.000000 0.000000
1.088205 0.898455 0.000000
764.299377 0.000000
0.000000 0.000000 0.000000 0.000000
0.000000 4.562550
8 0.020000 0.380000 0.015500
0.483000 0.377000 0.726000 0.484000 1.370000 6.610000 0.770000 0.770000
274000.000000 96.599998 0.000070
1.073000 0.050000 0.116600
1.923267 1.108413 0.005045 0.000000
0.000000

0.000000 16.129400 96.998703
7.422942 1.127277 125.049919 716.785706 3213.200684
0.000000 2.061442 0.384849 0.000002 0.000000 0.000000
0.000000 0.000000 0.000000
1.164489 0.890942 0.000000
764.299377 0.000000
0.000000 0.000000 0.000000 0.000000
0.000000 4.783859
8 0.020000 0.400000 0.015500
0.483000 0.377000 0.726000 0.484000 1.370000 6.610000 0.770000 0.770000
274000.000000 96.599998 0.000070
1.073000 0.050000 0.116600
1.922630 1.107880 0.005000 0.000000
0.000000

0.000000 14.582738 88.988457
7.374164 1.139870 124.532463 714.104858 3213.271484
0.000000 1.500351 0.373000 0.000001 0.000000 0.000000
0.000000 0.000000 0.000000
1.240515 0.896930 0.000000
764.299377 0.000000
0.000000 0.000000 0.000000 0.000000
0.000000 4.954708
8 0.020000 0.420000 0.015500
0.483000 0.377000 0.726000 0.484000 1.370000 6.610000 0.770000 0.770000
274000.000000 96.599998 0.000070
1.073000 0.050000 0.116600
1.922526 1.107623 0.005033 0.000000
0.000000

0.000000 13.179615 81.715462
7.327672 1.152144 124.022514 711.628784 3213.383789
0.000000 1.231591 0.367143 0.000000 0.000000 0.000000
0.000000 0.000000 0.000000
1.315884 0.907156 0.000000
764.299377 0.000000
0.000000 0.000000 0.000000 0.000000
0.000000 5.095771
8 0.020000 0.440000 0.015500
0.483000 0.377000 0.726000 0.484000 1.370000 6.610000 0.770000 0.770000
274000.000000 96.599998 0.000070
1.073000 0.050000 0.116600
1.922370 1.108422 0.005094 0.000000
0.000000

0.000000 11.939987 75.216545
7.287296 1.164710 123.667007 709.594116 3213.437500
0.000000 1.087906 0.364231 0.000000 0.000000 0.000000
0.000000 0.000000 0.000000
1.390472 0.917641 0.000000
764.299377 0.000000
0.000000 0.000000 0.000000 0.000000
0.000000 5.198171
8 0.020000 0.460000 0.015500
0.483000 0.377000 0.726000 0.484000 1.370000 6.610000 0.770000 0.770000
274000.000000 96.599998 0.000070
1.073000 0.050000 0.116600
1.922426 1.105537 0.005139 0.000000
0.000000

0.000000 10.798550 69.307045
7.249825 1.177109 123.307388 707.792419 3213.507324
0.000000 0.991719 0.360939 0.000000 0.000000 0.000000
0.000000 0.000000 0.000000
1.464257 0.927140 0.000000
764.299377 0.000000
0.000000 0.000000 0.000000 0.000000
0.000000 5.295379
8 0.020000 0.480000 0.015500
0.483000 0.377000 0.726000 0.484000 1.370000 6.610000 0.770000 0.770000
274000.000000 96.599998 0.000070
1.073000 0.050000 0.116600
1.922469 1.105090 0.005190 0.000000
0.000000

0.000000 9.796435 64.035027
7.217958 1.189825 123.073280 706.403320 3213.570557
0.000000 0.906872 0.354453 0.000000 0.000000 0.000000
0.000000 0.000000 0.000000
1.537250 0.935388 0.000000
764.299377 0.000000
0.000000 0.000000 0.000000 0.000000
0.000000 5.371882
8 0.020000 0.500000 0.015500
0.483000 0.377000 0.726000 0.484000 1.370000 6.610000 0.770000 0.770000
274000.000000 96.599998 0.000070
1.073000 0.050000 0.116600
1.922727 1.104568 0.005234 0.000000
0.000000

0.000000 8.876305 59.250889
7.188856 1.202446 122.855499 705.224304 3213.607422
0.000000 0.937322 0.363176 0.000000 0.000000 0.000000
0.000000 0.000000 0.000000
1.609461 0.942420 0.000000
764.299377 0.000000
0.000000 0.000000 0.000000 0.000000
0.000000 5.443392
8 0.020000 0.520000 0.015500
0.483000 0.377000 0.726000 0.484000 1.370000 6.610000 0.770000 0.770000
274000.000000 96.599998 0.000070
1.073000 0.050000 0.116600
1.922972 1.104194 0.005271 0.000000
0.000000

0.000000 6.648020 44.860558
3.629308 0.615897 61.056694 356.428253 1661.466309
0.000000 1.854114 0.248101 0.000000 0.000000 0.000000
0.000000 0.000000 0.000000
1.684409 0.770000 0.000000
764.299377 0.000000
0.000000 0.000000 0.000000 0.000000
0.000000 4.859476
8 0.020000 0.540000 0.008000
0.483000 0.377000 0.726000 0.484000 1.370000 6.610000 0.770000 0.770000
274000.000000 96.599998 0.002410
1.073000 0.050000 0.116600
0.981882 0.673081 0.002620 0.000000
0.000000

0.000000 6.093702 41.334831
3.615754 0.622882 61.061275 355.918152 1661.352905
0.000000 1.120843 0.242874 0.000000 0.000000 0.000000
0.000000 0.000000 0.000000
1.762559 0.770000 0.000000
764.299377 0.000000
0.000000 0.000000 0.000000 0.000000
0.000000 4.570302
8 0.020000 0.560000 0.008000
0.483000 0.377000 0.726000 0.484000 1.370000 6.610000 0.770000 0.770000
274000.000000 96.599998 0.002410
1.073000 0.050000 0.116600
0.982577 0.603019 0.002346 0.000000
0.000000

0.000000 5.625955 38.224361
3.605871 0.630289 61.163277 355.695068 1661.190430
0.000000 0.768524 0.232412 0.000000 0.000000 0.000000
0.000000 0.000000 0.000000
1.840139 0.770000 0.000000
764.299377 0.000000
0.000000 0.000000 0.000000 0.000000
0.000000 4.358389
8 0.020000 0.580000 0.008000
0.483000 0.377000 0.726000 0.484000 1.370000 6.610000 0.770000 0.770000
274000.000000 96.599998 0.002410
1.073000 0.050000 0.116600
0.983427 0.589513 0.002293 0.000000
0.000000

0.000000 5.180581 35.385025
3.598436 0.637935 61.241982 355.752716 1661.004150
0.000000 0.682796 0.234722 0.000000 0.000000 0.000000
0.000000 0.000000 0.000000
1.917115 0.770000 0.000000
764.299377 0.000000
0.000000 0.000000 0.000000 0.000000
0.000000 4.300593
8 0.020000 0.600000 0.008000
0.483000 0.377000 0.726000 0.484000 1.370000 6.610000 0.770000 0.770000
274000.000000 96.599998 0.002410
1.073000 0.050000 0.116600
0.984326 0.585958 0.002279 0.000000
0.000000

0.000000 4.755390 32.779125
3.591348 0.645464 61.279236 355.867737 1660.851318
0.000000 0.684819 0.229553 0.000000 0.000000 0.000000
0.000000 0.000000 0.000000
1.993456 0.770000 0.000000
764.299377 0.000000
0.000000 0.000000 0.000000 0.000000
0.000000 4.312335
8 0.020000 0.620000 0.008000
0.483000 0.377000 0.726000 0.484000 1.370000 6.610000 0.770000 0.770000
274000.000000 96.599998 0.002410
1.073000 0.050000 0.116600
0.985145 0.583924 0.002271 0.000000
0.000000

0.000000 4.375063 30.446079
3.586147 0.653158 61.403812 356.085846 1660.712769
0.000000 0.628368 0.233538 0.000000 0.000000 0.000000
0.000000 0.000000 0.000000
2.069133 0.770000 0.000000
764.299377 0.000000
0.000000 0.000000 0.000000 0.000000
0.000000 4.300898
8 0.020000 0.640000 0.008000
0.483000 0.377000 0.726000 0.484000 1.370000 6.610000 0.770000 0.770000
274000.000000 96.599998 0.002410
1.073000 0.050000 0.116600
0.986013 0.580855 0.002259 0.000000
0.000000

0.000000 4.024235 28.336281
3.582244 0.660927 61.535599 356.423767 1660.550049
0.000000 0.601527 0.235775 0.000000 0.000000 0.000000
0.000000 0.000000 0.000000
2.144119 0.770000 0.000000
764.299377 0.000000
0.000000 0.000000 0.000000 0.000000
0.000000 4.230282
8 0.020000 0.660000 0.008000
0.483000 0.377000 0.726000 0.484000 1.370000 6.610000 0.770000 0.770000
274000.000000 96.599998 0.002410
1.073000 0.050000 0.116600
0.986889 0.579379 0.002254 0.000000
0.000000

0.000000 3.720873 26.496140
3.583260 0.669459 61.758595 357.219696 1660.345947
0.000000 0.654125 0.241942 0.000000 0.000000 0.000000
0.000000 0.000000 0.000000
2.218389 0.770000 0.000000
764.299377 0.000000
0.000000 0.000000 0.000000 0.000000
0.000000 4.199437
8 0.020000 0.680000 0.008000
0.483000 0.377000 0.726000 0.484000 1.370000 6.610000 0.770000 0.770000
274000.000000 96.599998 0.002410
1.073000 0.050000 0.116600
0.988029 0.583588 0.002270 0.000000
0.000000

0.000000 3.445922 24.859627
3.586713 0.678321 62.071888 358.189697 1660.087891
0.000000 1.076700 0.256838 0.000000 0.000000 0.000000
0.000000 0.000000 0.000000
2.291919 0.770000 0.000000
764.299377 0.000000
0.000000 0.000000 0.000000 0.000000
0.000000 4.195430
8 0.020000 0.700000 0.008000
0.483000 0.377000 0.726000 0.484000 1.370000 6.610000 0.770000 0.770000
274000.000000 96.599998 0.002410
1.073000 0.050000 0.116600
0.989281 0.580257 0.002257 0.000000
0.000000

0.000000 3.216835 23.457026
3.592730 0.687406 62.521645 359.480164 1659.806519
0.000000 1.330578 0.268209 0.000000 0.000000 0.000000
0.000000 0.000000 0.000000
2.363077 0.846638 0.000000
764.299377 0.000000
0.000000 0.000000 0.000000 0.000000
0.000000 4.560516
8 0.020000 0.720000 0.008000
0.483000 0.377000 0.726000 0.484000 1.370000 6.610000 0.770000 0.770000
274000.000000 96.599998 0.002410
1.073000 0.050000 0.116600
0.990750 0.581144 0.002486 0.000000
0.000000

0.000000 3.083618 19.886280
2.274189 0.439783 39.978321 228.096420 1029.429688
0.000000 1.705490 0.190623 0.000000 0.000000 0.000000
0.000000 0.000000 0.000000
2.429062 1.000000 0.000000
764.299377 0.000000
0.000000 0.000000 0.000000 0.000000
0.000000 3.531734
8 0.020000 0.740000 0.005000
0.486000 0.396000 0.726000 0.501000 1.360000 6.610000 0.785000 0.785000
272000.000000 96.599998 0.003000
1.073000 0.050000 0.116600
0.617296 0.374185 0.001914 0.000000
0.000000

0.000000 2.900047 18.742956
2.281895 0.445635 40.339912 229.095535 1029.128418
0.000000 2.117657 0.193518 0.000000 0.000000 0.000000
0.000000 0.000000 0.000000
2.491583 1.000000 0.000000
764.299377 0.000000
0.000000 0.000000 0.000000 0.000000
0.000000 3.255511
8 0.020000 0.760000 0.005000
0.486000 0.396000 0.726000 0.501000 1.360000 6.610000 0.785000 0.785000
272000.000000 96.599998 0.003000
1.073000 0.050000 0.116600
0.618446 0.361320 0.001848 0.000000
0.000000

0.000000 2.717036 17.698679
2.289729 0.451454 40.703114 230.100906 1028.894897
0.000000 2.123103 0.195733 0.000000 0.000000 0.000000
0.000000 0.000000 0.000000
2.553232 1.000000 0.000000
764.299377 0.000000
0.000000 0.000000 0.000000 0.000000
0.000000 3.162931
8 0.020000 0.780000 0.005000
0.486000 0.396000 0.726000 0.501000 1.360000 6.610000 0.785000 0.785000
272000.000000 96.599998 0.003000
1.073000 0.050000 0.116600
0.619551 0.360511 0.001844 0.000000
0.000000

0.000000 2.384191 16.541056
2.299419 0.457586 41.040180 231.355972 1028.577637
0.000000 1.795414 0.196917 0.000000 0.000000 0.000000
0.000000 0.000000 0.000000
2.613998 1.000000 0.000000
764.299377 0.000000
0.000000 0.000000 0.000000 0.000000
0.000000 3.056576
8 0.020000 0.800000 0.005000
0.486000 0.396000 0.726000 0.501000 1.360000 6.610000 0.785000 0.785000
272000.000000 96.599998 0.003000
1.073000 0.050000 0.116600
0.620870 0.356445 0.001823 0.000000
0.000000

0.000000 1.673284 13.058972
2.314314 0.464726 41.466156 233.182999 1028.236206
0.000000 1.335037 0.235732 0.000000 0.000000 0.000000
0.000000 0.000000 0.000000
2.673871 1.000000 0.000000
764.299377 0.000000
0.000000 0.000000 0.000000 0.000000
0.000000 3.050270
8 0.020000 0.820000 0.005000
0.486000 0.396000 0.726000 0.501000 1.360000 6.610000 0.785000 0.785000
272000.000000 96.599998 0.003000
1.073000 0.050000 0.116600
0.622396 0.352614 0.001803 0.000000
0.000000

0.000000 1.594492 12.654065
2.327283 0.471426 41.805706 234.795837 1027.953369
0.000000 0.958242 0.232528 0.000000 0.000000 0.000000
0.000000 0.000000 0.000000
2.732843 1.000000 0.000000
764.299377 0.000000
0.000000 0.000000 0.000000 0.000000
0.000000 2.986695
8 0.020000 0.840000 0.005000
0.486000 0.396000 0.726000 0.501000 1.360000 6.610000 0.785000 0.785000
272000.000000 96.599998 0.003000
1.073000 0.050000 0.116600
0.623707 0.350530 0.001793 0.000000
0.000000

0.000000 1.369022 12.021240
2.335072 0.477033 42.055302 235.887741 1027.716309
0.000000 0.747836 0.230065 0.000000 0.000000 0.000000
0.000000 0.000000 0.000000
2.790910 1.000000 0.000000
764.299377 0.000000
0.000000 0.000000 0.000000 0.000000
0.000000 2.939658
8 0.020000 0.860000 0.005000
0.486000 0.396000 0.726000 0.501000 1.360000 6.610000 0.785000 0.785000
272000.000000 96.599998 0.003000
1.073000 0.050000 0.116600
0.624745 0.350352 0.001792 0.000000
0.000000

0.000000 1.291782 11.635942
2.341004 0.482200 42.265701 236.781845 1027.571045
0.000000 0.672061 0.230080 0.000000 0.000000 0.000000
0.000000 0.000000 0.000000
2.848067 1.000000 0.000000
764.299377 0.000000
0.000000 0.000000 0.000000 0.000000
0.000000 2.912090
8 0.020000 0.880000 0.005000
0.486000 0.396000 0.726000 0.501000 1.360000 6.610000 0.785000 0.785000
272000.000000 96.599998 0.003000
1.073000 0.050000 0.116600
0.625510 0.347151 0.001775 0.000000
0.000000

0.000000 1.215370 11.283072
2.346323 0.487179 42.478546 237.593872 1027.430298
0.000000 0.662195 0.231707 0.000000 0.000000 0.000000
0.000000 0.000000 0.000000
2.904312 1.000000 0.000000
764.299377 0.000000
0.000000 0.000000 0.000000 0.000000
0.000000 2.904316
8 0.020000 0.900000 0.005000
0.486000 0.396000 0.726000 0.501000 1.360000 6.610000 0.785000 0.785000
272000.000000 96.599998 0.003000
1.073000 0.050000 0.116600
0.626217 0.346552 0.001772 0.000000
0.000000

0.000000 0.880403 10.105826
2.354350 0.492670 42.815636 238.622147 1027.193359
0.000000 0.648445 0.233021 0.000000 0.000000 0.000000
0.000000 0.000000 0.000000
2.959646 1.000000 0.000000
764.299377 0.000000
0.000000 0.000000 0.000000 0.000000
0.000000 2.822364
8 0.020000 0.920000 0.005000
0.486000 0.396000 0.726000 0.501000 1.360000 6.610000 0.785000 0.785000
272000.000000 96.599998 0.003000
1.073000 0.050000 0.116600
0.627198 0.347565 0.001778 0.000000
0.000000

0.000000 0.850793 4.893836
0.484295 0.102092 8.821483 49.077427 205.408768
0.000000 0.718092 0.124079 0.000000 0.000000 0.000000
0.000000 0.000000 0.000000
3.014070 1.000000 0.000000
764.299377 0.000000
0.000000 0.000000 0.000000 0.000000
0.000000 1.374761
8 0.020000 0.940000 0.001000
0.486000 0.396000 0.726000 0.501000 1.360000 6.610000 0.785000 0.785000
272000.000000 96.599998 0.003000
1.073000 0.050000 0.116600
0.125651 0.075875 0.000388 0.000000
0.000000

0.000000 0.833053 4.665208
0.485774 0.103160 8.877966 49.276093 205.357590
0.000000 0.601711 0.125819 0.000000 0.000000 0.000000
0.000000 0.000000 0.000000
3.067588 1.000000 0.000000
764.299377 0.000000
0.000000 0.000000 0.000000 0.000000
0.000000 1.256181
8 0.020000 0.960000 0.001000
0.486000 0.396000 0.726000 0.501000 1.360000 6.610000 0.785000 0.785000
272000.000000 96.599998 0.003000
1.073000 0.050000 0.116600
0.125883 0.070533 0.000360 0.000000
0.000000

0.000000 0.847130 4.504306
0.488320 0.104446 8.973624 49.560184 205.285553
0.000000 0.413936 0.142448 0.000000 0.000000 0.000000
0.000000 0.000000 0.000000
3.120205 1.000000 0.000000
764.299377 0.000000
0.000000 0.000000 0.000000 0.000000
0.000000 1.133675
8 0.020000 0.980000 0.001000
0.486000 0.396000 0.726000 0.501000 1.360000 6.610000 0.785000 0.785000
272000.000000 96.599998 0.003000
1.073000 0.050000 0.116600
0.126185 0.068734 0.000351 0.000000
0.000000

0.000000 0.821218 4.318707
0.492607 0.106100 9.143258 49.980927 205.183884
0.000000 0.267096 0.131036 0.000000 0.000000 0.000000
0.000000 0.000000 0.000000
3.171926 1.000000 0.000000
764.299377 0.000000
0.000000 0.000000 0.000000 0.000000
0.000000 1.030446
8 0.020000 1.000000 0.001000
0.486000 0.396000 0.726000 0.501000 1.360000 6.610000 0.785000 0.785000
272000.000000 96.599998 0.003000
1.073000 0.050000 0.116600
0.126649 0.068186 0.000348 0.000000
0.000000

0.000000 0.776038 4.118366
0.493331 0.106981 9.170179 50.117008 205.152740
0.000000 0.184272 0.125899 0.000000 0.000000 0.000000
0.000000 0.000000 0.000000
3.222759 1.000000 0.000000
764.299377 0.000000
0.000000 0.000000 0.000000 0.000000
0.000000 1.001927
8 0.020000 1.020000 0.001000
0.486000 0.396000 0.726000 0.501000 1.360000 6.610000 0.785000 0.785000
272000.000000 96.599998 0.003000
1.073000 0.050000 0.116600
0.126785 0.067777 0.000346 0.000000
0.000000

0.000000 0.733065 3.921013
0.493074 0.107635 9.178069 50.152519 205.134491
0.000000 0.140123 0.120963 0.000000 0.000000 0.000000
0.000000 0.000000 0.000000
3.272712 1.000000 0.000000
764.299377 0.000000
0.000000 0.000000 0.000000 0.000000
0.000000 0.989700
8 0.020000 1.040000 0.001000
0.486000 0.396000 0.726000 0.501000 1.360000 6.610000 0.785000 0.785000
272000.000000 96.599998 0.003000
1.073000 0.050000 0.116600
0.126850 0.067673 0.000346 0.000000
0.000000

0.000000 0.617926 3.636032
0.491580 0.108005 9.162857 50.065311 205.130920
0.000000 0.111424 0.116140 0.000000 0.000000 0.000000
0.000000 0.000000 0.000000
3.321793 1.000000 0.000000
764.299377 0.000000
0.000000 0.000000 0.000000 0.000000
0.000000 0.981236
8 0.020000 1.060000 0.001000
0.486000 0.396000 0.726000 0.501000 1.360000 6.610000 0.785000 0.785000
272000.000000 96.599998 0.003000
1.073000 0.050000 0.116600
0.126862 0.067604 0.000345 0.000000
0.000000

0.000000 0.572379 3.461941
0.490738 0.108499 9.159503 50.038311 205.128937
0.000000 0.087984 0.111002 0.000000 0.000000 0.000000
0.000000 0.000000 0.000000
3.370014 1.000000 0.000000
764.299377 0.000000
0.000000 0.000000 0.000000 0.000000
0.000000 1.033367
8 0.020000 1.080000 0.001000
0.486000 0.396000 0.726000 0.501000 1.360000 6.610000 0.785000 0.785000
272000.000000 96.599998 0.003000
1.073000 0.050000 0.116600
0.126875 0.067881 0.000347 0.000000
0.000000

0.000000 0.530736 3.303904
0.489926 0.108986 9.156665 50.012615 205.128464
0.000000 0.067624 0.105438 0.000000 0.000000 0.000000
0.000000 0.000000 0.000000
3.417385 1.000000 0.000000
764.299377 0.000000
0.000000 0.000000 0.000000 0.000000
0.000000 1.009521
8 0.020000 1.100000 0.001000
0.486000 0.396000 0.726000 0.501000 1.360000 6.610000 0.785000 0.785000
272000.000000 96.599998 0.003000
1.073000 0.050000 0.116600
0.126886 0.067575 0.000345 0.000000
0.000000

0.000000 0.492961 3.160968
0.489161 0.109468 9.153771 49.990784 205.128632
0.000000 0.050661 0.099880 0.000000 0.000000 0.000000
0.000000 0.000000 0.000000
3.463917 1.000000 0.000000
764.299377 0.000000
0.000000 0.000000 0.000000 0.000000
0.000000 0.987657
8 0.020000 1.120000 0.001000
0.486000 0.396000 0.726000 0.501000 1.360000 6.610000 0.785000 0.785000
272000.000000 96.599998 0.003000
1.073000 0.050000 0.116600
0.126893 0.067535 0.000345 0.000000
0.000000

0.000000 0.458512 3.031614
0.488440 0.109945 9.151587 49.971977 205.128632
0.000000 0.037530 0.095239 0.000000 0.000000 0.000000
0.000000 0.000000 0.000000
3.509624 1.000000 0.000000
764.299377 0.000000
0.000000 0.000000 0.000000 0.000000
0.000000 0.976623
8 0.020000 1.140000 0.001000
0.486000 0.396000 0.726000 0.501000 1.360000 6.610000 0.785000 0.785000
272000.000000 96.599998 0.003000
1.073000 0.050000 0.116600
0.126904 0.067742 0.000346 0.000000
0.000000

0.000000 0.394273 2.865577
0.487453 0.110350 9.143654 49.927284 205.127060
0.000000 0.028202 0.092340 0.000000 0.000000 0.000000
0.000000 0.000000 0.000000
3.554518 1.000000 0.000000
764.299377 0.000000
0.000000 0.000000 0.000000 0.000000
0.000000 0.994101
8 0.020000 1.160000 0.001000
0.486000 0.396000 0.726000 0.501000 1.360000 6.610000 0.785000 0.785000
272000.000000 96.599998 0.003000
1.073000 0.050000 0.116600
0.126914 0.067717 0.000346 0.000000
0.000000

0.000000 0.369034 2.765063
0.486870 0.110832 9.143487 49.919682 205.126495
0.000000 0.022100 0.090941 0.000000 0.000000 0.000000
0.000000 0.000000 0.000000
3.598614 1.000000 0.000000
764.299377 0.000000
0.000000 0.000000 0.000000 0.000000
0.000000 0.985965
8 0.020000 1.180000 0.001000
0.486000 0.396000 0.726000 0.501000 1.360000 6.610000 0.785000 0.785000
272000.000000 96.599998 0.003000
1.073000 0.050000 0.116600
0.126926 0.067522 0.000345 0.000000
0.000000

0.000000 0.346011 2.673659
0.486280 0.111300 9.142926 49.910259 205.126907
0.000000 0.018419 0.090969 0.000000 0.000000 0.000000
0.000000 0.000000 0.000000
3.641923 1.000000 0.000000
764.299377 0.000000
0.000000 0.000000 0.000000 0.000000
0.000000 0.975715
8 0.020000 1.200000 0.001000
0.486000 0.396000 0.726000 0.501000 1.360000 6.610000 0.785000 0.785000
272000.000000 96.599998 0.003000
1.073000 0.050000 0.116600
0.126934 0.067445 0.000344 0.000000
0.000000

0.000000 0.325384 2.591879
0.485760 0.111772 9.143612 49.906574 205.125015
0.000000 0.016338 0.091989 0.000000 0.000000 0.000000
0.000000 0.000000 0.000000
3.684462 1.000000 0.000000
764.299377 0.000000
0.000000 0.000000 0.000000 0.000000
0.000000 0.970069
8 0.020000 1.220000 0.001000
0.486000 0.396000 0.726000 0.501000 1.360000 6.610000 0.785000 0.785000
272000.000000 96.599998 0.003000
1.073000 0.050000 0.116600
0.126946 0.067425 0.000344 0.000000
0.000000

0.000000 0.286067 2.485364
0.485036 0.112186 9.140459 49.882023 205.123047
0.000000 0.015239 0.093589 0.000000 0.000000 0.000000
0.000000 0.000000 0.000000
3.726244 1.000000 0.000000
764.299377 0.000000
0.000000 0.000000 0.000000 0.000000
0.000000 0.984312
8 0.020000 1.240000 0.001000
0.486000 0.396000 0.726000 0.501000 1.360000 6.610000 0.785000 0.785000
272000.000000 96.599998 0.003000
1.073000 0.050000 0.116600
0.126955 0.067411 0.000344 0.000000
0.000000

0.000000 0.270987 2.421705
0.484579 0.112649 9.141869 49.882576 205.122253
0.000000 0.014735 0.095362 0.000000 0.000000 0.000000
0.000000 0.000000 0.000000
3.767285 1.000000 0.000000
764.299377 0.000000
0.000000 0.000000 0.000000 0.000000
0.000000 0.969628
8 0.020000 1.260000 0.001000
0.486000 0.396000 0.726000 0.501000 1.360000 6.610000 0.785000 0.785000
272000.000000 96.599998 0.003000
1.073000 0.050000 0.116600
0.126966 0.067362 0.000344 0.000000
0.000000

0.000000 0.257197 2.364213
0.484143 0.113107 9.143497 49.884300 205.121719
0.000000 0.014636 0.097326 0.000000 0.000000 0.000000
0.000000 0.000000 0.000000
3.807600 1.000000 0.000000
764.299377 0.000000
0.000000 0.000000 0.000000 0.000000
0.000000 0.986644
8 0.020000 1.280000 0.001000
0.486000 0.396000 0.726000 0.501000 1.360000 6.610000 0.785000 0.785000
272000.000000 96.599998 0.003000
1.073000 0.050000 0.116600
0.126976 0.069368 0.000354 0.000000
0.000000

0.000000 0.244847 2.312541
0.483729 0.113559 9.145328 49.887398 205.120056
0.000000 0.014833 0.099368 0.000000 0.000000 0.000000
0.000000 0.000000 0.000000
3.847203 1.000000 0.000000
764.299377 0.000000
0.000000 0.000000 0.000000 0.000000
0.000000 0.965531
8 0.020000 1.300000 0.001000
0.486000 0.396000 0.726000 0.501000 1.360000 6.610000 0.785000 0.785000
272000.000000 96.599998 0.003000
1.073000 0.050000 0.116600
0.126983 0.067547 0.000345 0.000000
0.000000

0.000000 0.233556 2.265902
0.483334 0.114006 9.147332 49.891415 205.119751
0.000000 0.015237 0.101380 0.000000 0.000000 0.000000
0.000000 0.000000 0.000000
3.886109 1.000000 0.000000
764.299377 0.000000
0.000000 0.000000 0.000000 0.000000
0.000000 0.962350
8 0.020000 1.320000 0.001000
0.486000 0.396000 0.726000 0.501000 1.360000 6.610000 0.785000 0.785000
272000.000000 96.599998 0.003000
1.073000 0.050000 0.116600
0.126994 0.067794 0.000346 0.000000
0.000000

0.000000 0.211768 2.204548
0.482820 0.114416 9.147035 49.883038 205.117859
0.000000 0.015784 0.103513 0.000000 0.000000 0.000000
0.000000 0.000000 0.000000
3.924334 1.000000 0.000000
764.299377 0.000000
0.000000 0.000000 0.000000 0.000000
0.000000 0.973134
8 0.020000 1.340000 0.001000
0.486000 0.396000 0.726000 0.501000 1.360000 6.610000 0.785000 0.785000
272000.000000 96.599998 0.003000
1.073000 0.050000 0.116600
0.127004 0.067617 0.000345 0.000000
0.000000

0.000000 0.203549 2.168183
0.482447 0.114849 9.149102 49.887623 205.117950
0.000000 0.016399 0.105480 0.000000 0.000000 0.000000
0.000000 0.000000 0.000000
3.961892 1.000000 0.000000
764.299377 0.000000
0.000000 0.000000 0.000000 0.000000
0.000000 0.960143
8 0.020000 1.360000 0.001000
0.486000 0.396000 0.726000 0.501000 1.360000 6.610000 0.785000 0.785000
272000.000000 96.599998 0.003000
1.073000 0.050000 0.116600
0.127012 0.067519 0.000345 0.000000
0.000000

0.000000 0.196232 2.135875
0.482105 0.115281 9.151595 49.894581 205.117783
0.000000 0.017037 0.107410 0.000000 0.000000 0.000000
0.000000 0.000000 0.000000
3.998800 1.000000 0.000000
764.299377 0.000000
0.000000 0.000000 0.000000 0.000000
0.000000 0.952955
8 0.020000 1.380000 0.001000
0.486000 0.396000 0.726000 0.501000 1.360000 6.610000 0.785000 0.785000
272000.000000 96.599998 0.003000
1.073000 0.050000 0.116600
0.127022 0.067494 0.000345 0.000000
0.000000

0.000000 0.189591 2.106771
0.481769 0.115706 9.154048 49.901409 205.118271
0.000000 0.017662 0.109260 0.000000 0.000000 0.000000
0.000000 0.000000 0.000000
4.035072 1.000000 0.000000
764.299377 0.000000
0.000000 0.000000 0.000000 0.000000
0.000000 0.965261
8 0.020000 1.400000 0.001000
0.486000 0.396000 0.726000 0.501000 1.360000 6.610000 0.785000 0.785000
272000.000000 96.599998 0.003000
1.073000 0.050000 0.116600
0.127031 0.067493 0.000345 0.000000
0.000000

0.000000 0.183580 2.080639
0.481449 0.116126 9.156631 49.909069 205.118210
0.000000 0.018257 0.111061 0.000000 0.000000 0.000000
0.000000 0.000000 0.000000
4.070723 1.000000 0.000000
764.299377 0.000000
0.000000 0.000000 0.000000 0.000000
0.000000 0.964336
8 0.020000 1.420000 0.001000
0.486000 0.396000 0.726000 0.501000 1.360000 6.610000 0.785000 0.785000
272000.000000 96.599998 0.003000
1.073000 0.050000 0.116600
0.127039 0.067460 0.000345 0.000000
0.000000

0.000000 0.171725 2.045959
0.481057 0.116520 9.157817 49.909077 205.117111
0.000000 0.018809 0.112751 0.000000 0.000000 0.000000
0.000000 0.000000 0.000000
4.105766 1.000000 0.000000
764.299377 0.000000
0.000000 0.000000 0.000000 0.000000
0.000000 0.953180
8 0.020000 1.440000 0.001000
0.486000 0.396000 0.726000 0.501000 1.360000 6.610000 0.785000 0.785000
272000.000000 96.599998 0.003000
1.073000 0.050000 0.116600
0.127047 0.067493 0.000345 0.000000
0.000000

0.000000 0.167436 2.025954
0.480760 0.116930 9.160564 49.917721 205.117188
0.000000 0.019323 0.114467 0.000000 0.000000 0.000000
0.000000 0.000000 0.000000
4.140217 1.000000 0.000000
764.299377 0.000000
0.000000 0.000000 0.000000 0.000000
0.000000 0.954513
8 0.020000 1.460000 0.001000
0.486000 0.396000 0.726000 0.501000 1.360000 6.610000 0.785000 0.785000
272000.000000 96.599998 0.003000
1.073000 0.050000 0.116600
0.127055 0.067471 0.000345 0.000000
0.000000

0.000000 0.163622 2.008320
0.480483 0.117337 9.163549 49.927795 205.116730
0.000000 0.019795 0.116087 0.000000 0.000000 0.000000
0.000000 0.000000 0.000000
4.174089 1.000000 0.000000
764.299377 0.000000
0.000000 0.000000 0.000000 0.000000
0.000000 0.965284
8 0.020000 1.480000 0.001000
0.486000 0.396000 0.726000 0.501000 1.360000 6.610000 0.785000 0.785000
272000.000000 96.599998 0.003000
1.073000 0.050000 0.116600
0.127065 0.068022 0.000347 0.000000
0.000000

0.000000 0.160068 1.991749
0.480174 0.117729 9.165805 49.933952 205.118164
0.000000 0.020235 0.117753 0.000000 0.000000 0.000000
0.000000 0.000000 0.000000
4.207397 1.000000 0.000000
764.299377 0.000000
0.000000 0.000000 0.000000 0.000000
0.000000 0.949984
8 0.020000 1.500000 0.001000
0.486000 0.396000 0.726000 0.501000 1.360000 6.610000 0.785000 0.785000
272000.000000 96.599998 0.003000
1.073000 0.050000 0.116600
0.127071 0.067566 0.000345 0.000000
0.000000

0.000000 0.131968 1.836105
0.479787 0.118096 9.166965 49.934227 205.117493
0.000000 0.020743 0.120294 0.000000 0.000000 0.000000
0.000000 0.000000 0.000000
4.240155 1.000000 0.000000
764.299377 0.000000
0.000000 0.000000 0.000000 0.000000
0.000000 0.941348
8 0.020000 1.520000 0.001000
0.486000 0.396000 0.726000 0.501000 1.360000 6.610000 0.785000 0.785000
272000.000000 96.599998 0.003000
1.073000 0.050000 0.116600
0.127078 0.067483 0.000345 0.000000
0.000000

0.000000 0.131494 1.836437
0.479510 0.118482 9.169517 49.942173 205.118668
0.000000 0.021264 0.122092 0.000000 0.000000 0.000000
0.000000 0.000000 0.000000
4.272376 1.000000 0.000000
764.299377 0.000000
0.000000 0.000000 0.000000 0.000000
0.000000 0.955429
8 0.020000 1.540000 0.001000
0.486000 0.396000 0.726000 0.501000 1.360000 6.610000 0.785000 0.785000
272000.000000 96.599998 0.003000
1.073000 0.050000 0.116600
0.127085 0.067515 0.000345 0.000000
0.000000

0.000000 0.127804 1.830762
0.479192 0.118851 9.171243 49.945583 205.119415
0.000000 0.021800 0.123935 0.000000 0.000000 0.000000
0.000000 0.000000 0.000000
4.304071 1.000000 0.000000
764.299377 0.000000
0.000000 0.000000 0.000000 0.000000
0.000000 0.940656
8 0.020000 1.560000 0.001000
0.486000 0.396000 0.726000 0.501000 1.360000 6.610000 0.785000 0.785000
272000.000000 96.599998 0.003000
1.073000 0.050000 0.116600
0.127092 0.067456 0.000344 0.000000
0.000000

0.000000 0.127767 1.831890
0.478929 0.119227 9.173852 49.953995 205.120544
0.000000 0.022313 0.125668 0.000000 0.000000 0.000000
0.000000 0.000000 0.000000
4.335254 1.000000 0.000000
764.299377 0.000000
0.000000 0.000000 0.000000 0.000000
0.000000 0.944824
8 0.020000 1.580000 0.001000
0.486000 0.396000 0.726000 0.501000 1.360000 6.610000 0.785000 0.785000
272000.000000 96.599998 0.003000
1.073000 0.050000 0.116600
0.127098 0.067471 0.000345 0.000000
0.000000

0.000000 0.127810 1.833560
0.478693 0.119603 9.176876 49.964649 205.119705
0.000000 0.022776 0.127276 0.000000 0.000000 0.000000
0.000000 0.000000 0.000000
4.365936 1.000000 0.000000
764.299377 0.000000
0.000000 0.000000 0.000000 0.000000
0.000000 0.946693
8 0.020000 1.600000 0.001000
0.486000 0.396000 0.726000 0.501000 1.360000 6.610000 0.785000 0.785000
272000.000000 96.599998 0.003000
1.073000 0.050000 0.116600
0.127106 0.067502 0.000345 0.000000
0.000000

0.000000 0.127830 1.834761
0.478438 0.119969 9.179419 49.972763 205.120544
0.000000 0.023179 0.128832 0.000000 0.000000 0.000000
0.000000 0.000000 0.000000
4.396130 1.000000 0.000000
764.299377 0.000000
0.000000 0.000000 0.000000 0.000000
0.000000 0.947345
8 0.020000 1.620000 0.001000
0.486000 0.396000 0.726000 0.501000 1.360000 6.610000 0.785000 0.785000
272000.000000 96.599998 0.003000
1.073000 0.050000 0.116600
0.127112 0.068029 0.000347 0.000000
0.000000

0.000000 0.127896 1.836385
0.478206 0.120335 9.182343 49.982941 205.120804
0.000000 0.023525 0.130376 0.000000 0.000000 0.000000
0.000000 0.000000 0.000000
4.425846 1.000000 0.000000
764.299377 0.000000
0.000000 0.000000 0.000000 0.000000
0.000000 0.941239
8 0.020000 1.640000 0.001000
0.486000 0.396000 0.726000 0.501000 1.360000 6.610000 0.785000 0.785000
272000.000000 96.599998 0.003000
1.073000 0.050000 0.116600
0.127120 0.067505 0.000345 0.000000
0.000000

0.000000 0.127979 1.837949
0.477972 0.120694 9.185078 49.992317 205.121185
0.000000 0.023815 0.131826 0.000000 0.000000 0.000000
0.000000 0.000000 0.000000
4.455096 1.000000 0.000000
764.299377 0.000000
0.000000 0.000000 0.000000 0.000000
0.000000 0.935137
8 0.020000 1.660000 0.001000
0.486000 0.396000 0.726000 0.501000 1.360000 6.610000 0.785000 0.785000
272000.000000 96.599998 0.003000
1.073000 0.050000 0.116600
0.127125 0.067523 0.000345 0.000000
0.000000

0.000000 0.126368 1.836217
0.477722 0.121044 9.187494 49.999775 205.121887
0.000000 0.024065 0.133299 0.000000 0.000000 0.000000
0.000000 0.000000 0.000000
4.483891 1.000000 0.000000
764.299377 0.000000
0.000000 0.000000 0.000000 0.000000
0.000000 0.938251
8 0.020000 1.680000 0.001000
0.486000 0.396000 0.726000 0.501000 1.360000 6.610000 0.785000 0.785000
272000.000000 96.599998 0.003000
1.073000 0.050000 0.116600
0.127133 0.067493 0.000345 0.000000
0.000000

0.000000 0.126558 1.839837
0.477585 0.121417 9.191934 50.018475 205.121353
0.000000 0.024292 0.134873 0.000000 0.000000 0.000000
0.000000 0.000000 0.000000
4.512240 1.000000 0.000000
764.299377 0.000000
0.000000 0.000000 0.000000 0.000000
0.000000 0.935888
8 0.020000 1.700000 0.001000
0.486000 0.396000 0.726000 0.501000 1.360000 6.610000 0.785000 0.785000
272000.000000 96.599998 0.003000
1.073000 0.050000 0.116600
0.127147 0.067480 0.000345 0.000000
0.000000

0.000000 0.126883 1.842211
0.477388 0.121769 9.195117 50.030441 205.121124
0.000000 0.024517 0.136508 0.000000 0.000000 0.000000
0.000000 0.000000 0.000000
4.540154 1.000000 0.000000
764.299377 0.000000
0.000000 0.000000 0.000000 0.000000
0.000000 0.939995
8 0.020000 1.720000 0.001000
0.486000 0.396000 0.726000 0.501000 1.360000 6.610000 0.785000 0.785000
272000.000000 96.599998 0.003000
1.073000 0.050000 0.116600
0.127154 0.067488 0.000345 0.000000
0.000000

0.000000 0.127197 1.844669
0.477197 0.122118 9.198339 50.042583 205.121201
0.000000 0.024765 0.138324 0.000000 0.000000 0.000000
0.000000 0.000000 0.000000
4.567641 1.000000 0.000000
764.299377 0.000000
0.000000 0.000000 0.000000 0.000000
0.000000 0.931575
8 0.020000 1.740000 0.001000
0.486000 0.396000 0.726000 0.501000 1.360000 6.610000 0.785000 0.785000
272000.000000 96.599998 0.003000
1.073000 0.050000 0.116600
0.127163 0.067478 0.000345 0.000000
0.000000

0.000000 0.127550 1.847365
0.477021 0.122466 9.201761 50.055973 205.120544
0.000000 0.025035 0.140103 0.000000 0.000000 0.000000
0.000000 0.000000 0.000000
4.594710 1.000000 0.000000
764.299377 0.000000
0.000000 0.000000 0.000000 0.000000
0.000000 0.928154
8 0.020000 1.760000 0.001000
0.486000 0.396000 0.726000 0.501000 1.360000 6.610000 0.785000 0.785000
272000.000000 96.599998 0.003000
1.073000 0.050000 0.116600
0.127171 0.067456 0.000344 0.000000
0.000000

0.000000 0.127913 1.850196
0.476854 0.122811 9.205285 50.069763 205.119507
0.000000 0.025304 0.141674 0.000000 0.000000 0.000000
0.000000 0.000000 0.000000
4.621370 1.000000 0.000000
764.299377 0.000000
0.000000 0.000000 0.000000 0.000000
0.000000 0.936929
8 0.020000 1.780000 0.001000
0.486000 0.396000 0.726000 0.501000 1.360000 6.610000 0.785000 0.785000
272000.000000 96.599998 0.003000
1.073000 0.050000 0.116600
0.127184 0.067476 0.000345 0.000000
0.000000

0.000000 0.128286 1.853004
0.476690 0.123152 9.208797 50.083599 205.119797
0.000000 0.025534 0.143024 0.000000 0.000000 0.000000
0.000000 0.000000 0.000000
4.647629 1.000000 0.000000
764.299377 0.000000
0.000000 0.000000 0.000000 0.000000
0.000000 0.929678
8 0.020000 1.800000 0.001000
0.486000 0.396000 0.726000 0.501000 1.360000 6.610000 0.785000 0.785000
272000.000000 96.599998 0.003000
1.073000 0.050000 0.116600
0.127191 0.067439 0.000344 0.000000
0.000000

0.000000 0.128248 1.854860
0.476514 0.123486 9.211979 50.095718 205.120407
0.000000 0.025711 0.144395 0.000000 0.000000 0.000000
0.000000 0.000000 0.000000
4.673493 1.000000 0.000000
764.299377 0.000000
0.000000 0.000000 0.000000 0.000000
0.000000 0.928001
8 0.020000 1.820000 0.001000
0.486000 0.396000 0.726000 0.501000 1.360000 6.610000 0.785000 0.785000
272000.000000 96.599998 0.003000
1.073000 0.050000 0.116600
0.127198 0.067447 0.000344 0.000000
0.000000

0.000000 0.128672 1.857396
0.476340 0.123815 9.215138 50.107803 205.120270
0.000000 0.025819 0.145616 0.000000 0.000000 0.000000
0.000000 0.000000 0.000000
4.698971 1.000000 0.000000
764.299377 0.000000
0.000000 0.000000 0.000000 0.000000
0.000000 0.923572
8 0.020000 1.840000 0.001000
0.486000 0.396000 0.726000 0.501000 1.360000 6.610000 0.785000 0.785000
272000.000000 96.599998 0.003000
1.073000 0.050000 0.116600
0.127209 0.067423 0.000344 0.000000
0.000000

0.000000 0.129028 1.859786
0.476165 0.124140 9.218184 50.119293 205.119461
0.000000 0.025870 0.146895 0.000000 0.000000 0.000000
0.000000 0.000000 0.000000
4.724069 1.000000 0.000000
764.299377 0.000000
0.000000 0.000000 0.000000 0.000000
0.000000 0.921707
8 0.020000 1.860000 0.001000
0.486000 0.396000 0.726000 0.501000 1.360000 6.610000 0.785000 0.785000
272000.000000 96.599998 0.003000
1.073000 0.050000 0.116600
0.127215 0.067403 0.000344 0.000000
0.000000

0.000000 0.129428 1.862218
0.475992 0.124460 9.221206 50.130688 205.118729
0.000000 0.025890 0.148257 0.000000 0.000000 0.000000
0.000000 0.000000 0.000000
4.748793 1.000000 0.000000
764.299377 0.000000
0.000000 0.000000 0.000000 0.000000
0.000000 0.918218
8 0.020000 1.880000 0.001000
0.486000 0.396000 0.726000 0.501000 1.360000 6.610000 0.785000 0.785000
272000.000000 96.599998 0.003000
1.073000 0.050000 0.116600
0.127223 0.067418 0.000344 0.000000
0.000000

0.000000 0.129754 1.864285
0.475805 0.124773 9.223883 50.140312 205.118820
0.000000 0.025898 0.149675 0.000000 0.000000 0.000000
0.000000 0.000000 0.000000
4.773149 1.000000 0.000000
764.299377 0.000000
0.000000 0.000000 0.000000 0.000000
0.000000 0.930114
8 0.020000 1.900000 0.001000
0.486000 0.396000 0.726000 0.501000 1.360000 6.610000 0.785000 0.785000
272000.000000 96.599998 0.003000
1.073000 0.050000 0.116600
0.127231 0.067422 0.000344 0.000000
0.000000

0.000000 0.130154 1.866763
0.475644 0.125088 9.226986 50.152161 205.118271
0.000000 0.025908 0.151115 0.000000 0.000000 0.000000
0.000000 0.000000 0.000000
4.797142 1.000000 0.000000
764.299377 0.000000
0.000000 0.000000 0.000000 0.000000
0.000000 0.925186
8 0.020000 1.920000 0.001000
0.486000 0.396000 0.726000 0.501000 1.360000 6.610000 0.785000 0.785000
272000.000000 96.599998 0.003000
1.073000 0.050000 0.116600
0.127236 0.067417 0.000344 0.000000
0.000000

0.000000 0.130508 1.869531
0.475498 0.125403 9.230315 50.165424 205.117706
0.000000 0.025933 0.152642 0.000000 0.000000 0.000000
0.000000 0.000000 0.000000
4.820777 1.000000 0.000000
764.299377 0.000000
0.000000 0.000000 0.000000 0.000000
0.000000 0.917851
8 0.020000 1.940000 0.001000
0.486000 0.396000 0.726000 0.501000 1.360000 6.610000 0.785000 0.785000
272000.000000 96.599998 0.003000
1.073000 0.050000 0.116600
0.127249 0.067386 0.000344 0.000000
0.000000

0.000000 0.130892 1.873256
0.475403 0.125728 9.234547 50.183567 205.116928
0.000000 0.025981 0.154272 0.000000 0.000000 0.000000
0.000000 0.000000 0.000000
4.844059 1.000000 0.000000
764.299377 0.000000
0.000000 0.000000 0.000000 0.000000
0.000000 0.916481
8 0.020000 1.960000 0.001000
0.486000 0.396000 0.726000 0.501000 1.360000 6.610000 0.785000 0.785000
272000.000000 96.599998 0.003000
1.073000 0.050000 0.116600
0.127257 0.067380 0.000344 0.000000
0.000000

0.000000 0.131273 1.884274
0.475677 0.126146 9.245870 50.240337 205.112610
0.000000 0.026056 0.156022 0.000000 0.000000 0.000000
0.000000 0.000000 0.000000
4.866992 1.000000 0.000000
764.299377 0.000000
0.000000 0.000000 0.000000 0.000000
0.000000 0.912037
8 0.020000 1.980000 0.001000
0.486000 0.396000 0.726000 0.501000 1.360000 6.610000 0.785000 0.785000
272000.000000 96.599998 0.003000
1.073000 0.050000 0.116600
0.127295 0.067325 0.000344 0.000000
0.000000

0.000000 0.131645 1.902172
0.476299 0.126653 9.263906 50.333576 205.105850
0.000000 0.131476 0.213403 0.000000 0.000000 0.000000
0.000000 0.000000 0.000000
4.889578 1.000000 0.000000
764.299377 0.000000
0.000000 0.000000 0.000000 0.000000
0.000000 0.925080
8 0.020000 2.000000 0.001000
0.486000 0.396000 0.726000 0.501000 1.360000 6.610000 0.785000 0.785000
272000.000000 96.599998 0.003000
1.073000 0.050000 0.116600
0.127354 0.067358 0.000344 0.000000
0.000000
1.000000
2.000000
0.000000 0.000000
0.000000
0
-0.740000
0 0
0.000000
1
0.000000
1.000000
1.000000
1.000000
0.000000 0.000000 0.000000
0.000000 0.000000
0.000000 0.000000 0.000000 0.000000 0.000000 0.000000 0.000000
0.000000 0.000000 0.000000 0.000000 0.000000 0.000000 0.000000
236
2.000000
1
C:\DNDC\sites\Ottawa\CEFSoilc.spf
-1.000000 -1.000000
0.000000
37
37
10.000000
105
0.000000
0.000000
258
0.000000
260129.234375
1
