7
Clay_loam
0.314000 0.490000 0.006410 0.726000 0.398000 1.000000 0.000000 0.000000
1.350000 6.610000 1 0.031000 0.500000 0.050000 0.010000 0.240000 0.750000
0.000000 0.020000 2.000000 270000.000000 96.599998 100
0.233300 1.944000 3.025300 0.000000 1
10.000000 10.000000 10.000000 5.000000 25.000000 100.000000
0.000000 0.000000 0.000000 0.000000 0.000000 0.000000
500.000000 0.000000 0.000000

0.000000 81.224342 966.773926
11.904847 1.324150 124.313599 1046.233521 5849.249512
0.000000 2.011220 0.129024 1.010348 0.000000 0.000000
0.000035 0.000014 0.000000
-0.118931 0.398088 16.024733
764.299377 0.000000
0.000000 0.000000 0.000000 0.000000
0.000000 15.316198
7 0.020000 0.020000 0.031000
0.490000 0.314000 0.726000 0.398000 1.350000 6.610000 0.726000 0.726000
270000.000000 96.599998 0.006410
1.073000 0.050000 0.116600
15.486920 9.968118 0.022204 0.000000
0.000000

0.000000 79.460030 966.604797
12.193548 1.356574 123.424767 1047.093262 5849.627930
0.000000 0.134109 0.285933 0.505174 0.000000 0.000000
0.000019 0.000014 0.000000
0.015960 0.720683 0.000000
764.299377 0.000000
0.000000 0.000000 0.000000 0.000000
0.000000 15.675950
7 0.020000 0.040000 0.031000
0.490000 0.314000 0.726000 0.398000 1.350000 6.610000 0.726000 0.726000
270000.000000 96.599998 0.006410
1.073000 0.050000 0.116600
15.482108 9.954900 0.039344 0.000000
0.000000

0.000000 78.391068 965.582153
12.125154 1.348898 123.126297 1047.547974 5849.759277
0.000000 0.315083 0.351917 0.252587 0.000000 0.000000
0.000016 0.000008 0.000000
0.186716 0.723825 0.000000
764.299377 0.000000
0.000000 0.000000 0.000000 0.000000
0.000000 15.039503
7 0.020000 0.060000 0.031000
0.490000 0.314000 0.726000 0.398000 1.350000 6.610000 0.726000 0.726000
270000.000000 96.599998 0.006410
1.073000 0.050000 0.116600
15.480392 9.955848 0.039517 0.000000
0.000000

0.000000 78.129723 965.499878
12.089671 1.344910 123.061577 1047.695801 5849.791016
0.000000 0.390623 0.394121 0.126294 0.000000 0.000000
0.000014 0.000004 0.000000
0.350119 0.725113 0.000000
764.299377 0.000000
0.000000 0.000000 0.000000 0.000000
0.000000 14.353861
7 0.020000 0.080000 0.031000
0.490000 0.314000 0.726000 0.398000 1.350000 6.610000 0.726000 0.726000
270000.000000 96.599998 0.006410
1.073000 0.050000 0.116600
15.479986 9.954266 0.039580 0.000000
0.000000

0.000000 76.593483 964.543518
12.054728 1.340998 122.438347 1048.521606 5850.072266
0.000000 0.363056 0.445202 0.063147 0.000000 0.000000
0.000012 0.000002 0.000000
0.506583 0.725639 0.000000
764.299377 0.000000
0.000000 0.000000 0.000000 0.000000
0.000000 11.637656
7 0.020000 0.100000 0.025000
0.490000 0.314000 0.726000 0.398000 1.350000 6.610000 0.726000 0.726000
270000.000000 96.599998 0.006410
1.073000 0.050000 0.116600
15.476457 9.946147 0.039574 0.000000
0.000000

0.000000 76.798157 965.217285
12.042723 1.339645 122.557686 1048.373413 5850.019531
0.000000 0.333489 0.435401 0.031573 0.000000 0.000000
0.000011 0.000002 0.000000
0.656438 0.725853 0.000000
764.299377 0.000000
0.000000 0.000000 0.000000 0.000000
0.000000 9.477427
7 0.020000 0.120000 0.025000
0.490000 0.314000 0.726000 0.398000 1.350000 6.610000 0.726000 0.726000
270000.000000 96.599998 0.006410
1.073000 0.050000 0.116600
15.477123 9.931091 0.039522 0.000000
0.000000

0.000000 77.458336 965.706726
12.039196 1.339239 122.867210 1048.014526 5849.879883
0.000000 0.340009 0.434950 0.015787 0.000000 0.000000
0.000011 0.000002 0.000000
0.799979 0.725940 0.000000
764.299377 0.000000
0.000000 0.000000 0.000000 0.000000
0.000000 9.203489
7 0.020000 0.140000 0.025000
0.490000 0.314000 0.726000 0.398000 1.350000 6.610000 0.726000 0.726000
270000.000000 96.599998 0.006410
1.073000 0.050000 0.116600
15.478848 9.936963 0.039552 0.000000
0.000000

0.000000 81.474754 966.506531
11.954144 1.329772 123.254204 1046.461914 5849.651855
0.000000 0.335169 0.428040 0.007893 0.000000 0.000000
0.000005 0.000002 0.000000
0.937484 0.725976 0.000000
764.299377 0.000000
0.000000 0.000000 0.000000 0.000000
0.000000 8.674399
7 0.020000 0.160000 0.025000
0.490000 0.314000 0.726000 0.398000 1.350000 6.610000 0.726000 0.726000
270000.000000 96.599998 0.006410
1.073000 0.050000 0.116600
15.481627 9.934185 0.039542 0.000000
0.000000

0.000000 82.099205 966.968750
11.953041 1.329642 123.541885 1046.120483 5849.523438
0.000000 0.304624 0.442299 0.003947 0.000000 0.000000
0.000002 0.000002 0.000000
1.069225 0.725993 0.000000
764.299377 0.000000
0.000000 0.000000 0.000000 0.000000
0.000000 7.656673
7 0.020000 0.180000 0.020000
0.490000 0.314000 0.726000 0.398000 1.350000 6.610000 0.726000 0.726000
270000.000000 96.599998 0.006410
1.073000 0.050000 0.116600
15.483227 9.926823 0.039513 0.000000
0.000000

0.000000 82.310280 967.122192
11.950241 1.329326 123.638863 1046.007935 5849.474121
0.000000 0.368608 0.585149 0.001973 0.000000 0.000000
0.000000 0.000002 0.000000
1.195469 0.726000 0.000000
764.299377 0.000000
0.000000 0.000000 0.000000 0.000000
0.000000 15.372969
7 0.020000 0.200000 0.020000
0.490000 0.314000 0.726000 0.398000 1.350000 6.610000 0.726000 0.726000
270000.000000 96.599998 0.006410
1.073000 0.050000 0.116600
15.483763 9.980213 0.039738 0.000000
0.000000

0.000000 106.827934 979.507324
10.784632 1.198585 134.024536 1035.479492 5845.083008
0.000000 0.273221 0.257297 0.000987 0.000000 0.000000
0.000000 0.000001 0.000000
1.316480 0.726000 0.000000
764.299377 0.000000
0.000000 0.000000 0.000000 0.000000
0.000000 12.818170
7 0.020000 0.220000 0.020000
0.490000 0.314000 0.726000 0.398000 1.350000 6.610000 0.726000 0.726000
270000.000000 96.599998 0.006410
1.073000 0.050000 0.116600
15.538508 9.915535 0.039427 0.000000
0.000000

0.000000 39.423523 438.144745
8.454117 0.939556 132.872528 790.168457 4114.704102
0.000000 0.181933 0.116871 0.000493 0.000000 0.000000
0.000000 0.000001 0.000000
1.430802 0.773972 0.000000
764.299377 0.000000
0.000000 0.000000 0.000000 0.000000
0.000000 8.710549
7 0.020000 0.240000 0.020000
0.490000 0.314000 0.726000 0.398000 1.350000 6.610000 0.726000 0.726000
270000.000000 96.599998 0.006410
1.073000 0.050000 0.116600
2.208978 7.042606 0.029366 0.000000
0.000000

0.000000 35.439896 394.260742
8.248823 0.916644 129.851074 774.207642 4113.458496
0.000000 0.110329 0.095452 0.000247 0.000000 0.000000
0.000000 0.000001 0.000000
1.532118 1.000000 0.000000
764.299377 0.000000
0.000000 0.000000 0.000000 0.000000
0.000000 6.045918
7 0.020000 0.260000 0.020000
0.490000 0.314000 0.726000 0.398000 1.350000 6.610000 0.726000 0.726000
270000.000000 96.599998 0.006410
1.073000 0.050000 0.116600
2.211465 3.807934 0.020151 0.000000
0.000000

0.000000 36.570671 390.928741
7.959105 0.884449 127.279198 744.921143 3700.111572
0.000000 0.066737 0.063152 0.000123 0.000000 0.000000
0.000000 0.000001 0.000000
1.622699 1.000000 0.000000
764.299377 0.000000
0.000000 0.000000 0.000000 0.000000
0.000000 19.638596
7 0.020000 0.280000 0.018000
0.490000 0.314000 0.726000 0.398000 1.350000 6.610000 0.726000 0.726000
270000.000000 96.599998 0.000070
1.073000 0.050000 0.116600
2.038857 4.515905 0.023990 0.000000
0.000000

0.000000 34.453396 362.295746
7.950293 0.883472 127.716461 743.646912 3697.887695
0.000000 0.007077 0.058058 0.000062 0.000000 0.000000
0.000000 0.000001 0.000000
1.708577 1.000000 0.000000
764.299377 0.000000
0.000000 0.000000 0.000000 0.000000
0.000000 11.177577
7 0.020000 0.300000 0.018000
0.490000 0.314000 0.726000 0.398000 1.350000 6.610000 0.726000 0.726000
270000.000000 96.599998 0.000070
1.073000 0.050000 0.116600
2.052859 2.007908 0.010523 0.000000
0.000000

0.000000 31.164694 329.447479
7.782726 0.864851 124.902161 728.296326 3696.948975
0.000000 0.000962 0.067444 0.000031 0.000000 0.000000
0.000000 0.000000 0.000000
1.789984 0.999803 0.000000
764.299377 0.000000
0.000000 0.000000 0.000000 0.000000
0.000000 7.543069
7 0.020000 0.320000 0.018000
0.490000 0.314000 0.726000 0.398000 1.350000 6.610000 0.726000 0.726000
270000.000000 96.599998 0.000070
1.073000 0.050000 0.116600
2.052275 1.520519 0.007947 0.000000
0.000000

0.000000 29.152308 307.119965
7.203640 0.800498 116.879356 672.934692 3229.538574
0.000000 0.000251 0.052283 0.000015 0.000000 0.000000
0.000000 0.000000 0.000000
1.867471 0.996546 0.000000
764.299377 0.000000
0.000000 0.000000 0.000000 0.000000
0.000000 6.237674
8 0.020000 0.340000 0.015500
0.483000 0.377000 0.726000 0.484000 1.370000 6.610000 0.770000 0.770000
274000.000000 96.599998 0.000070
1.073000 0.050000 0.116600
1.821694 1.293590 0.006537 0.000000
0.000000

0.000000 26.349863 278.206879
7.070730 0.785728 114.726105 660.686340 3229.015137
0.000000 0.000329 0.057151 0.000008 0.000000 0.000000
0.000000 0.000000 0.000000
1.941230 0.996151 0.000000
764.299377 0.000000
0.000000 0.000000 0.000000 0.000000
0.000000 5.791762
8 0.020000 0.360000 0.015500
0.483000 0.377000 0.726000 0.484000 1.370000 6.610000 0.770000 0.770000
274000.000000 96.599998 0.000070
1.073000 0.050000 0.116600
1.821223 1.223413 0.006177 0.000000
0.000000

0.000000 23.788107 252.318405
6.946489 0.771922 112.661072 649.288086 3228.627930
0.000000 0.000654 0.064980 0.000004 0.000000 0.000000
0.000000 0.000000 0.000000
2.011145 0.996170 0.000000
764.299377 0.000000
0.000000 0.000000 0.000000 0.000000
0.000000 5.634109
8 0.020000 0.380000 0.015500
0.483000 0.377000 0.726000 0.484000 1.370000 6.610000 0.770000 0.770000
274000.000000 96.599998 0.000070
1.073000 0.050000 0.116600
1.820573 1.205979 0.006089 0.000000
0.000000

0.000000 21.479078 227.774734
6.836389 0.759687 110.844078 639.184692 3228.279297
0.000000 0.001184 0.072121 0.000002 0.000000 0.000000
0.000000 0.000000 0.000000
2.077417 0.996198 0.000000
764.299377 0.000000
0.000000 0.000000 0.000000 0.000000
0.000000 5.569743
8 0.020000 0.400000 0.015500
0.483000 0.377000 0.726000 0.484000 1.370000 6.610000 0.770000 0.770000
274000.000000 96.599998 0.000070
1.073000 0.050000 0.116600
1.819877 1.202879 0.006073 0.000000
0.000000

0.000000 19.428400 205.670776
6.744555 0.749482 109.361336 630.735657 3227.974121
0.000000 0.002051 0.079415 0.000001 0.000000 0.000000
0.000000 0.000000 0.000000
2.140249 0.996198 0.000000
764.299377 0.000000
0.000000 0.000000 0.000000 0.000000
0.000000 5.549339
8 0.020000 0.420000 0.015500
0.483000 0.377000 0.726000 0.484000 1.370000 6.610000 0.770000 0.770000
274000.000000 96.599998 0.000070
1.073000 0.050000 0.116600
1.819820 1.201858 0.006068 0.000000
0.000000

0.000000 17.565825 185.800766
6.661026 0.740200 108.013634 623.047852 3227.772217
0.000000 0.003187 0.087397 0.000000 0.000000 0.000000
0.000000 0.000000 0.000000
2.199839 0.996180 0.000000
764.299377 0.000000
0.000000 0.000000 0.000000 0.000000
0.000000 5.543527
8 0.020000 0.440000 0.015500
0.483000 0.377000 0.726000 0.484000 1.370000 6.610000 0.770000 0.770000
274000.000000 96.599998 0.000070
1.073000 0.050000 0.116600
1.819759 1.202242 0.006070 0.000000
0.000000

0.000000 15.839728 167.818222
6.587998 0.732085 106.721359 616.445374 3227.600830
0.000000 0.004795 0.103165 0.000000 0.000000 0.000000
0.000000 0.000000 0.000000
2.256377 0.996134 0.000000
764.299377 0.000000
0.000000 0.000000 0.000000 0.000000
0.000000 5.513453
8 0.020000 0.460000 0.015500
0.483000 0.377000 0.726000 0.484000 1.370000 6.610000 0.770000 0.770000
274000.000000 96.599998 0.000070
1.073000 0.050000 0.116600
1.819876 1.199817 0.006057 0.000000
0.000000

0.000000 14.355021 152.070389
6.521084 0.724649 105.703270 610.221985 3227.460449
0.000000 0.005833 0.109608 0.000000 0.000000 0.000000
0.000000 0.000000 0.000000
2.310045 0.996031 0.000000
764.299377 0.000000
0.000000 0.000000 0.000000 0.000000
0.000000 5.478930
8 0.020000 0.480000 0.015500
0.483000 0.377000 0.726000 0.484000 1.370000 6.610000 0.770000 0.770000
274000.000000 96.599998 0.000070
1.073000 0.050000 0.116600
1.820079 1.198963 0.006052 0.000000
0.000000

0.000000 13.001998 138.072418
6.462914 0.718185 104.776802 604.854736 3227.375488
0.000000 0.006792 0.113556 0.000000 0.000000 0.000000
0.000000 0.000000 0.000000
2.361024 0.995812 0.000000
764.299377 0.000000
0.000000 0.000000 0.000000 0.000000
0.000000 5.475253
8 0.020000 0.500000 0.015500
0.483000 0.377000 0.726000 0.484000 1.370000 6.610000 0.770000 0.770000
274000.000000 96.599998 0.000070
1.073000 0.050000 0.116600
1.820496 1.198228 0.006047 0.000000
0.000000

0.000000 11.786279 125.431221
6.412159 0.712545 104.027138 600.112854 3227.311035
0.000000 0.007765 0.119462 0.000000 0.000000 0.000000
0.000000 0.000000 0.000000
2.409487 0.995376 0.000000
764.299377 0.000000
0.000000 0.000000 0.000000 0.000000
0.000000 5.456383
8 0.020000 0.520000 0.015500
0.483000 0.377000 0.726000 0.484000 1.370000 6.610000 0.770000 0.770000
274000.000000 96.599998 0.000070
1.073000 0.050000 0.116600
1.820996 1.197509 0.006041 0.000000
0.000000

0.000000 8.936800 98.904945
3.250092 0.361218 51.836887 303.703186 1670.242432
0.000000 0.004584 0.064863 0.000000 0.000000 0.000000
0.000000 0.000000 0.000000
2.458386 0.770000 0.000000
764.299377 0.000000
0.000000 0.000000 0.000000 0.000000
0.000000 4.645725
8 0.020000 0.540000 0.008000
0.483000 0.377000 0.726000 0.484000 1.370000 6.610000 0.770000 0.770000
274000.000000 96.599998 0.002410
1.073000 0.050000 0.116600
0.915944 0.817287 0.003183 0.000000
0.000000

0.000000 8.170643 90.011093
3.217020 0.357542 51.423416 300.630493 1669.929443
0.000000 0.002300 0.061730 0.000000 0.000000 0.000000
0.000000 0.000000 0.000000
2.508416 0.770000 0.000000
764.299377 0.000000
0.000000 0.000000 0.000000 0.000000
0.000000 4.218613
8 0.020000 0.560000 0.008000
0.483000 0.377000 0.726000 0.484000 1.370000 6.610000 0.770000 0.770000
274000.000000 96.599998 0.002410
1.073000 0.050000 0.116600
0.917337 0.682719 0.002657 0.000000
0.000000

0.000000 7.469854 82.016441
3.192203 0.354784 51.128525 298.331879 1669.621582
0.000000 0.001519 0.063396 0.000000 0.000000 0.000000
0.000000 0.000000 0.000000
2.556576 0.770000 0.000000
764.299377 0.000000
0.000000 0.000000 0.000000 0.000000
0.000000 4.057918
8 0.020000 0.580000 0.008000
0.483000 0.377000 0.726000 0.484000 1.370000 6.610000 0.770000 0.770000
274000.000000 96.599998 0.002410
1.073000 0.050000 0.116600
0.919005 0.656519 0.002555 0.000000
0.000000

0.000000 6.828114 74.923088
3.173581 0.352714 50.895512 296.638062 1669.304443
0.000000 0.002066 0.066267 0.000000 0.000000 0.000000
0.000000 0.000000 0.000000
2.603019 0.770000 0.000000
764.299377 0.000000
0.000000 0.000000 0.000000 0.000000
0.000000 3.985284
8 0.020000 0.600000 0.008000
0.483000 0.377000 0.726000 0.484000 1.370000 6.610000 0.770000 0.770000
274000.000000 96.599998 0.002410
1.073000 0.050000 0.116600
0.920847 0.651667 0.002536 0.000000
0.000000

0.000000 6.257360 68.612930
3.158538 0.351034 50.762505 295.346191 1669.037720
0.000000 0.005184 0.068833 0.000000 0.000000 0.000000
0.000000 0.000000 0.000000
2.646841 0.850886 0.000000
764.299377 0.000000
0.000000 0.000000 0.000000 0.000000
0.000000 3.946432
8 0.020000 0.620000 0.008000
0.483000 0.377000 0.726000 0.484000 1.370000 6.610000 0.770000 0.770000
274000.000000 96.599998 0.002410
1.073000 0.050000 0.116600
0.922769 0.646961 0.002782 0.000000
0.000000

0.000000 5.741984 62.926365
3.146161 0.349623 50.735577 294.628174 1668.751465
0.000000 0.011990 0.070956 0.000000 0.000000 0.000000
0.000000 0.000000 0.000000
2.686591 1.000000 0.000000
764.299377 0.000000
0.000000 0.000000 0.000000 0.000000
0.000000 3.948266
8 0.020000 0.640000 0.008000
0.483000 0.377000 0.726000 0.484000 1.370000 6.610000 0.770000 0.770000
274000.000000 96.599998 0.002410
1.073000 0.050000 0.116600
0.924889 0.641135 0.003240 0.000000
0.000000

0.000000 5.269850 57.725365
3.140931 0.349031 50.766476 294.207916 1668.471069
0.000000 0.005452 0.073182 0.000000 0.000000 0.000000
0.000000 0.000000 0.000000
2.723440 1.000000 0.000000
764.299377 0.000000
0.000000 0.000000 0.000000 0.000000
0.000000 3.915474
8 0.020000 0.660000 0.008000
0.483000 0.377000 0.726000 0.484000 1.370000 6.610000 0.770000 0.770000
274000.000000 96.599998 0.002410
1.073000 0.050000 0.116600
0.926996 0.637746 0.003223 0.000000
0.000000

0.000000 4.865931 53.125568
3.144363 0.349412 50.955883 294.427734 1668.150391
0.000000 0.007761 0.075159 0.000000 0.000000 0.000000
0.000000 0.000000 0.000000
2.758982 1.000000 0.000000
764.299377 0.000000
0.000000 0.000000 0.000000 0.000000
0.000000 4.448778
8 0.020000 0.680000 0.008000
0.483000 0.377000 0.726000 0.484000 1.370000 6.610000 0.770000 0.770000
274000.000000 96.599998 0.002410
1.073000 0.050000 0.116600
0.929449 0.646689 0.003268 0.000000
0.000000

0.000000 4.492622 48.953449
3.154256 0.350512 51.292484 295.208038 1667.802368
0.000000 0.009373 0.079236 0.000000 0.000000 0.000000
0.000000 0.000000 0.000000
2.793329 1.000000 0.000000
764.299377 0.000000
0.000000 0.000000 0.000000 0.000000
0.000000 4.146655
8 0.020000 0.700000 0.008000
0.483000 0.377000 0.726000 0.484000 1.370000 6.610000 0.770000 0.770000
274000.000000 96.599998 0.002410
1.073000 0.050000 0.116600
0.932174 0.641113 0.003240 0.000000
0.000000

0.000000 4.146997 44.484749
3.171050 0.352378 51.739574 296.637512 1667.399658
0.000000 0.027701 0.095047 0.000000 0.000000 0.000000
0.000000 0.000000 0.000000
2.826589 1.000000 0.000000
764.299377 0.000000
0.000000 0.000000 0.000000 0.000000
0.000000 3.956757
8 0.020000 0.720000 0.008000
0.483000 0.377000 0.726000 0.484000 1.370000 6.610000 0.770000 0.770000
274000.000000 96.599998 0.002410
1.073000 0.050000 0.116600
0.935708 0.641050 0.003240 0.000000
0.000000

0.000000 3.925153 41.164646
2.093717 0.232661 34.358730 195.582260 1034.575195
0.000000 0.033644 0.061525 0.000000 0.000000 0.000000
0.000000 0.000000 0.000000
2.858816 1.000000 0.000000
764.299377 0.000000
0.000000 0.000000 0.000000 0.000000
0.000000 3.347444
8 0.020000 0.740000 0.005000
0.486000 0.396000 0.726000 0.501000 1.360000 6.610000 0.785000 0.785000
272000.000000 96.599998 0.003000
1.073000 0.050000 0.116600
0.585936 0.419814 0.002148 0.000000
0.000000

0.000000 3.663639 38.231731
2.107510 0.234193 34.675816 196.802002 1034.164062
0.000000 0.008588 0.050218 0.000000 0.000000 0.000000
0.000000 0.000000 0.000000
2.890112 1.000000 0.000000
764.299377 0.000000
0.000000 0.000000 0.000000 0.000000
0.000000 3.150319
8 0.020000 0.760000 0.005000
0.486000 0.396000 0.726000 0.501000 1.360000 6.610000 0.785000 0.785000
272000.000000 96.599998 0.003000
1.073000 0.050000 0.116600
0.588301 0.398061 0.002036 0.000000
0.000000

0.000000 3.429258 35.593864
2.124996 0.236136 35.058472 198.360062 1033.819580
0.000000 0.001624 0.047068 0.000000 0.000000 0.000000
0.000000 0.000000 0.000000
2.920613 1.000000 0.000000
764.299377 0.000000
0.000000 0.000000 0.000000 0.000000
0.000000 3.096934
8 0.020000 0.780000 0.005000
0.486000 0.396000 0.726000 0.501000 1.360000 6.610000 0.785000 0.785000
272000.000000 96.599998 0.003000
1.073000 0.050000 0.116600
0.590780 0.391066 0.002001 0.000000
0.000000

0.000000 3.243028 33.186356
2.144814 0.238339 35.551517 200.062027 1033.412476
0.000000 0.003929 0.064760 0.000000 0.000000 0.000000
0.000000 0.000000 0.000000
2.950402 1.000000 0.000000
764.299377 0.000000
0.000000 0.000000 0.000000 0.000000
0.000000 2.921684
8 0.020000 0.800000 0.005000
0.486000 0.396000 0.726000 0.501000 1.360000 6.610000 0.785000 0.785000
272000.000000 96.599998 0.003000
1.073000 0.050000 0.116600
0.593487 0.386307 0.001976 0.000000
0.000000

0.000000 3.002335 29.927225
2.161042 0.240142 35.936768 201.482529 1032.996826
0.000000 0.053798 0.122767 0.000000 0.000000 0.000000
0.000000 0.000000 0.000000
2.979558 1.000000 0.000000
764.299377 0.000000
0.000000 0.000000 0.000000 0.000000
0.000000 2.919389
8 0.020000 0.820000 0.005000
0.486000 0.396000 0.726000 0.501000 1.360000 6.610000 0.785000 0.785000
272000.000000 96.599998 0.003000
1.073000 0.050000 0.116600
0.596256 0.380678 0.001947 0.000000
0.000000

0.000000 2.803180 27.897373
2.184671 0.242768 36.392803 203.638916 1032.690186
0.000000 0.029184 0.083625 0.000000 0.000000 0.000000
0.000000 0.000000 0.000000
3.008153 1.000000 0.000000
764.299377 0.000000
0.000000 0.000000 0.000000 0.000000
0.000000 2.857636
8 0.020000 0.840000 0.005000
0.486000 0.396000 0.726000 0.501000 1.360000 6.610000 0.785000 0.785000
272000.000000 96.599998 0.003000
1.073000 0.050000 0.116600
0.598636 0.376674 0.001927 0.000000
0.000000

0.000000 2.603080 25.871088
2.202070 0.244701 36.743950 205.215179 1032.411865
0.000000 0.529888 0.172225 0.000000 0.000000 0.000000
0.000000 0.000000 0.000000
3.036256 1.000000 0.000000
764.299377 0.000000
0.000000 0.000000 0.000000 0.000000
0.000000 2.801977
8 0.020000 0.860000 0.005000
0.486000 0.396000 0.726000 0.501000 1.360000 6.610000 0.785000 0.785000
272000.000000 96.599998 0.003000
1.073000 0.050000 0.116600
0.600632 0.376366 0.001925 0.000000
0.000000

0.000000 2.435416 24.187534
2.221917 0.246907 37.139099 207.014038 1032.191772
0.000000 1.393470 0.183899 0.000000 0.000000 0.000000
0.000000 0.000000 0.000000
3.063929 1.000000 0.000000
764.299377 0.000000
0.000000 0.000000 0.000000 0.000000
0.000000 2.737266
8 0.020000 0.880000 0.005000
0.486000 0.396000 0.726000 0.501000 1.360000 6.610000 0.785000 0.785000
272000.000000 96.599998 0.003000
1.073000 0.050000 0.116600
0.602547 0.370589 0.001896 0.000000
0.000000

0.000000 2.298587 22.734770
2.243516 0.249307 37.572731 208.965439 1031.978149
0.000000 1.897541 0.188004 0.000000 0.000000 0.000000
0.000000 0.000000 0.000000
3.091229 1.000000 0.000000
764.299377 0.000000
0.000000 0.000000 0.000000 0.000000
0.000000 3.076509
8 0.020000 0.900000 0.005000
0.486000 0.396000 0.726000 0.501000 1.360000 6.610000 0.785000 0.785000
272000.000000 96.599998 0.003000
1.073000 0.050000 0.116600
0.604524 0.369631 0.001891 0.000000
0.000000

0.000000 1.519677 14.450433
2.256145 0.250710 37.844955 210.139771 1031.727661
0.000000 1.727592 0.226487 0.000000 0.000000 0.000000
0.000000 0.000000 0.000000
3.118210 1.000000 0.000000
764.299377 0.000000
0.000000 0.000000 0.000000 0.000000
0.000000 2.705546
8 0.020000 0.920000 0.005000
0.486000 0.396000 0.726000 0.501000 1.360000 6.610000 0.785000 0.785000
272000.000000 96.599998 0.003000
1.073000 0.050000 0.116600
0.606310 0.368607 0.001885 0.000000
0.000000

0.000000 1.415057 11.254514
0.490515 0.054508 8.229104 45.622795 206.420547
0.000000 1.230716 0.062164 0.000000 0.000000 0.000000
0.000000 0.000000 0.000000
3.144922 1.000000 0.000000
764.299377 0.000000
0.000000 0.000000 0.000000 0.000000
0.000000 1.337963
8 0.020000 0.940000 0.001000
0.486000 0.396000 0.726000 0.501000 1.360000 6.610000 0.785000 0.785000
272000.000000 96.599998 0.003000
1.073000 0.050000 0.116600
0.121612 0.082177 0.000420 0.000000
0.000000

0.000000 1.327825 10.468076
0.492171 0.054692 8.271453 45.768238 206.356934
0.000000 0.686106 0.059833 0.000000 0.000000 0.000000
0.000000 0.000000 0.000000
3.171410 1.000000 0.000000
764.299377 0.000000
0.000000 0.000000 0.000000 0.000000
0.000000 1.200973
8 0.020000 0.960000 0.001000
0.486000 0.396000 0.726000 0.501000 1.360000 6.610000 0.785000 0.785000
272000.000000 96.599998 0.003000
1.073000 0.050000 0.116600
0.122015 0.074602 0.000381 0.000000
0.000000

0.000000 1.269242 9.837265
0.495669 0.055080 8.352564 46.076099 206.273499
0.000000 0.305257 0.055291 0.000000 0.000000 0.000000
0.000000 0.000000 0.000000
3.197715 1.000000 0.000000
764.299377 0.000000
0.000000 0.000000 0.000000 0.000000
0.000000 1.156732
8 0.020000 0.980000 0.001000
0.486000 0.396000 0.726000 0.501000 1.360000 6.610000 0.785000 0.785000
272000.000000 96.599998 0.003000
1.073000 0.050000 0.116600
0.122520 0.072465 0.000370 0.000000
0.000000

0.000000 1.300278 9.468405
0.502629 0.055854 8.529259 46.665821 206.138763
0.000000 0.125406 0.046510 0.000000 0.000000 0.000000
0.000000 0.000000 0.000000
3.223874 1.000000 0.000000
764.299377 0.000000
0.000000 0.000000 0.000000 0.000000
0.000000 0.986341
8 0.020000 1.000000 0.001000
0.486000 0.396000 0.726000 0.501000 1.360000 6.610000 0.785000 0.785000
272000.000000 96.599998 0.003000
1.073000 0.050000 0.116600
0.123341 0.071598 0.000366 0.000000
0.000000

0.000000 0.992040 8.743225
0.503291 0.055927 8.543267 46.734230 206.085571
0.000000 0.054696 0.079351 0.000000 0.000000 0.000000
0.000000 0.000000 0.000000
3.249922 1.000000 0.000000
764.299377 0.000000
0.000000 0.000000 0.000000 0.000000
0.000000 0.980222
8 0.020000 1.020000 0.001000
0.486000 0.396000 0.726000 0.501000 1.360000 6.610000 0.785000 0.785000
272000.000000 96.599998 0.003000
1.073000 0.050000 0.116600
0.123583 0.070961 0.000362 0.000000
0.000000

0.000000 0.905000 8.033251
0.502211 0.055807 8.526930 46.637051 206.068588
0.000000 0.028672 0.079712 0.000000 0.000000 0.000000
0.000000 0.000000 0.000000
3.275887 1.000000 0.000000
764.299377 0.000000
0.000000 0.000000 0.000000 0.000000
0.000000 0.964940
8 0.020000 1.040000 0.001000
0.486000 0.396000 0.726000 0.501000 1.360000 6.610000 0.785000 0.785000
272000.000000 96.599998 0.003000
1.073000 0.050000 0.116600
0.123661 0.070812 0.000362 0.000000
0.000000

0.000000 0.816288 7.329010
0.499712 0.055530 8.486451 46.408070 206.060532
0.000000 0.022797 0.079654 0.000000 0.000000 0.000000
0.000000 0.000000 0.000000
3.301799 1.000000 0.000000
764.299377 0.000000
0.000000 0.000000 0.000000 0.000000
0.000000 0.961190
8 0.020000 1.060000 0.001000
0.486000 0.396000 0.726000 0.501000 1.360000 6.610000 0.785000 0.785000
272000.000000 96.599998 0.003000
1.073000 0.050000 0.116600
0.123686 0.070737 0.000361 0.000000
0.000000

0.000000 0.742927 6.738930
0.498293 0.055372 8.464176 46.278782 206.057343
0.000000 0.024201 0.079069 0.000000 0.000000 0.000000
0.000000 0.000000 0.000000
3.327680 1.000000 0.000000
764.299377 0.000000
0.000000 0.000000 0.000000 0.000000
0.000000 0.955314
8 0.020000 1.080000 0.001000
0.486000 0.396000 0.726000 0.501000 1.360000 6.610000 0.785000 0.785000
272000.000000 96.599998 0.003000
1.073000 0.050000 0.116600
0.123710 0.070993 0.000363 0.000000
0.000000

0.000000 0.676353 6.204325
0.497013 0.055230 8.444167 46.162056 206.054962
0.000000 0.026275 0.077351 0.000000 0.000000 0.000000
0.000000 0.000000 0.000000
3.353554 1.000000 0.000000
764.299377 0.000000
0.000000 0.000000 0.000000 0.000000
0.000000 0.950258
8 0.020000 1.100000 0.001000
0.486000 0.396000 0.726000 0.501000 1.360000 6.610000 0.785000 0.785000
272000.000000 96.599998 0.003000
1.073000 0.050000 0.116600
0.123733 0.070727 0.000361 0.000000
0.000000

0.000000 0.615796 5.719747
0.495883 0.055104 8.426603 46.058933 206.054581
0.000000 0.026497 0.074668 0.000000 0.000000 0.000000
0.000000 0.000000 0.000000
3.379438 1.000000 0.000000
764.299377 0.000000
0.000000 0.000000 0.000000 0.000000
0.000000 0.945792
8 0.020000 1.120000 0.001000
0.486000 0.396000 0.726000 0.501000 1.360000 6.610000 0.785000 0.785000
272000.000000 96.599998 0.003000
1.073000 0.050000 0.116600
0.123752 0.070644 0.000361 0.000000
0.000000

0.000000 0.560764 5.280998
0.494886 0.054993 8.411249 45.967949 206.053009
0.000000 0.024540 0.071122 0.000000 0.000000 0.000000
0.000000 0.000000 0.000000
3.405349 1.000000 0.000000
764.299377 0.000000
0.000000 0.000000 0.000000 0.000000
0.000000 0.941230
8 0.020000 1.140000 0.001000
0.486000 0.396000 0.726000 0.501000 1.360000 6.610000 0.785000 0.785000
272000.000000 96.599998 0.003000
1.073000 0.050000 0.116600
0.123776 0.070820 0.000362 0.000000
0.000000

0.000000 0.506380 4.854844
0.493557 0.054846 8.390218 45.846081 206.049347
0.000000 0.021010 0.066748 0.000000 0.000000 0.000000
0.000000 0.000000 0.000000
3.431300 1.000000 0.000000
764.299377 0.000000
0.000000 0.000000 0.000000 0.000000
0.000000 1.001289
8 0.020000 1.160000 0.001000
0.486000 0.396000 0.726000 0.501000 1.360000 6.610000 0.785000 0.785000
272000.000000 96.599998 0.003000
1.073000 0.050000 0.116600
0.123796 0.070893 0.000362 0.000000
0.000000

0.000000 0.461322 4.497762
0.492860 0.054768 8.379808 45.782463 206.048630
0.000000 0.016823 0.062301 0.000000 0.000000 0.000000
0.000000 0.000000 0.000000
3.457305 1.000000 0.000000
764.299377 0.000000
0.000000 0.000000 0.000000 0.000000
0.000000 0.947352
8 0.020000 1.180000 0.001000
0.486000 0.396000 0.726000 0.501000 1.360000 6.610000 0.785000 0.785000
272000.000000 96.599998 0.003000
1.073000 0.050000 0.116600
0.123823 0.070630 0.000361 0.000000
0.000000

0.000000 0.420372 4.174527
0.492244 0.054700 8.370754 45.726189 206.048416
0.000000 0.012875 0.058821 0.000000 0.000000 0.000000
0.000000 0.000000 0.000000
3.483373 1.000000 0.000000
764.299377 0.000000
0.000000 0.000000 0.000000 0.000000
0.000000 0.950488
8 0.020000 1.200000 0.001000
0.486000 0.396000 0.726000 0.501000 1.360000 6.610000 0.785000 0.785000
272000.000000 96.599998 0.003000
1.073000 0.050000 0.116600
0.123842 0.070523 0.000360 0.000000
0.000000

0.000000 0.383366 3.882461
0.491748 0.054645 8.363658 45.680950 206.046906
0.000000 0.009770 0.057142 0.000000 0.000000 0.000000
0.000000 0.000000 0.000000
3.509512 1.000000 0.000000
764.299377 0.000000
0.000000 0.000000 0.000000 0.000000
0.000000 0.942710
8 0.020000 1.220000 0.001000
0.486000 0.396000 0.726000 0.501000 1.360000 6.610000 0.785000 0.785000
272000.000000 96.599998 0.003000
1.073000 0.050000 0.116600
0.123866 0.070477 0.000360 0.000000
0.000000

0.000000 0.346840 3.598631
0.490992 0.054561 8.352144 45.611515 206.043671
0.000000 0.007707 0.057258 0.000000 0.000000 0.000000
0.000000 0.000000 0.000000
3.535728 1.000000 0.000000
764.299377 0.000000
0.000000 0.000000 0.000000 0.000000
0.000000 0.934823
8 0.020000 1.240000 0.001000
0.486000 0.396000 0.726000 0.501000 1.360000 6.610000 0.785000 0.785000
272000.000000 96.599998 0.003000
1.073000 0.050000 0.116600
0.123884 0.070465 0.000360 0.000000
0.000000

0.000000 0.316550 3.361297
0.490671 0.054525 8.347929 45.582161 206.043091
0.000000 0.006577 0.058397 0.000000 0.000000 0.000000
0.000000 0.000000 0.000000
3.562028 1.000000 0.000000
764.299377 0.000000
0.000000 0.000000 0.000000 0.000000
0.000000 0.945925
8 0.020000 1.260000 0.001000
0.486000 0.396000 0.726000 0.501000 1.360000 6.610000 0.785000 0.785000
272000.000000 96.599998 0.003000
1.073000 0.050000 0.116600
0.123907 0.070415 0.000360 0.000000
0.000000

0.000000 0.288961 3.145915
0.490375 0.054492 8.344130 45.555065 206.045242
0.000000 0.006164 0.060128 0.000000 0.000000 0.000000
0.000000 0.000000 0.000000
3.588413 1.000000 0.000000
764.299377 0.000000
0.000000 0.000000 0.000000 0.000000
0.000000 0.935020
8 0.020000 1.280000 0.001000
0.486000 0.396000 0.726000 0.501000 1.360000 6.610000 0.785000 0.785000
272000.000000 96.599998 0.003000
1.073000 0.050000 0.116600
0.123925 0.072371 0.000370 0.000000
0.000000

0.000000 0.263990 2.952046
0.490171 0.054470 8.341842 45.536369 206.043564
0.000000 0.006269 0.062413 0.000000 0.000000 0.000000
0.000000 0.000000 0.000000
3.614886 1.000000 0.000000
764.299377 0.000000
0.000000 0.000000 0.000000 0.000000
0.000000 0.932008
8 0.020000 1.300000 0.001000
0.486000 0.396000 0.726000 0.501000 1.360000 6.610000 0.785000 0.785000
272000.000000 96.599998 0.003000
1.073000 0.050000 0.116600
0.123947 0.070548 0.000360 0.000000
0.000000

0.000000 0.241312 2.776404
0.490001 0.054451 8.340091 45.520683 206.044739
0.000000 0.006725 0.064910 0.000000 0.000000 0.000000
0.000000 0.000000 0.000000
3.641448 1.000000 0.000000
764.299377 0.000000
0.000000 0.000000 0.000000 0.000000
0.000000 0.930485
8 0.020000 1.320000 0.001000
0.486000 0.396000 0.726000 0.501000 1.360000 6.610000 0.785000 0.785000
272000.000000 96.599998 0.003000
1.073000 0.050000 0.116600
0.123969 0.070795 0.000362 0.000000
0.000000

0.000000 0.219018 2.605916
0.489678 0.054415 8.335707 45.490810 206.043243
0.000000 0.007397 0.067317 0.000000 0.000000 0.000000
0.000000 0.000000 0.000000
3.668100 1.000000 0.000000
764.299377 0.000000
0.000000 0.000000 0.000000 0.000000
0.000000 0.930400
8 0.020000 1.340000 0.001000
0.486000 0.396000 0.726000 0.501000 1.360000 6.610000 0.785000 0.785000
272000.000000 96.599998 0.003000
1.073000 0.050000 0.116600
0.123986 0.070627 0.000361 0.000000
0.000000

0.000000 0.200475 2.462987
0.489576 0.054403 8.335073 45.481339 206.043823
0.000000 0.008188 0.069599 0.000000 0.000000 0.000000
0.000000 0.000000 0.000000
3.694840 1.000000 0.000000
764.299377 0.000000
0.000000 0.000000 0.000000 0.000000
0.000000 0.922027
8 0.020000 1.360000 0.001000
0.486000 0.396000 0.726000 0.501000 1.360000 6.610000 0.785000 0.785000
272000.000000 96.599998 0.003000
1.073000 0.050000 0.116600
0.124005 0.070495 0.000360 0.000000
0.000000

0.000000 0.183606 2.333740
0.489514 0.054397 8.335075 45.475441 206.046463
0.000000 0.009022 0.071676 0.000000 0.000000 0.000000
0.000000 0.000000 0.000000
3.721665 1.000000 0.000000
764.299377 0.000000
0.000000 0.000000 0.000000 0.000000
0.000000 0.932428
8 0.020000 1.380000 0.001000
0.486000 0.396000 0.726000 0.501000 1.360000 6.610000 0.785000 0.785000
272000.000000 96.599998 0.003000
1.073000 0.050000 0.116600
0.124023 0.070477 0.000360 0.000000
0.000000

0.000000 0.168230 2.216650
0.489473 0.054392 8.335400 45.471470 206.050491
0.000000 0.009850 0.073613 0.000000 0.000000 0.000000
0.000000 0.000000 0.000000
3.748574 1.000000 0.000000
764.299377 0.000000
0.000000 0.000000 0.000000 0.000000
0.000000 0.923833
8 0.020000 1.400000 0.001000
0.486000 0.396000 0.726000 0.501000 1.360000 6.610000 0.785000 0.785000
272000.000000 96.599998 0.003000
1.073000 0.050000 0.116600
0.124038 0.070457 0.000360 0.000000
0.000000

0.000000 0.154402 2.111356
0.489479 0.054393 8.336512 45.471813 206.052063
0.000000 0.010631 0.075270 0.000000 0.000000 0.000000
0.000000 0.000000 0.000000
3.775563 1.000000 0.000000
764.299377 0.000000
0.000000 0.000000 0.000000 0.000000
0.000000 0.921139
8 0.020000 1.420000 0.001000
0.486000 0.396000 0.726000 0.501000 1.360000 6.610000 0.785000 0.785000
272000.000000 96.599998 0.003000
1.073000 0.050000 0.116600
0.124059 0.070375 0.000359 0.000000
0.000000

0.000000 0.140900 2.009238
0.489377 0.054381 8.335782 45.462101 206.051285
0.000000 0.011348 0.076796 0.000000 0.000000 0.000000
0.000000 0.000000 0.000000
3.802629 1.000000 0.000000
764.299377 0.000000
0.000000 0.000000 0.000000 0.000000
0.000000 0.919036
8 0.020000 1.440000 0.001000
0.486000 0.396000 0.726000 0.501000 1.360000 6.610000 0.785000 0.785000
272000.000000 96.599998 0.003000
1.073000 0.050000 0.116600
0.124073 0.070468 0.000360 0.000000
0.000000

0.000000 0.129597 1.923934
0.489438 0.054388 8.337772 45.467377 206.052948
0.000000 0.011991 0.078257 0.000000 0.000000 0.000000
0.000000 0.000000 0.000000
3.829766 1.000000 0.000000
764.299377 0.000000
0.000000 0.000000 0.000000 0.000000
0.000000 0.921391
8 0.020000 1.460000 0.001000
0.486000 0.396000 0.726000 0.501000 1.360000 6.610000 0.785000 0.785000
272000.000000 96.599998 0.003000
1.073000 0.050000 0.116600
0.124092 0.070473 0.000360 0.000000
0.000000

0.000000 0.119360 1.847013
0.489526 0.054398 8.340227 45.475132 206.054337
0.000000 0.012562 0.079537 0.000000 0.000000 0.000000
0.000000 0.000000 0.000000
3.856970 1.000000 0.000000
764.299377 0.000000
0.000000 0.000000 0.000000 0.000000
0.000000 0.916969
8 0.020000 1.480000 0.001000
0.486000 0.396000 0.726000 0.501000 1.360000 6.610000 0.785000 0.785000
272000.000000 96.599998 0.003000
1.073000 0.050000 0.116600
0.124106 0.070938 0.000362 0.000000
0.000000

0.000000 0.110118 1.777539
0.489615 0.054408 8.342662 45.483013 206.056290
0.000000 0.013098 0.080988 0.000000 0.000000 0.000000
0.000000 0.000000 0.000000
3.884236 1.000000 0.000000
764.299377 0.000000
0.000000 0.000000 0.000000 0.000000
0.000000 0.915264
8 0.020000 1.500000 0.001000
0.486000 0.396000 0.726000 0.501000 1.360000 6.610000 0.785000 0.785000
272000.000000 96.599998 0.003000
1.073000 0.050000 0.116600
0.124126 0.070522 0.000360 0.000000
0.000000

0.000000 0.036195 1.263919
0.488714 0.054308 8.328799 45.402046 206.056442
0.000000 0.013782 0.083754 0.000000 0.000000 0.000000
0.000000 0.000000 0.000000
3.911558 1.000000 0.000000
764.299377 0.000000
0.000000 0.000000 0.000000 0.000000
0.000000 0.912293
8 0.020000 1.520000 0.001000
0.486000 0.396000 0.726000 0.501000 1.360000 6.610000 0.785000 0.785000
272000.000000 96.599998 0.003000
1.073000 0.050000 0.116600
0.124141 0.070393 0.000359 0.000000
0.000000

0.000000 0.034678 1.249881
0.488922 0.054331 8.333155 45.420521 206.059296
0.000000 0.014579 0.085764 0.000000 0.000000 0.000000
0.000000 0.000000 0.000000
3.938931 1.000000 0.000000
764.299377 0.000000
0.000000 0.000000 0.000000 0.000000
0.000000 0.911014
8 0.020000 1.540000 0.001000
0.486000 0.396000 0.726000 0.501000 1.360000 6.610000 0.785000 0.785000
272000.000000 96.599998 0.003000
1.073000 0.050000 0.116600
0.124158 0.070430 0.000360 0.000000
0.000000

0.000000 0.032846 1.234023
0.489090 0.054350 8.336850 45.435413 206.060303
0.000000 0.015474 0.087725 0.000000 0.000000 0.000000
0.000000 0.000000 0.000000
3.966349 1.000000 0.000000
764.299377 0.000000
0.000000 0.000000 0.000000 0.000000
0.000000 0.909043
8 0.020000 1.560000 0.001000
0.486000 0.396000 0.726000 0.501000 1.360000 6.610000 0.785000 0.785000
272000.000000 96.599998 0.003000
1.073000 0.050000 0.116600
0.124173 0.070363 0.000359 0.000000
0.000000

0.000000 0.031656 1.223142
0.489291 0.054372 8.341079 45.453308 206.062790
0.000000 0.016395 0.089471 0.000000 0.000000 0.000000
0.000000 0.000000 0.000000
3.993806 1.000000 0.000000
764.299377 0.000000
0.000000 0.000000 0.000000 0.000000
0.000000 0.906509
8 0.020000 1.580000 0.001000
0.486000 0.396000 0.726000 0.501000 1.360000 6.610000 0.785000 0.785000
272000.000000 96.599998 0.003000
1.073000 0.050000 0.116600
0.124190 0.070354 0.000359 0.000000
0.000000

0.000000 0.030612 1.214047
0.489538 0.054399 8.346075 45.475407 206.063370
0.000000 0.017282 0.091095 0.000000 0.000000 0.000000
0.000000 0.000000 0.000000
4.021295 1.000000 0.000000
764.299377 0.000000
0.000000 0.000000 0.000000 0.000000
0.000000 0.904829
8 0.020000 1.600000 0.001000
0.486000 0.396000 0.726000 0.501000 1.360000 6.610000 0.785000 0.785000
272000.000000 96.599998 0.003000
1.073000 0.050000 0.116600
0.124207 0.070364 0.000359 0.000000
0.000000

0.000000 0.029681 1.205870
0.489763 0.054424 8.350721 45.495571 206.065567
0.000000 0.018094 0.092537 0.000000 0.000000 0.000000
0.000000 0.000000 0.000000
4.048812 1.000000 0.000000
764.299377 0.000000
0.000000 0.000000 0.000000 0.000000
0.000000 0.903353
8 0.020000 1.620000 0.001000
0.486000 0.396000 0.726000 0.501000 1.360000 6.610000 0.785000 0.785000
272000.000000 96.599998 0.003000
1.073000 0.050000 0.116600
0.124221 0.070913 0.000362 0.000000
0.000000

0.000000 0.028848 1.198879
0.490005 0.054451 8.355624 45.517303 206.067688
0.000000 0.018819 0.093904 0.000000 0.000000 0.000000
0.000000 0.000000 0.000000
4.076350 1.000000 0.000000
764.299377 0.000000
0.000000 0.000000 0.000000 0.000000
0.000000 0.901558
8 0.020000 1.640000 0.001000
0.486000 0.396000 0.726000 0.501000 1.360000 6.610000 0.785000 0.785000
272000.000000 96.599998 0.003000
1.073000 0.050000 0.116600
0.124238 0.070361 0.000359 0.000000
0.000000

0.000000 0.028113 1.192845
0.490248 0.054478 8.360525 45.539036 206.069870
0.000000 0.019448 0.095092 0.000000 0.000000 0.000000
0.000000 0.000000 0.000000
4.103903 1.000000 0.000000
764.299377 0.000000
0.000000 0.000000 0.000000 0.000000
0.000000 0.899881
8 0.020000 1.660000 0.001000
0.486000 0.396000 0.726000 0.501000 1.360000 6.610000 0.785000 0.785000
272000.000000 96.599998 0.003000
1.073000 0.050000 0.116600
0.124253 0.070360 0.000359 0.000000
0.000000

0.000000 0.027185 1.185431
0.490445 0.054500 8.364667 45.556618 206.072937
0.000000 0.019995 0.096267 0.000000 0.000000 0.000000
0.000000 0.000000 0.000000
4.131466 1.000000 0.000000
764.299377 0.000000
0.000000 0.000000 0.000000 0.000000
0.000000 0.903524
8 0.020000 1.680000 0.001000
0.486000 0.396000 0.726000 0.501000 1.360000 6.610000 0.785000 0.785000
272000.000000 96.599998 0.003000
1.073000 0.050000 0.116600
0.124271 0.070354 0.000359 0.000000
0.000000

0.000000 0.026606 1.181991
0.490765 0.054536 8.370870 45.585514 206.074478
0.000000 0.020476 0.097440 0.000000 0.000000 0.000000
0.000000 0.000000 0.000000
4.159033 1.000000 0.000000
764.299377 0.000000
0.000000 0.000000 0.000000 0.000000
0.000000 0.898642
8 0.020000 1.700000 0.001000
0.486000 0.396000 0.726000 0.501000 1.360000 6.610000 0.785000 0.785000
272000.000000 96.599998 0.003000
1.073000 0.050000 0.116600
0.124291 0.070338 0.000359 0.000000
0.000000

0.000000 0.026122 1.178613
0.491028 0.054565 8.376102 45.609180 206.075256
0.000000 0.020900 0.098500 0.000000 0.000000 0.000000
0.000000 0.000000 0.000000
4.186599 1.000000 0.000000
764.299377 0.000000
0.000000 0.000000 0.000000 0.000000
0.000000 0.897571
8 0.020000 1.720000 0.001000
0.486000 0.396000 0.726000 0.501000 1.360000 6.610000 0.785000 0.785000
272000.000000 96.599998 0.003000
1.073000 0.050000 0.116600
0.124308 0.070308 0.000359 0.000000
0.000000

0.000000 0.025683 1.175685
0.491276 0.054593 8.381063 45.631401 206.076996
0.000000 0.021275 0.099539 0.000000 0.000000 0.000000
0.000000 0.000000 0.000000
4.214159 1.000000 0.000000
764.299377 0.000000
0.000000 0.000000 0.000000 0.000000
0.000000 0.895674
8 0.020000 1.740000 0.001000
0.486000 0.396000 0.726000 0.501000 1.360000 6.610000 0.785000 0.785000
272000.000000 96.599998 0.003000
1.073000 0.050000 0.116600
0.124323 0.070327 0.000359 0.000000
0.000000

0.000000 0.025313 1.173538
0.491545 0.054623 8.386371 45.655666 206.078537
0.000000 0.021604 0.100534 0.000000 0.000000 0.000000
0.000000 0.000000 0.000000
4.241708 1.000000 0.000000
764.299377 0.000000
0.000000 0.000000 0.000000 0.000000
0.000000 0.894291
8 0.020000 1.760000 0.001000
0.486000 0.396000 0.726000 0.501000 1.360000 6.610000 0.785000 0.785000
272000.000000 96.599998 0.003000
1.073000 0.050000 0.116600
0.124341 0.070271 0.000359 0.000000
0.000000

0.000000 0.024978 1.171783
0.491799 0.054651 8.391446 45.678463 206.080597
0.000000 0.021894 0.101519 0.000000 0.000000 0.000000
0.000000 0.000000 0.000000
4.269242 1.000000 0.000000
764.299377 0.000000
0.000000 0.000000 0.000000 0.000000
0.000000 0.892024
8 0.020000 1.780000 0.001000
0.486000 0.396000 0.726000 0.501000 1.360000 6.610000 0.785000 0.785000
272000.000000 96.599998 0.003000
1.073000 0.050000 0.116600
0.124360 0.070281 0.000359 0.000000
0.000000

0.000000 0.024684 1.170326
0.492044 0.054678 8.396327 45.700428 206.083954
0.000000 0.022136 0.102424 0.000000 0.000000 0.000000
0.000000 0.000000 0.000000
4.296755 1.000000 0.000000
764.299377 0.000000
0.000000 0.000000 0.000000 0.000000
0.000000 0.892831
8 0.020000 1.800000 0.001000
0.486000 0.396000 0.726000 0.501000 1.360000 6.610000 0.785000 0.785000
272000.000000 96.599998 0.003000
1.073000 0.050000 0.116600
0.124374 0.070252 0.000359 0.000000
0.000000

0.000000 0.020517 1.130396
0.492226 0.054698 8.400195 45.716846 206.085495
0.000000 0.022331 0.103492 0.000000 0.000000 0.000000
0.000000 0.000000 0.000000
4.324244 1.000000 0.000000
764.299377 0.000000
0.000000 0.000000 0.000000 0.000000
0.000000 0.890355
8 0.020000 1.820000 0.001000
0.486000 0.396000 0.726000 0.501000 1.360000 6.610000 0.785000 0.785000
272000.000000 96.599998 0.003000
1.073000 0.050000 0.116600
0.124387 0.070265 0.000359 0.000000
0.000000

0.000000 0.020692 1.133505
0.492484 0.054727 8.405306 45.740047 206.086685
0.000000 0.022454 0.104448 0.000000 0.000000 0.000000
0.000000 0.000000 0.000000
4.351707 1.000000 0.000000
764.299377 0.000000
0.000000 0.000000 0.000000 0.000000
0.000000 0.888784
8 0.020000 1.840000 0.001000
0.486000 0.396000 0.726000 0.501000 1.360000 6.610000 0.785000 0.785000
272000.000000 96.599998 0.003000
1.073000 0.050000 0.116600
0.124406 0.070204 0.000359 0.000000
0.000000

0.000000 0.020862 1.136647
0.492744 0.054756 8.410417 45.763367 206.087341
0.000000 0.022503 0.105322 0.000000 0.000000 0.000000
0.000000 0.000000 0.000000
4.379139 1.000000 0.000000
764.299377 0.000000
0.000000 0.000000 0.000000 0.000000
0.000000 0.887524
8 0.020000 1.860000 0.001000
0.486000 0.396000 0.726000 0.501000 1.360000 6.610000 0.785000 0.785000
272000.000000 96.599998 0.003000
1.073000 0.050000 0.116600
0.124419 0.070184 0.000358 0.000000
0.000000

0.000000 0.021040 1.139765
0.492999 0.054784 8.415451 45.786304 206.087769
0.000000 0.022485 0.106149 0.000000 0.000000 0.000000
0.000000 0.000000 0.000000
4.406538 1.000000 0.000000
764.299377 0.000000
0.000000 0.000000 0.000000 0.000000
0.000000 0.886124
8 0.020000 1.880000 0.001000
0.486000 0.396000 0.726000 0.501000 1.360000 6.610000 0.785000 0.785000
272000.000000 96.599998 0.003000
1.073000 0.050000 0.116600
0.124438 0.070189 0.000358 0.000000
0.000000

0.000000 0.021200 1.142610
0.493231 0.054810 8.420109 45.807106 206.088821
0.000000 0.022412 0.106943 0.000000 0.000000 0.000000
0.000000 0.000000 0.000000
4.433902 1.000000 0.000000
764.299377 0.000000
0.000000 0.000000 0.000000 0.000000
0.000000 0.884885
8 0.020000 1.900000 0.001000
0.486000 0.396000 0.726000 0.501000 1.360000 6.610000 0.785000 0.785000
272000.000000 96.599998 0.003000
1.073000 0.050000 0.116600
0.124451 0.070193 0.000358 0.000000
0.000000

0.000000 0.021374 1.145692
0.493485 0.054838 8.425102 45.829956 206.089645
0.000000 0.022298 0.107714 0.000000 0.000000 0.000000
0.000000 0.000000 0.000000
4.461229 1.000000 0.000000
764.299377 0.000000
0.000000 0.000000 0.000000 0.000000
0.000000 0.883500
8 0.020000 1.920000 0.001000
0.486000 0.396000 0.726000 0.501000 1.360000 6.610000 0.785000 0.785000
272000.000000 96.599998 0.003000
1.073000 0.050000 0.116600
0.124465 0.070175 0.000358 0.000000
0.000000

0.000000 0.021543 1.149008
0.493759 0.054869 8.430442 45.854584 206.090698
0.000000 0.022161 0.108535 0.000000 0.000000 0.000000
0.000000 0.000000 0.000000
4.488517 1.000000 0.000000
764.299377 0.000000
0.000000 0.000000 0.000000 0.000000
0.000000 0.882208
8 0.020000 1.940000 0.001000
0.486000 0.396000 0.726000 0.501000 1.360000 6.610000 0.785000 0.785000
272000.000000 96.599998 0.003000
1.073000 0.050000 0.116600
0.124484 0.070133 0.000358 0.000000
0.000000

0.000000 0.021719 1.152924
0.494081 0.054905 8.436603 45.883804 206.091080
0.000000 0.022020 0.109409 0.000000 0.000000 0.000000
0.000000 0.000000 0.000000
4.515762 1.000000 0.000000
764.299377 0.000000
0.000000 0.000000 0.000000 0.000000
0.000000 0.880963
8 0.020000 1.960000 0.001000
0.486000 0.396000 0.726000 0.501000 1.360000 6.610000 0.785000 0.785000
272000.000000 96.599998 0.003000
1.073000 0.050000 0.116600
0.124501 0.070119 0.000358 0.000000
0.000000

0.000000 0.021893 1.161265
0.494785 0.054983 8.449271 45.948353 206.088989
0.000000 0.021890 0.110380 0.000000 0.000000 0.000000
0.000000 0.000000 0.000000
4.542966 1.000000 0.000000
764.299377 0.000000
0.000000 0.000000 0.000000 0.000000
0.000000 0.880010
8 0.020000 1.980000 0.001000
0.486000 0.396000 0.726000 0.501000 1.360000 6.610000 0.785000 0.785000
272000.000000 96.599998 0.003000
1.073000 0.050000 0.116600
0.124545 0.070060 0.000358 0.000000
0.000000

0.000000 0.022070 1.173969
0.495863 0.055103 8.468339 46.047722 206.085571
0.000000 0.115587 0.148834 0.000000 0.000000 0.000000
0.000000 0.000000 0.000000
4.570128 1.000000 0.000000
764.299377 0.000000
0.000000 0.000000 0.000000 0.000000
0.000000 0.879380
8 0.020000 2.000000 0.001000
0.486000 0.396000 0.726000 0.501000 1.360000 6.610000 0.785000 0.785000
272000.000000 96.599998 0.003000
1.073000 0.050000 0.116600
0.124613 0.070092 0.000358 0.000000
0.000000
1.000000
2.000000
0.000000 0.000000
0.000000
0
-0.640000
0 0
0.000000
1
0.000000
1.000000
1.000000
1.000000
0.000000 0.000000 0.000000
0.000000 0.000000
0.000000 0.000000 0.000000 0.000000 0.000000 0.000000 0.000000
0.000000 0.000000 0.000000 0.000000 0.000000 0.000000 0.000000
221
2.000000
1
C:\DNDC\sites\Ottawa\CEFSoilc.spf
-1.000000 -1.000000
0.000000
32
32
10.000000
104
0.000000
0.000000
256
0.000000
498050.656250
1
