7
Clay_loam
0.314000 0.490000 0.006410 0.726000 0.398000 1.000000 0.000000 0.000000
1.350000 6.610000 1 0.031000 0.500000 0.050000 0.010000 0.240000 0.750000
0.000000 0.020000 2.000000 270000.000000 96.599998 100
0.233300 1.944000 3.025300 0.000000 1
10.000000 10.000000 10.000000 5.000000 25.000000 100.000000
0.000000 0.000000 0.000000 0.000000 0.000000 0.000000
500.000000 0.000000 0.000000

0.002658 28.034071 515.571289
14.208304 1.579479 170.265320 1356.518433 5599.265137
0.000000 3.196839 0.903792 1.010348 0.000000 0.000000
0.000139 0.005696 0.001195
0.844653 0.717616 0.000000
764.299377 0.000000
0.000000 0.000000 0.000000 0.000000
0.000000 9.994755
7 0.020000 0.020000 0.031000
0.490000 0.314000 0.726000 0.398000 1.350000 6.610000 0.726000 0.726000
270000.000000 96.599998 0.006410
1.073000 0.050000 0.116600
21.257561 5.994080 0.022686 0.000000
0.000000

0.002659 27.951033 515.719299
14.171072 1.575257 169.899811 1356.653564 5599.415039
0.000000 1.120833 1.222739 0.505174 0.000000 0.000000
0.000033 0.000487 0.000355
0.751702 0.724982 0.000000
764.299377 0.000000
0.000000 0.000000 0.000000 0.000000
0.000000 6.947602
7 0.020000 0.040000 0.031000
0.490000 0.314000 0.726000 0.398000 1.350000 6.610000 0.726000 0.726000
270000.000000 96.599998 0.006410
1.073000 0.050000 0.116600
21.255701 5.990115 0.022834 0.000000
0.000000

0.002660 27.962158 515.678284
14.088294 1.565856 170.117844 1356.689087 5599.330078
0.000000 0.695315 1.242386 0.252587 0.000000 0.000000
0.000010 0.000436 0.000000
0.648619 0.886727 0.000000
764.299377 0.000000
0.000000 0.000000 0.000000 0.000000
0.000000 4.422792
7 0.020000 0.060000 0.031000
0.490000 0.314000 0.726000 0.398000 1.350000 6.610000 0.726000 0.726000
270000.000000 96.599998 0.006410
1.073000 0.050000 0.116600
21.256731 5.977279 0.027727 0.000000
0.000000

0.002689 28.416803 516.282715
13.991561 1.554861 170.996811 1356.560059 5598.993164
0.000000 0.612947 1.211808 0.126294 0.000000 0.000000
0.000007 0.000382 0.000312
0.568077 1.000000 0.000000
764.299377 0.000000
0.000000 0.000000 0.000000 0.000000
0.000000 3.606667
7 0.020000 0.080000 0.031000
0.490000 0.314000 0.726000 0.398000 1.350000 6.610000 0.726000 0.726000
270000.000000 96.599998 0.006410
1.073000 0.050000 0.116600
21.261066 5.967573 0.031149 0.000000
0.000000

0.002673 28.136646 516.112244
13.983840 1.553993 170.510269 1356.687378 5599.182617
0.000000 0.542231 1.164606 0.063147 0.000000 0.000000
0.000006 0.000329 0.000270
0.509445 1.000000 0.000000
764.299377 0.000000
0.000000 0.000000 0.000000 0.000000
0.000000 3.182159
7 0.020000 0.100000 0.025000
0.490000 0.314000 0.726000 0.398000 1.350000 6.610000 0.726000 0.726000
270000.000000 96.599998 0.006410
1.073000 0.050000 0.116600
21.258631 5.962771 0.031117 0.000000
0.000000

0.002674 28.152483 516.288757
13.980997 1.553670 170.561523 1356.669067 5599.165039
0.000000 0.477623 0.971968 0.031573 0.000000 0.000000
0.000005 0.000279 0.000229
0.461284 1.000000 0.000000
764.299377 0.000000
0.000000 0.000000 0.000000 0.000000
0.000000 2.918048
7 0.020000 0.120000 0.025000
0.490000 0.314000 0.726000 0.398000 1.350000 6.610000 0.726000 0.726000
270000.000000 96.599998 0.006410
1.073000 0.050000 0.116600
21.258886 5.956523 0.031078 0.000000
0.000000

0.002687 28.356304 516.489807
13.981264 1.553693 170.952591 1356.574707 5599.009277
0.000000 0.426434 0.916362 0.015787 0.000000 0.000000
0.000000 0.000002 0.000000
0.413470 1.000000 0.000000
764.299377 0.000000
0.000000 0.000000 0.000000 0.000000
0.000000 2.729063
7 0.020000 0.140000 0.025000
0.490000 0.314000 0.726000 0.398000 1.350000 6.610000 0.726000 0.726000
270000.000000 96.599998 0.006410
1.073000 0.050000 0.116600
21.260828 5.952879 0.031055 0.000000
0.000000

0.002696 28.978535 516.620667
13.975916 1.553093 171.187195 1356.345337 5598.904297
0.000000 0.385459 0.871154 0.007893 0.000000 0.000000
0.000004 0.000001 0.000000
0.376478 1.000000 0.000000
764.299377 0.000000
0.000000 0.000000 0.000000 0.000000
0.000000 2.546162
7 0.020000 0.160000 0.025000
0.490000 0.314000 0.726000 0.398000 1.350000 6.610000 0.726000 0.726000
270000.000000 96.599998 0.006410
1.073000 0.050000 0.116600
21.262104 5.949024 0.031031 0.000000
0.000000

0.002727 29.438778 517.087158
13.980927 1.553646 172.100281 1356.126221 5598.547363
0.000000 0.351301 0.825580 0.003947 0.000000 0.000000
0.000004 0.000000 0.000000
0.346451 1.000000 0.000000
764.299377 0.000000
0.000000 0.000000 0.000000 0.000000
0.000000 2.341943
7 0.020000 0.180000 0.020000
0.490000 0.314000 0.726000 0.398000 1.350000 6.610000 0.726000 0.726000
270000.000000 96.599998 0.006410
1.073000 0.050000 0.116600
21.266634 5.943605 0.030998 0.000000
0.000000

0.002716 29.284271 516.928772
13.977051 1.553211 171.794312 1356.203125 5598.666992
0.000000 1.848467 1.107275 0.001973 0.000000 0.000000
0.000003 0.000000 0.000000
0.323385 1.000000 0.000000
764.299377 0.000000
0.000000 0.000000 0.000000 0.000000
0.000000 10.031883
7 0.020000 0.200000 0.020000
0.490000 0.314000 0.726000 0.398000 1.350000 6.610000 0.726000 0.726000
270000.000000 96.599998 0.006410
1.073000 0.050000 0.116600
21.265110 6.025671 0.031966 0.000000
0.000000

0.002931 33.358574 520.070068
13.956214 1.550737 179.553864 1354.585205 5595.684082
0.000000 6.430119 1.078151 0.000987 0.000000 0.000000
0.000002 0.000000 0.000000
0.310859 1.000000 0.000000
764.299377 0.000000
0.000000 0.000000 0.000000 0.000000
0.000000 20.082361
7 0.020000 0.220000 0.020000
0.490000 0.314000 0.726000 0.398000 1.350000 6.610000 0.726000 0.726000
270000.000000 96.599998 0.006410
1.073000 0.050000 0.116600
21.302685 6.016857 0.032239 0.000000
0.000000

0.011905 29.128502 218.948013
8.942467 0.993637 141.787994 841.323914 4100.014648
0.000000 3.998846 0.619053 0.000493 0.000000 0.000000
0.000001 0.000000 0.000000
0.298804 1.000000 0.000000
764.299377 0.000000
0.000000 0.000000 0.000000 0.000000
0.000000 10.451016
7 0.020000 0.240000 0.020000
0.490000 0.314000 0.726000 0.398000 1.350000 6.610000 0.726000 0.726000
270000.000000 96.599998 0.006410
1.073000 0.050000 0.116600
2.349768 3.040923 0.015926 0.000000
0.000000

0.010933 26.418301 199.258286
8.888474 0.987680 140.809448 835.648682 4099.747070
0.000000 1.470483 0.470432 0.000247 0.000000 0.000000
0.000000 0.000000 0.000000
0.299855 0.726000 0.000000
764.299377 0.000000
0.000000 0.000000 0.000000 0.000000
0.000000 6.063951
7 0.020000 0.260000 0.020000
0.490000 0.314000 0.726000 0.398000 1.350000 6.610000 0.726000 0.726000
270000.000000 96.599998 0.006410
1.073000 0.050000 0.116600
2.352024 1.884529 0.007149 0.000000
0.000000

0.015141 28.513868 195.208908
8.383094 0.931482 135.598160 786.033142 3685.810791
0.000000 5.319681 0.841228 0.000123 0.000000 0.000000
0.000001 0.000000 0.000000
0.314405 1.000000 0.000000
764.299377 0.000000
0.000000 0.000000 0.000000 0.000000
0.000000 13.485785
7 0.020000 0.280000 0.018000
0.490000 0.314000 0.726000 0.398000 1.350000 6.610000 0.726000 0.726000
270000.000000 96.599998 0.000070
1.073000 0.050000 0.116600
2.147074 2.684404 0.014052 0.000000
0.000000

0.015358 27.146721 181.581680
8.425901 0.936238 136.921600 789.444031 3684.205078
0.000000 11.601908 0.916196 0.000062 0.000000 0.000000
0.000001 0.000000 0.000000
0.358555 1.000000 0.000000
764.299377 0.000000
0.000000 0.000000 0.000000 0.000000
0.000000 5.888797
7 0.020000 0.300000 0.018000
0.490000 0.314000 0.726000 0.398000 1.350000 6.610000 0.726000 0.726000
270000.000000 96.599998 0.000070
1.073000 0.050000 0.116600
2.155782 1.545280 0.008069 0.000000
0.000000

0.013956 24.551491 165.197174
8.350121 0.927818 135.684784 782.380615 3684.122559
0.000000 14.620369 0.860058 0.000031 0.000000 0.000000
0.000001 0.000000 0.000000
0.391240 0.999425 0.000000
764.299377 0.000000
0.000000 0.000000 0.000000 0.000000
0.000000 3.823270
7 0.020000 0.320000 0.018000
0.490000 0.314000 0.726000 0.398000 1.350000 6.610000 0.726000 0.726000
270000.000000 96.599998 0.000070
1.073000 0.050000 0.116600
2.155033 1.355588 0.007075 0.000000
0.000000

0.014217 23.424215 152.575302
7.578145 0.842040 124.535553 708.659546 3217.356445
0.000000 13.119096 0.741838 0.000015 0.000000 0.000000
0.000000 0.000000 0.000000
0.396518 0.996431 0.000000
764.299377 0.000000
0.000000 0.000000 0.000000 0.000000
0.000000 3.109348
8 0.020000 0.340000 0.015500
0.483000 0.377000 0.726000 0.484000 1.370000 6.610000 0.770000 0.770000
274000.000000 96.599998 0.000070
1.073000 0.050000 0.116600
1.901354 1.179741 0.005957 0.000000
0.000000

0.012794 21.145935 138.871124
7.519452 0.835519 123.516006 703.254639 3217.334229
0.000000 9.759063 0.677271 0.000008 0.000000 0.000000
0.000000 0.000000 0.000000
0.405582 0.996062 0.000000
764.299377 0.000000
0.000000 0.000000 0.000000 0.000000
0.000000 3.087453
8 0.020000 0.360000 0.015500
0.483000 0.377000 0.726000 0.484000 1.370000 6.610000 0.770000 0.770000
274000.000000 96.599998 0.000070
1.073000 0.050000 0.116600
1.900897 1.138708 0.005746 0.000000
0.000000

0.011555 19.084475 126.431953
7.463647 0.829318 122.572990 698.087708 3217.396240
0.000000 6.648987 0.628137 0.000004 0.000000 0.000000
0.000000 0.000000 0.000000
0.418186 0.995831 0.000000
764.299377 0.000000
0.000000 0.000000 0.000000 0.000000
0.000000 3.421568
8 0.020000 0.380000 0.015500
0.483000 0.377000 0.726000 0.484000 1.370000 6.610000 0.770000 0.770000
274000.000000 96.599998 0.000070
1.073000 0.050000 0.116600
1.900297 1.129515 0.005698 0.000000
0.000000

0.010422 17.215511 115.173492
7.411646 0.823540 121.684898 693.280090 3217.426758
0.000000 4.449977 0.596750 0.000002 0.000000 0.000000
0.000000 0.000000 0.000000
0.434112 0.995144 0.000000
764.299377 0.000000
0.000000 0.000000 0.000000 0.000000
0.000000 3.846247
8 0.020000 0.400000 0.015500
0.483000 0.377000 0.726000 0.484000 1.370000 6.610000 0.770000 0.770000
274000.000000 96.599998 0.000070
1.073000 0.050000 0.116600
1.899669 1.128510 0.005690 0.000000
0.000000

0.009415 15.561296 105.124084
7.371001 0.819024 120.998428 689.515015 3217.480957
0.000000 3.180202 0.583039 0.000001 0.000000 0.000000
0.000000 0.000000 0.000000
0.453151 0.993774 0.000000
764.299377 0.000000
0.000000 0.000000 0.000000 0.000000
0.000000 4.162987
8 0.020000 0.420000 0.015500
0.483000 0.377000 0.726000 0.484000 1.370000 6.610000 0.770000 0.770000
274000.000000 96.599998 0.000070
1.073000 0.050000 0.116600
1.899530 1.128212 0.005680 0.000000
0.000000

0.008515 14.079200 96.060150
7.334140 0.814928 120.373329 686.101257 3217.567139
0.000000 2.454531 0.577116 0.000000 0.000000 0.000000
0.000000 0.000000 0.000000
0.475107 0.991737 0.000000
764.299377 0.000000
0.000000 0.000000 0.000000 0.000000
0.000000 4.397238
8 0.020000 0.440000 0.015500
0.483000 0.377000 0.726000 0.484000 1.370000 6.610000 0.770000 0.770000
274000.000000 96.599998 0.000070
1.073000 0.050000 0.116600
1.899399 1.128923 0.005672 0.000000
0.000000

0.007712 12.752872 87.927307
7.303747 0.811552 119.874352 683.270264 3217.605957
0.000000 1.856072 0.575262 0.000000 0.000000 0.000000
0.000000 0.000000 0.000000
0.499785 0.989362 0.000000
764.299377 0.000000
0.000000 0.000000 0.000000 0.000000
0.000000 4.589971
8 0.020000 0.460000 0.015500
0.483000 0.377000 0.726000 0.484000 1.370000 6.610000 0.770000 0.770000
274000.000000 96.599998 0.000070
1.073000 0.050000 0.116600
1.899490 1.126163 0.005645 0.000000
0.000000

0.006996 11.543797 80.536461
7.276042 0.808474 119.424644 680.685120 3217.669434
0.000000 1.280713 0.566546 0.000000 0.000000 0.000000
0.000000 0.000000 0.000000
0.526990 0.987202 0.000000
764.299377 0.000000
0.000000 0.000000 0.000000 0.000000
0.000000 4.739405
8 0.020000 0.480000 0.015500
0.483000 0.377000 0.726000 0.484000 1.370000 6.610000 0.770000 0.770000
274000.000000 96.599998 0.000070
1.073000 0.050000 0.116600
1.899552 1.125657 0.005630 0.000000
0.000000

0.006344 10.459172 73.899399
7.253870 0.806010 119.076935 678.606567 3217.734131
0.000000 0.799195 0.547566 0.000000 0.000000 0.000000
0.000000 0.000000 0.000000
0.556531 0.985781 0.000000
764.299377 0.000000
0.000000 0.000000 0.000000 0.000000
0.000000 4.846471
8 0.020000 0.500000 0.015500
0.483000 0.377000 0.726000 0.484000 1.370000 6.610000 0.770000 0.770000
274000.000000 96.599998 0.000070
1.073000 0.050000 0.116600
1.899819 1.125150 0.005619 0.000000
0.000000

0.005769 9.491032 67.939224
7.235691 0.803990 118.800461 676.896606 3217.760010
0.000000 1.241522 0.548402 0.000000 0.000000 0.000000
0.000000 0.000000 0.000000
0.588221 0.985343 0.000000
764.299377 0.000000
0.000000 0.000000 0.000000 0.000000
0.000000 4.885440
8 0.020000 0.520000 0.015500
0.483000 0.377000 0.726000 0.484000 1.370000 6.610000 0.770000 0.770000
274000.000000 96.599998 0.000070
1.073000 0.050000 0.116600
1.900169 1.124709 0.005615 0.000000
0.000000

0.002674 6.637882 51.480335
3.629216 0.403263 58.020363 340.992279 1664.205078
0.000000 0.999562 0.381871 0.000000 0.000000 0.000000
0.000000 0.000000 0.000000
0.623818 0.939189 0.000000
764.299377 0.000000
0.000000 0.000000 0.000000 0.000000
0.000000 4.580829
8 0.020000 0.540000 0.008000
0.483000 0.377000 0.726000 0.484000 1.370000 6.610000 0.770000 0.770000
274000.000000 96.599998 0.002410
1.073000 0.050000 0.116600
0.966456 0.707396 0.003357 0.000000
0.000000

0.002493 6.086181 47.259766
3.619713 0.402201 57.987152 340.058289 1664.062866
0.000000 0.935368 0.391532 0.000000 0.000000 0.000000
0.000000 0.000000 0.000000
0.660877 1.000000 0.000000
764.299377 0.000000
0.000000 0.000000 0.000000 0.000000
0.000000 4.280079
8 0.020000 0.560000 0.008000
0.483000 0.377000 0.726000 0.484000 1.370000 6.610000 0.770000 0.770000
274000.000000 96.599998 0.002410
1.073000 0.050000 0.116600
0.967329 0.620266 0.003134 0.000000
0.000000

0.002315 5.589779 43.492073
3.615322 0.401713 57.991249 339.578247 1663.873657
0.000000 0.830791 0.396161 0.000000 0.000000 0.000000
0.000000 0.000000 0.000000
0.697510 1.000000 0.000000
764.299377 0.000000
0.000000 0.000000 0.000000 0.000000
0.000000 4.162381
8 0.020000 0.580000 0.008000
0.483000 0.377000 0.726000 0.484000 1.370000 6.610000 0.770000 0.770000
274000.000000 96.599998 0.002410
1.073000 0.050000 0.116600
0.968372 0.604401 0.003054 0.000000
0.000000

0.002166 5.146782 40.102318
3.614533 0.401626 58.053917 339.434998 1663.648682
0.000000 2.141815 0.446999 0.000000 0.000000 0.000000
0.000000 0.000000 0.000000
0.735692 1.000000 0.000000
764.299377 0.000000
0.000000 0.000000 0.000000 0.000000
0.000000 4.068446
8 0.020000 0.600000 0.008000
0.483000 0.377000 0.726000 0.484000 1.370000 6.610000 0.770000 0.770000
274000.000000 96.599998 0.002410
1.073000 0.050000 0.116600
0.969532 0.602171 0.003042 0.000000
0.000000

0.002022 4.729431 36.976803
3.613953 0.401561 58.103687 339.327148 1663.476318
0.000000 0.556549 0.393752 0.000000 0.000000 0.000000
0.000000 0.000000 0.000000
0.775293 1.000000 0.000000
764.299377 0.000000
0.000000 0.000000 0.000000 0.000000
0.000000 4.308206
8 0.020000 0.620000 0.008000
0.483000 0.377000 0.726000 0.484000 1.370000 6.610000 0.770000 0.770000
274000.000000 96.599998 0.002410
1.073000 0.050000 0.116600
0.970577 0.597996 0.003021 0.000000
0.000000

0.001935 4.376811 34.216915
3.616775 0.401875 58.320339 339.425751 1663.287354
0.000000 0.313259 0.372751 0.000000 0.000000 0.000000
0.000000 0.000000 0.000000
0.816190 1.000000 0.000000
764.299377 0.000000
0.000000 0.000000 0.000000 0.000000
0.000000 4.080593
8 0.020000 0.640000 0.008000
0.483000 0.377000 0.726000 0.484000 1.370000 6.610000 0.770000 0.770000
274000.000000 96.599998 0.002410
1.073000 0.050000 0.116600
0.971766 0.594754 0.003005 0.000000
0.000000

0.001862 4.058785 31.732536
3.621752 0.402428 58.612450 339.685425 1663.066284
0.000000 0.355728 0.391924 0.000000 0.000000 0.000000
0.000000 0.000000 0.000000
0.858270 1.000000 0.000000
764.299377 0.000000
0.000000 0.000000 0.000000 0.000000
0.000000 4.026019
8 0.020000 0.660000 0.008000
0.483000 0.377000 0.726000 0.484000 1.370000 6.610000 0.770000 0.770000
274000.000000 96.599998 0.002410
1.073000 0.050000 0.116600
0.973006 0.592477 0.002993 0.000000
0.000000

0.001783 3.766398 29.522118
3.631964 0.403563 58.948994 340.475922 1662.807617
0.000000 0.481079 0.422947 0.000000 0.000000 0.000000
0.000000 0.000000 0.000000
0.901425 1.000000 0.000000
764.299377 0.000000
0.000000 0.000000 0.000000 0.000000
0.000000 4.000177
8 0.020000 0.680000 0.008000
0.483000 0.377000 0.726000 0.484000 1.370000 6.610000 0.770000 0.770000
274000.000000 96.599998 0.002410
1.073000 0.050000 0.116600
0.974499 0.596749 0.003015 0.000000
0.000000

0.001718 3.509593 27.572901
3.645956 0.405117 59.356930 341.610352 1662.483154
0.000000 0.881172 0.475388 0.000000 0.000000 0.000000
0.000000 0.000000 0.000000
0.945552 1.000000 0.000000
764.299377 0.000000
0.000000 0.000000 0.000000 0.000000
0.000000 3.925432
8 0.020000 0.700000 0.008000
0.483000 0.377000 0.726000 0.484000 1.370000 6.610000 0.770000 0.770000
274000.000000 96.599998 0.002410
1.073000 0.050000 0.116600
0.976179 0.593436 0.002998 0.000000
0.000000

0.001693 3.300744 25.910374
3.665868 0.407330 59.927410 343.232666 1662.135498
0.000000 0.851815 0.484271 0.000000 0.000000 0.000000
0.000000 0.000000 0.000000
0.990556 1.000000 0.000000
764.299377 0.000000
0.000000 0.000000 0.000000 0.000000
0.000000 4.263481
8 0.020000 0.720000 0.008000
0.483000 0.377000 0.726000 0.484000 1.370000 6.610000 0.770000 0.770000
274000.000000 96.599998 0.002410
1.073000 0.050000 0.116600
0.978179 0.594364 0.003003 0.000000
0.000000

0.001824 3.224253 22.824562
2.347910 0.260886 38.710815 219.492188 1030.847656
0.000000 1.003728 0.354488 0.000000 0.000000 0.000000
0.000000 0.000000 0.000000
1.036280 1.000000 0.000000
764.299377 0.000000
0.000000 0.000000 0.000000 0.000000
0.000000 3.230262
8 0.020000 0.740000 0.005000
0.486000 0.396000 0.726000 0.501000 1.360000 6.610000 0.785000 0.785000
272000.000000 96.599998 0.003000
1.073000 0.050000 0.116600
0.610275 0.384147 0.001965 0.000000
0.000000

0.001823 3.052244 21.435425
2.362393 0.262495 39.063457 220.734802 1030.506714
0.000000 0.922603 0.358258 0.000000 0.000000 0.000000
0.000000 0.000000 0.000000
1.082637 1.000000 0.000000
764.299377 0.000000
0.000000 0.000000 0.000000 0.000000
0.000000 3.128664
8 0.020000 0.760000 0.005000
0.486000 0.396000 0.726000 0.501000 1.360000 6.610000 0.785000 0.785000
272000.000000 96.599998 0.003000
1.073000 0.050000 0.116600
0.611754 0.370536 0.001895 0.000000
0.000000

0.001854 2.910397 20.223557
2.378671 0.264304 39.459949 222.130661 1030.207642
0.000000 0.820034 0.361102 0.000000 0.000000 0.000000
0.000000 0.000000 0.000000
1.129615 1.000000 0.000000
764.299377 0.000000
0.000000 0.000000 0.000000 0.000000
0.000000 2.854703
8 0.020000 0.780000 0.005000
0.486000 0.396000 0.726000 0.501000 1.360000 6.610000 0.785000 0.785000
272000.000000 96.599998 0.003000
1.073000 0.050000 0.116600
0.613293 0.367137 0.001878 0.000000
0.000000

0.001891 2.696226 18.922750
2.395919 0.266221 39.920319 223.569717 1029.839844
0.000000 0.821296 0.368293 0.000000 0.000000 0.000000
0.000000 0.000000 0.000000
1.177143 1.000000 0.000000
764.299377 0.000000
0.000000 0.000000 0.000000 0.000000
0.000000 2.779607
8 0.020000 0.800000 0.005000
0.486000 0.396000 0.726000 0.501000 1.360000 6.610000 0.785000 0.785000
272000.000000 96.599998 0.003000
1.073000 0.050000 0.116600
0.614983 0.362621 0.001855 0.000000
0.000000

0.000000 1.752116 15.722216
2.415465 0.268392 40.389030 225.259415 1029.465088
0.000000 0.816056 0.377313 0.000000 0.000000 0.000000
0.000000 0.000000 0.000000
1.225152 1.000000 0.000000
764.299377 0.000000
0.000000 0.000000 0.000000 0.000000
0.000000 2.682218
8 0.020000 0.820000 0.005000
0.486000 0.396000 0.726000 0.501000 1.360000 6.610000 0.785000 0.785000
272000.000000 96.599998 0.003000
1.073000 0.050000 0.116600
0.616838 0.358610 0.001834 0.000000
0.000000

0.000000 1.657579 15.013994
2.435662 0.270637 40.816631 227.054337 1029.163208
0.000000 0.769755 0.383684 0.000000 0.000000 0.000000
0.000000 0.000000 0.000000
1.273579 1.000000 0.000000
764.299377 0.000000
0.000000 0.000000 0.000000 0.000000
0.000000 2.621867
8 0.020000 0.840000 0.005000
0.486000 0.396000 0.726000 0.501000 1.360000 6.610000 0.785000 0.785000
272000.000000 96.599998 0.003000
1.073000 0.050000 0.116600
0.618387 0.355998 0.001821 0.000000
0.000000

0.000000 1.485462 14.130463
2.449318 0.272154 41.102039 228.272705 1028.912842
0.000000 0.685989 0.385499 0.000000 0.000000 0.000000
0.000000 0.000000 0.000000
1.322364 1.000000 0.000000
764.299377 0.000000
0.000000 0.000000 0.000000 0.000000
0.000000 2.545768
8 0.020000 0.860000 0.005000
0.486000 0.396000 0.726000 0.501000 1.360000 6.610000 0.785000 0.785000
272000.000000 96.599998 0.003000
1.073000 0.050000 0.116600
0.619606 0.355529 0.001818 0.000000
0.000000

0.000000 1.393342 13.492281
2.461562 0.273515 41.362286 229.360229 1028.747070
0.000000 0.585177 0.384248 0.000000 0.000000 0.000000
0.000000 0.000000 0.000000
1.371450 1.000000 0.000000
764.299377 0.000000
0.000000 0.000000 0.000000 0.000000
0.000000 2.557097
8 0.020000 0.880000 0.005000
0.486000 0.396000 0.726000 0.501000 1.360000 6.610000 0.785000 0.785000
272000.000000 96.599998 0.003000
1.073000 0.050000 0.116600
0.620564 0.352263 0.001802 0.000000
0.000000

0.000000 1.305278 12.908615
2.472950 0.274780 41.612556 230.363480 1028.595581
0.000000 0.471559 0.378316 0.000000 0.000000 0.000000
0.000000 0.000000 0.000000
1.420786 1.000000 0.000000
764.299377 0.000000
0.000000 0.000000 0.000000 0.000000
0.000000 2.496814
8 0.020000 0.900000 0.005000
0.486000 0.396000 0.726000 0.501000 1.360000 6.610000 0.785000 0.785000
272000.000000 96.599998 0.003000
1.073000 0.050000 0.116600
0.621452 0.351325 0.001797 0.000000
0.000000

0.000000 1.078321 11.647717
2.486239 0.276257 41.901310 231.538940 1028.352295
0.000000 0.377594 0.371050 0.000000 0.000000 0.000000
0.000000 0.000000 0.000000
1.470324 1.000000 0.000000
764.299377 0.000000
0.000000 0.000000 0.000000 0.000000
0.000000 2.464472
8 0.020000 0.920000 0.005000
0.486000 0.396000 0.726000 0.501000 1.360000 6.610000 0.785000 0.785000
272000.000000 96.599998 0.003000
1.073000 0.050000 0.116600
0.622592 0.352219 0.001801 0.000000
0.000000

0.000000 1.023615 6.965153
0.515364 0.057264 8.704871 47.965332 205.652298
0.000000 0.459603 0.129347 0.000000 0.000000 0.000000
0.000000 0.000000 0.000000
1.520016 1.000000 0.000000
764.299377 0.000000
0.000000 0.000000 0.000000 0.000000
0.000000 1.192769
8 0.020000 0.940000 0.001000
0.486000 0.396000 0.726000 0.501000 1.360000 6.610000 0.785000 0.785000
272000.000000 96.599998 0.003000
1.073000 0.050000 0.116600
0.124772 0.077143 0.000394 0.000000
0.000000

0.000000 0.989979 6.558496
0.518268 0.057587 8.792925 48.197304 205.593109
0.000000 0.326658 0.154689 0.000000 0.000000 0.000000
0.000000 0.000000 0.000000
1.569821 1.000000 0.000000
764.299377 0.000000
0.000000 0.000000 0.000000 0.000000
0.000000 1.043619
8 0.020000 0.960000 0.001000
0.486000 0.396000 0.726000 0.501000 1.360000 6.610000 0.785000 0.785000
272000.000000 96.599998 0.003000
1.073000 0.050000 0.116600
0.125069 0.071345 0.000364 0.000000
0.000000

0.000000 0.972110 6.221954
0.522295 0.058034 8.867541 48.566120 205.514114
0.000000 0.197470 0.147175 0.000000 0.000000 0.000000
0.000000 0.000000 0.000000
1.619699 1.000000 0.000000
764.299377 0.000000
0.000000 0.000000 0.000000 0.000000
0.000000 1.015683
8 0.020000 0.980000 0.001000
0.486000 0.396000 0.726000 0.501000 1.360000 6.610000 0.785000 0.785000
272000.000000 96.599998 0.003000
1.073000 0.050000 0.116600
0.125427 0.069509 0.000355 0.000000
0.000000

0.000000 0.920952 5.858344
0.527679 0.058633 8.960289 49.066177 205.413956
0.000000 0.112082 0.137455 0.000000 0.000000 0.000000
0.000000 0.000000 0.000000
1.669611 1.000000 0.000000
764.299377 0.000000
0.000000 0.000000 0.000000 0.000000
0.000000 1.002843
8 0.020000 1.000000 0.001000
0.486000 0.396000 0.726000 0.501000 1.360000 6.610000 0.785000 0.785000
272000.000000 96.599998 0.003000
1.073000 0.050000 0.116600
0.125911 0.068921 0.000352 0.000000
0.000000

0.000000 0.855141 5.488527
0.528972 0.058776 8.983259 49.186172 205.384109
0.000000 0.067351 0.126559 0.000000 0.000000 0.000000
0.000000 0.000000 0.000000
1.719525 1.000000 0.000000
764.299377 0.000000
0.000000 0.000000 0.000000 0.000000
0.000000 0.988703
8 0.020000 1.020000 0.001000
0.486000 0.396000 0.726000 0.501000 1.360000 6.610000 0.785000 0.785000
272000.000000 96.599998 0.003000
1.073000 0.050000 0.116600
0.126049 0.068503 0.000350 0.000000
0.000000

0.000000 0.793855 5.138993
0.529198 0.058802 8.988099 49.206951 205.367310
0.000000 0.045343 0.117376 0.000000 0.000000 0.000000
0.000000 0.000000 0.000000
1.769406 1.000000 0.000000
764.299377 0.000000
0.000000 0.000000 0.000000 0.000000
0.000000 0.985990
8 0.020000 1.040000 0.001000
0.486000 0.396000 0.726000 0.501000 1.360000 6.610000 0.785000 0.785000
272000.000000 96.599998 0.003000
1.073000 0.050000 0.116600
0.126117 0.068406 0.000349 0.000000
0.000000

0.000000 0.690692 4.728577
0.527987 0.058667 8.968853 49.094009 205.363861
0.000000 0.032919 0.110044 0.000000 0.000000 0.000000
0.000000 0.000000 0.000000
1.819225 1.000000 0.000000
764.299377 0.000000
0.000000 0.000000 0.000000 0.000000
0.000000 0.993346
8 0.020000 1.060000 0.001000
0.486000 0.396000 0.726000 0.501000 1.360000 6.610000 0.785000 0.785000
272000.000000 96.599998 0.003000
1.073000 0.050000 0.116600
0.126131 0.068336 0.000349 0.000000
0.000000

0.000000 0.634155 4.431799
0.527589 0.058623 8.962993 49.056732 205.361572
0.000000 0.024146 0.103709 0.000000 0.000000 0.000000
0.000000 0.000000 0.000000
1.868952 1.000000 0.000000
764.299377 0.000000
0.000000 0.000000 0.000000 0.000000
0.000000 0.986145
8 0.020000 1.080000 0.001000
0.486000 0.396000 0.726000 0.501000 1.360000 6.610000 0.785000 0.785000
272000.000000 96.599998 0.003000
1.073000 0.050000 0.116600
0.126147 0.068602 0.000350 0.000000
0.000000

0.000000 0.582497 4.162351
0.527213 0.058581 8.957952 49.020935 205.361389
0.000000 0.017413 0.097819 0.000000 0.000000 0.000000
0.000000 0.000000 0.000000
1.918562 1.000000 0.000000
764.299377 0.000000
0.000000 0.000000 0.000000 0.000000
0.000000 0.978834
8 0.020000 1.100000 0.001000
0.486000 0.396000 0.726000 0.501000 1.360000 6.610000 0.785000 0.785000
272000.000000 96.599998 0.003000
1.073000 0.050000 0.116600
0.126160 0.068288 0.000349 0.000000
0.000000

0.000000 0.535822 3.918983
0.526897 0.058546 8.953906 48.990726 205.361237
0.000000 0.012448 0.092598 0.000000 0.000000 0.000000
0.000000 0.000000 0.000000
1.968029 1.000000 0.000000
764.299377 0.000000
0.000000 0.000000 0.000000 0.000000
0.000000 0.983322
8 0.020000 1.120000 0.001000
0.486000 0.396000 0.726000 0.501000 1.360000 6.610000 0.785000 0.785000
272000.000000 96.599998 0.003000
1.073000 0.050000 0.116600
0.126170 0.068261 0.000349 0.000000
0.000000

0.000000 0.493203 3.698348
0.526614 0.058514 8.950408 48.963577 205.361450
0.000000 0.009029 0.088265 0.000000 0.000000 0.000000
0.000000 0.000000 0.000000
2.017330 1.000000 0.000000
764.299377 0.000000
0.000000 0.000000 0.000000 0.000000
0.000000 0.975462
8 0.020000 1.140000 0.001000
0.486000 0.396000 0.726000 0.501000 1.360000 6.610000 0.785000 0.785000
272000.000000 96.599998 0.003000
1.073000 0.050000 0.116600
0.126184 0.068454 0.000350 0.000000
0.000000

0.000000 0.434056 3.456088
0.526019 0.058448 8.941586 48.907501 205.359192
0.000000 0.006824 0.085103 0.000000 0.000000 0.000000
0.000000 0.000000 0.000000
2.066443 1.000000 0.000000
764.299377 0.000000
0.000000 0.000000 0.000000 0.000000
0.000000 0.966336
8 0.020000 1.160000 0.001000
0.486000 0.396000 0.726000 0.501000 1.360000 6.610000 0.785000 0.785000
272000.000000 96.599998 0.003000
1.073000 0.050000 0.116600
0.126197 0.068418 0.000349 0.000000
0.000000

0.000000 0.400916 3.280148
0.525884 0.058433 8.940542 48.894115 205.359024
0.000000 0.005452 0.083191 0.000000 0.000000 0.000000
0.000000 0.000000 0.000000
2.115347 1.000000 0.000000
764.299377 0.000000
0.000000 0.000000 0.000000 0.000000
0.000000 0.970418
8 0.020000 1.180000 0.001000
0.486000 0.396000 0.726000 0.501000 1.360000 6.610000 0.785000 0.785000
272000.000000 96.599998 0.003000
1.073000 0.050000 0.116600
0.126213 0.068226 0.000348 0.000000
0.000000

0.000000 0.370995 3.121152
0.525761 0.058420 8.939685 48.881733 205.358719
0.000000 0.004640 0.082548 0.000000 0.000000 0.000000
0.000000 0.000000 0.000000
2.164025 1.000000 0.000000
764.299377 0.000000
0.000000 0.000000 0.000000 0.000000
0.000000 0.962007
8 0.020000 1.200000 0.001000
0.486000 0.396000 0.726000 0.501000 1.360000 6.610000 0.785000 0.785000
272000.000000 96.599998 0.003000
1.073000 0.050000 0.116600
0.126223 0.068144 0.000348 0.000000
0.000000

0.000000 0.343893 2.977726
0.525695 0.058412 8.939768 48.874710 205.356812
0.000000 0.004192 0.082988 0.000000 0.000000 0.000000
0.000000 0.000000 0.000000
2.212457 1.000000 0.000000
764.299377 0.000000
0.000000 0.000000 0.000000 0.000000
0.000000 0.964507
8 0.020000 1.220000 0.001000
0.486000 0.396000 0.726000 0.501000 1.360000 6.610000 0.785000 0.785000
272000.000000 96.599998 0.003000
1.073000 0.050000 0.116600
0.126238 0.068122 0.000348 0.000000
0.000000

0.000000 0.306232 2.819137
0.525371 0.058376 8.935457 48.843784 205.354309
0.000000 0.004010 0.084520 0.000000 0.000000 0.000000
0.000000 0.000000 0.000000
2.260628 1.000000 0.000000
764.299377 0.000000
0.000000 0.000000 0.000000 0.000000
0.000000 0.973823
8 0.020000 1.240000 0.001000
0.486000 0.396000 0.726000 0.501000 1.360000 6.610000 0.785000 0.785000
272000.000000 96.599998 0.003000
1.073000 0.050000 0.116600
0.126249 0.068134 0.000348 0.000000
0.000000

0.000000 0.285210 2.704921
0.525377 0.058377 8.936719 48.843349 205.353165
0.000000 0.004012 0.086819 0.000000 0.000000 0.000000
0.000000 0.000000 0.000000
2.308522 1.000000 0.000000
764.299377 0.000000
0.000000 0.000000 0.000000 0.000000
0.000000 0.959226
8 0.020000 1.260000 0.001000
0.486000 0.396000 0.726000 0.501000 1.360000 6.610000 0.785000 0.785000
272000.000000 96.599998 0.003000
1.073000 0.050000 0.116600
0.126263 0.068062 0.000348 0.000000
0.000000

0.000000 0.265939 2.601217
0.525381 0.058377 8.937926 48.842781 205.353165
0.000000 0.004158 0.089645 0.000000 0.000000 0.000000
0.000000 0.000000 0.000000
2.356125 1.000000 0.000000
764.299377 0.000000
0.000000 0.000000 0.000000 0.000000
0.000000 0.964641
8 0.020000 1.280000 0.001000
0.486000 0.396000 0.726000 0.501000 1.360000 6.610000 0.785000 0.785000
272000.000000 96.599998 0.003000
1.073000 0.050000 0.116600
0.126275 0.070067 0.000358 0.000000
0.000000

0.000000 0.248690 2.508118
0.525422 0.058382 8.939739 48.845661 205.351776
0.000000 0.004409 0.092712 0.000000 0.000000 0.000000
0.000000 0.000000 0.000000
2.403423 1.000000 0.000000
764.299377 0.000000
0.000000 0.000000 0.000000 0.000000
0.000000 0.957267
8 0.020000 1.300000 0.001000
0.486000 0.396000 0.726000 0.501000 1.360000 6.610000 0.785000 0.785000
272000.000000 96.599998 0.003000
1.073000 0.050000 0.116600
0.126285 0.068238 0.000348 0.000000
0.000000

0.000000 0.232923 2.423723
0.525465 0.058387 8.941576 48.848690 205.351822
0.000000 0.004739 0.095920 0.000000 0.000000 0.000000
0.000000 0.000000 0.000000
2.450404 1.000000 0.000000
764.299377 0.000000
0.000000 0.000000 0.000000 0.000000
0.000000 0.947902
8 0.020000 1.320000 0.001000
0.486000 0.396000 0.726000 0.501000 1.360000 6.610000 0.785000 0.785000
272000.000000 96.599998 0.003000
1.073000 0.050000 0.116600
0.126299 0.068469 0.000350 0.000000
0.000000

0.000000 0.211321 2.330666
0.525367 0.058376 8.941002 48.838787 205.349396
0.000000 0.005119 0.099074 0.000000 0.000000 0.000000
0.000000 0.000000 0.000000
2.497057 1.000000 0.000000
764.299377 0.000000
0.000000 0.000000 0.000000 0.000000
0.000000 0.946710
8 0.020000 1.340000 0.001000
0.486000 0.396000 0.726000 0.501000 1.360000 6.610000 0.785000 0.785000
272000.000000 96.599998 0.003000
1.073000 0.050000 0.116600
0.126311 0.068294 0.000349 0.000000
0.000000

0.000000 0.199065 2.263322
0.525430 0.058383 8.943166 48.843658 205.349503
0.000000 0.005519 0.102082 0.000000 0.000000 0.000000
0.000000 0.000000 0.000000
2.543372 1.000000 0.000000
764.299377 0.000000
0.000000 0.000000 0.000000 0.000000
0.000000 0.942337
8 0.020000 1.360000 0.001000
0.486000 0.396000 0.726000 0.501000 1.360000 6.610000 0.785000 0.785000
272000.000000 96.599998 0.003000
1.073000 0.050000 0.116600
0.126322 0.068191 0.000348 0.000000
0.000000

0.000000 0.188030 2.202871
0.525517 0.058393 8.945697 48.850716 205.349915
0.000000 0.005920 0.104923 0.000000 0.000000 0.000000
0.000000 0.000000 0.000000
2.589339 1.000000 0.000000
764.299377 0.000000
0.000000 0.000000 0.000000 0.000000
0.000000 0.956070
8 0.020000 1.380000 0.001000
0.486000 0.396000 0.726000 0.501000 1.360000 6.610000 0.785000 0.785000
272000.000000 96.599998 0.003000
1.073000 0.050000 0.116600
0.126334 0.068181 0.000348 0.000000
0.000000

0.000000 0.178080 2.148525
0.525614 0.058403 8.948382 48.858856 205.351181
0.000000 0.006309 0.107601 0.000000 0.000000 0.000000
0.000000 0.000000 0.000000
2.634949 1.000000 0.000000
764.299377 0.000000
0.000000 0.000000 0.000000 0.000000
0.000000 0.942721
8 0.020000 1.400000 0.001000
0.486000 0.396000 0.726000 0.501000 1.360000 6.610000 0.785000 0.785000
272000.000000 96.599998 0.003000
1.073000 0.050000 0.116600
0.126344 0.068160 0.000348 0.000000
0.000000

0.000000 0.168995 2.099227
0.525705 0.058414 8.950956 48.866360 205.352066
0.000000 0.006689 0.110239 0.000000 0.000000 0.000000
0.000000 0.000000 0.000000
2.680194 1.000000 0.000000
764.299377 0.000000
0.000000 0.000000 0.000000 0.000000
0.000000 0.935796
8 0.020000 1.420000 0.001000
0.486000 0.396000 0.726000 0.501000 1.360000 6.610000 0.785000 0.785000
272000.000000 96.599998 0.003000
1.073000 0.050000 0.116600
0.126355 0.068117 0.000348 0.000000
0.000000

0.000000 0.156628 2.044788
0.525701 0.058413 8.951903 48.865070 205.351410
0.000000 0.007065 0.112888 0.000000 0.000000 0.000000
0.000000 0.000000 0.000000
2.725067 1.000000 0.000000
764.299377 0.000000
0.000000 0.000000 0.000000 0.000000
0.000000 0.953761
8 0.020000 1.440000 0.001000
0.486000 0.396000 0.726000 0.501000 1.360000 6.610000 0.785000 0.785000
272000.000000 96.599998 0.003000
1.073000 0.050000 0.116600
0.126364 0.068199 0.000348 0.000000
0.000000

0.000000 0.149604 2.005763
0.525810 0.058425 8.954777 48.874260 205.351776
0.000000 0.007440 0.115595 0.000000 0.000000 0.000000
0.000000 0.000000 0.000000
2.769560 1.000000 0.000000
764.299377 0.000000
0.000000 0.000000 0.000000 0.000000
0.000000 0.944439
8 0.020000 1.460000 0.001000
0.486000 0.396000 0.726000 0.501000 1.360000 6.610000 0.785000 0.785000
272000.000000 96.599998 0.003000
1.073000 0.050000 0.116600
0.126374 0.068168 0.000348 0.000000
0.000000

0.000000 0.143327 1.971039
0.525943 0.058440 8.958027 48.885693 205.351822
0.000000 0.007802 0.118175 0.000000 0.000000 0.000000
0.000000 0.000000 0.000000
2.813669 1.000000 0.000000
764.299377 0.000000
0.000000 0.000000 0.000000 0.000000
0.000000 0.937012
8 0.020000 1.480000 0.001000
0.486000 0.396000 0.726000 0.501000 1.360000 6.610000 0.785000 0.785000
272000.000000 96.599998 0.003000
1.073000 0.050000 0.116600
0.126385 0.068688 0.000351 0.000000
0.000000

0.000000 0.137633 1.939340
0.526048 0.058452 8.960773 48.894485 205.353043
0.000000 0.008152 0.120682 0.000000 0.000000 0.000000
0.000000 0.000000 0.000000
2.857388 1.000000 0.000000
764.299377 0.000000
0.000000 0.000000 0.000000 0.000000
0.000000 0.956674
8 0.020000 1.500000 0.001000
0.486000 0.396000 0.726000 0.501000 1.360000 6.610000 0.785000 0.785000
272000.000000 96.599998 0.003000
1.073000 0.050000 0.116600
0.126394 0.068260 0.000349 0.000000
0.000000

0.000000 0.093753 1.728941
0.525953 0.058441 8.960198 48.885174 205.353088
0.000000 0.008742 0.125429 0.000000 0.000000 0.000000
0.000000 0.000000 0.000000
2.900712 1.000000 0.000000
764.299377 0.000000
0.000000 0.000000 0.000000 0.000000
0.000000 0.936367
8 0.020000 1.520000 0.001000
0.486000 0.396000 0.726000 0.501000 1.360000 6.610000 0.785000 0.785000
272000.000000 96.599998 0.003000
1.073000 0.050000 0.116600
0.126403 0.068146 0.000348 0.000000
0.000000

0.000000 0.092781 1.720715
0.526089 0.058456 8.963459 48.896805 205.354599
0.000000 0.009215 0.127891 0.000000 0.000000 0.000000
0.000000 0.000000 0.000000
2.943636 1.000000 0.000000
764.299377 0.000000
0.000000 0.000000 0.000000 0.000000
0.000000 0.939408
8 0.020000 1.540000 0.001000
0.486000 0.396000 0.726000 0.501000 1.360000 6.610000 0.785000 0.785000
272000.000000 96.599998 0.003000
1.073000 0.050000 0.116600
0.126413 0.068193 0.000348 0.000000
0.000000

0.000000 0.089784 1.707949
0.526165 0.058465 8.965687 48.902954 205.355270
0.000000 0.009670 0.130291 0.000000 0.000000 0.000000
0.000000 0.000000 0.000000
2.986158 1.000000 0.000000
764.299377 0.000000
0.000000 0.000000 0.000000 0.000000
0.000000 0.929940
8 0.020000 1.560000 0.001000
0.486000 0.396000 0.726000 0.501000 1.360000 6.610000 0.785000 0.785000
272000.000000 96.599998 0.003000
1.073000 0.050000 0.116600
0.126422 0.068114 0.000348 0.000000
0.000000

0.000000 0.089206 1.701935
0.526296 0.058479 8.968838 48.914158 205.356049
0.000000 0.010049 0.132473 0.000000 0.000000 0.000000
0.000000 0.000000 0.000000
3.028274 1.000000 0.000000
764.299377 0.000000
0.000000 0.000000 0.000000 0.000000
0.000000 0.937137
8 0.020000 1.580000 0.001000
0.486000 0.396000 0.726000 0.501000 1.360000 6.610000 0.785000 0.785000
272000.000000 96.599998 0.003000
1.073000 0.050000 0.116600
0.126431 0.068138 0.000348 0.000000
0.000000

0.000000 0.088774 1.697308
0.526462 0.058498 8.972569 48.928638 205.355011
0.000000 0.010348 0.134517 0.000000 0.000000 0.000000
0.000000 0.000000 0.000000
3.069982 1.000000 0.000000
764.299377 0.000000
0.000000 0.000000 0.000000 0.000000
0.000000 0.927368
8 0.020000 1.600000 0.001000
0.486000 0.396000 0.726000 0.501000 1.360000 6.610000 0.785000 0.785000
272000.000000 96.599998 0.003000
1.073000 0.050000 0.116600
0.126439 0.068157 0.000348 0.000000
0.000000

0.000000 0.088360 1.692786
0.526592 0.058512 8.975687 48.939850 205.356049
0.000000 0.010586 0.136445 0.000000 0.000000 0.000000
0.000000 0.000000 0.000000
3.111280 1.000000 0.000000
764.299377 0.000000
0.000000 0.000000 0.000000 0.000000
0.000000 0.933094
8 0.020000 1.620000 0.001000
0.486000 0.396000 0.726000 0.501000 1.360000 6.610000 0.785000 0.785000
272000.000000 96.599998 0.003000
1.073000 0.050000 0.116600
0.126449 0.068686 0.000351 0.000000
0.000000

0.000000 0.088004 1.689102
0.526737 0.058528 8.979066 48.952347 205.357300
0.000000 0.010769 0.138191 0.000000 0.000000 0.000000
0.000000 0.000000 0.000000
3.152164 1.000000 0.000000
764.299377 0.000000
0.000000 0.000000 0.000000 0.000000
0.000000 0.930044
8 0.020000 1.640000 0.001000
0.486000 0.396000 0.726000 0.501000 1.360000 6.610000 0.785000 0.785000
272000.000000 96.599998 0.003000
1.073000 0.050000 0.116600
0.126457 0.068167 0.000348 0.000000
0.000000

0.000000 0.087734 1.686041
0.526881 0.058544 8.982400 48.964821 205.358200
0.000000 0.010943 0.140075 0.000000 0.000000 0.000000
0.000000 0.000000 0.000000
3.192636 1.000000 0.000000
764.299377 0.000000
0.000000 0.000000 0.000000 0.000000
0.000000 0.931442
8 0.020000 1.660000 0.001000
0.486000 0.396000 0.726000 0.501000 1.360000 6.610000 0.785000 0.785000
272000.000000 96.599998 0.003000
1.073000 0.050000 0.116600
0.126465 0.068184 0.000348 0.000000
0.000000

0.000000 0.086390 1.680485
0.527000 0.058558 8.985318 48.974991 205.359467
0.000000 0.011093 0.141805 0.000000 0.000000 0.000000
0.000000 0.000000 0.000000
3.232692 1.000000 0.000000
764.299377 0.000000
0.000000 0.000000 0.000000 0.000000
0.000000 0.924601
8 0.020000 1.680000 0.001000
0.486000 0.396000 0.726000 0.501000 1.360000 6.610000 0.785000 0.785000
272000.000000 96.599998 0.003000
1.073000 0.050000 0.116600
0.126476 0.068140 0.000348 0.000000
0.000000

0.000000 0.086235 1.679997
0.527234 0.058584 8.990164 48.995739 205.359482
0.000000 0.011247 0.143688 0.000000 0.000000 0.000000
0.000000 0.000000 0.000000
3.272333 1.000000 0.000000
764.299377 0.000000
0.000000 0.000000 0.000000 0.000000
0.000000 0.922884
8 0.020000 1.700000 0.001000
0.486000 0.396000 0.726000 0.501000 1.360000 6.610000 0.785000 0.785000
272000.000000 96.599998 0.003000
1.073000 0.050000 0.116600
0.126491 0.068137 0.000348 0.000000
0.000000

0.000000 0.086210 1.678839
0.527399 0.058602 8.993832 49.010189 205.359406
0.000000 0.011406 0.145593 0.000000 0.000000 0.000000
0.000000 0.000000 0.000000
3.311559 1.000000 0.000000
764.299377 0.000000
0.000000 0.000000 0.000000 0.000000
0.000000 0.918844
8 0.020000 1.720000 0.001000
0.486000 0.396000 0.726000 0.501000 1.360000 6.610000 0.785000 0.785000
272000.000000 96.599998 0.003000
1.073000 0.050000 0.116600
0.126500 0.068131 0.000348 0.000000
0.000000

0.000000 0.086205 1.678082
0.527563 0.058620 8.997492 49.024605 205.360062
0.000000 0.011585 0.147605 0.000000 0.000000 0.000000
0.000000 0.000000 0.000000
3.350370 1.000000 0.000000
764.299377 0.000000
0.000000 0.000000 0.000000 0.000000
0.000000 0.929007
8 0.020000 1.740000 0.001000
0.486000 0.396000 0.726000 0.501000 1.360000 6.610000 0.785000 0.785000
272000.000000 96.599998 0.003000
1.073000 0.050000 0.116600
0.126509 0.068132 0.000348 0.000000
0.000000

0.000000 0.086256 1.677883
0.527743 0.058640 9.001415 49.040451 205.360123
0.000000 0.011765 0.149567 0.000000 0.000000 0.000000
0.000000 0.000000 0.000000
3.388766 1.000000 0.000000
764.299377 0.000000
0.000000 0.000000 0.000000 0.000000
0.000000 0.919048
8 0.020000 1.760000 0.001000
0.486000 0.396000 0.726000 0.501000 1.360000 6.610000 0.785000 0.785000
272000.000000 96.599998 0.003000
1.073000 0.050000 0.116600
0.126520 0.068097 0.000348 0.000000
0.000000

0.000000 0.086328 1.678031
0.527922 0.058660 9.005287 49.056202 205.360092
0.000000 0.011958 0.151594 0.000000 0.000000 0.000000
0.000000 0.000000 0.000000
3.426747 1.000000 0.000000
764.299377 0.000000
0.000000 0.000000 0.000000 0.000000
0.000000 0.919592
8 0.020000 1.780000 0.001000
0.486000 0.396000 0.726000 0.501000 1.360000 6.610000 0.785000 0.785000
272000.000000 96.599998 0.003000
1.073000 0.050000 0.116600
0.126534 0.068132 0.000348 0.000000
0.000000

0.000000 0.086403 1.678277
0.528093 0.058679 9.009026 49.071201 205.361862
0.000000 0.012133 0.153449 0.000000 0.000000 0.000000
0.000000 0.000000 0.000000
3.464315 1.000000 0.000000
764.299377 0.000000
0.000000 0.000000 0.000000 0.000000
0.000000 0.927904
8 0.020000 1.800000 0.001000
0.486000 0.396000 0.726000 0.501000 1.360000 6.610000 0.785000 0.785000
272000.000000 96.599998 0.003000
1.073000 0.050000 0.116600
0.126543 0.068095 0.000348 0.000000
0.000000

0.000000 0.084376 1.656436
0.528256 0.058697 9.012635 49.085510 205.362885
0.000000 0.012397 0.156188 0.000000 0.000000 0.000000
0.000000 0.000000 0.000000
3.501470 1.000000 0.000000
764.299377 0.000000
0.000000 0.000000 0.000000 0.000000
0.000000 0.917907
8 0.020000 1.820000 0.001000
0.486000 0.396000 0.726000 0.501000 1.360000 6.610000 0.785000 0.785000
272000.000000 96.599998 0.003000
1.073000 0.050000 0.116600
0.126550 0.068092 0.000348 0.000000
0.000000

0.000000 0.084750 1.659197
0.528422 0.058716 9.016293 49.100128 205.362747
0.000000 0.012566 0.157779 0.000000 0.000000 0.000000
0.000000 0.000000 0.000000
3.538214 1.000000 0.000000
764.299377 0.000000
0.000000 0.000000 0.000000 0.000000
0.000000 0.916164
8 0.020000 1.840000 0.001000
0.486000 0.396000 0.726000 0.501000 1.360000 6.610000 0.785000 0.785000
272000.000000 96.599998 0.003000
1.073000 0.050000 0.116600
0.126563 0.068066 0.000348 0.000000
0.000000

0.000000 0.085088 1.661883
0.528584 0.058734 9.019858 49.114315 205.362015
0.000000 0.012687 0.159244 0.000000 0.000000 0.000000
0.000000 0.000000 0.000000
3.574548 1.000000 0.000000
764.299377 0.000000
0.000000 0.000000 0.000000 0.000000
0.000000 0.914648
8 0.020000 1.860000 0.001000
0.486000 0.396000 0.726000 0.501000 1.360000 6.610000 0.785000 0.785000
272000.000000 96.599998 0.003000
1.073000 0.050000 0.116600
0.126571 0.068044 0.000347 0.000000
0.000000

0.000000 0.085467 1.664661
0.528749 0.058752 9.023474 49.128834 205.361633
0.000000 0.012746 0.160588 0.000000 0.000000 0.000000
0.000000 0.000000 0.000000
3.610476 1.000000 0.000000
764.299377 0.000000
0.000000 0.000000 0.000000 0.000000
0.000000 0.912954
8 0.020000 1.880000 0.001000
0.486000 0.396000 0.726000 0.501000 1.360000 6.610000 0.785000 0.785000
272000.000000 96.599998 0.003000
1.073000 0.050000 0.116600
0.126581 0.068057 0.000348 0.000000
0.000000

0.000000 0.085795 1.667106
0.528894 0.058768 9.026752 49.141434 205.362183
0.000000 0.012757 0.161873 0.000000 0.000000 0.000000
0.000000 0.000000 0.000000
3.645998 1.000000 0.000000
764.299377 0.000000
0.000000 0.000000 0.000000 0.000000
0.000000 0.912769
8 0.020000 1.900000 0.001000
0.486000 0.396000 0.726000 0.501000 1.360000 6.610000 0.785000 0.785000
272000.000000 96.599998 0.003000
1.073000 0.050000 0.116600
0.126591 0.068059 0.000348 0.000000
0.000000

0.000000 0.086174 1.669916
0.529063 0.058787 9.030405 49.156284 205.361786
0.000000 0.012746 0.163214 0.000000 0.000000 0.000000
0.000000 0.000000 0.000000
3.681116 1.000000 0.000000
764.299377 0.000000
0.000000 0.000000 0.000000 0.000000
0.000000 0.910963
8 0.020000 1.920000 0.001000
0.486000 0.396000 0.726000 0.501000 1.360000 6.610000 0.785000 0.785000
272000.000000 96.599998 0.003000
1.073000 0.050000 0.116600
0.126598 0.068052 0.000348 0.000000
0.000000

0.000000 0.086521 1.672984
0.529247 0.058807 9.034326 49.172611 205.361328
0.000000 0.012731 0.164616 0.000000 0.000000 0.000000
0.000000 0.000000 0.000000
3.715833 1.000000 0.000000
764.299377 0.000000
0.000000 0.000000 0.000000 0.000000
0.000000 0.908942
8 0.020000 1.940000 0.001000
0.486000 0.396000 0.726000 0.501000 1.360000 6.610000 0.785000 0.785000
272000.000000 96.599998 0.003000
1.073000 0.050000 0.116600
0.126613 0.068018 0.000347 0.000000
0.000000

0.000000 0.086889 1.676907
0.529483 0.058834 9.039109 49.193676 205.360428
0.000000 0.012723 0.166073 0.000000 0.000000 0.000000
0.000000 0.000000 0.000000
3.750151 1.000000 0.000000
764.299377 0.000000
0.000000 0.000000 0.000000 0.000000
0.000000 0.907550
8 0.020000 1.960000 0.001000
0.486000 0.396000 0.726000 0.501000 1.360000 6.610000 0.785000 0.785000
272000.000000 96.599998 0.003000
1.073000 0.050000 0.116600
0.126623 0.068011 0.000347 0.000000
0.000000

0.000000 0.087254 1.687356
0.530127 0.058905 9.050871 49.252750 205.356232
0.000000 0.012726 0.167676 0.000000 0.000000 0.000000
0.000000 0.000000 0.000000
3.784073 1.000000 0.000000
764.299377 0.000000
0.000000 0.000000 0.000000 0.000000
0.000000 0.906126
8 0.020000 1.980000 0.001000
0.486000 0.396000 0.726000 0.501000 1.360000 6.610000 0.785000 0.785000
272000.000000 96.599998 0.003000
1.073000 0.050000 0.116600
0.126663 0.067954 0.000347 0.000000
0.000000

0.000000 0.087613 1.703969
0.531158 0.059020 9.069242 49.347698 205.350021
0.000000 0.076959 0.244782 0.000000 0.000000 0.000000
0.000000 0.000000 0.000000
3.817603 1.000000 0.000000
764.299377 0.000000
0.000000 0.000000 0.000000 0.000000
0.000000 0.906704
8 0.020000 2.000000 0.001000
0.486000 0.396000 0.726000 0.501000 1.360000 6.610000 0.785000 0.785000
272000.000000 96.599998 0.003000
1.073000 0.050000 0.116600
0.126724 0.067985 0.000347 0.000000
0.000000
1.000000
2.000000
0.000000 0.000000
0.000000
0
-0.560000
0 0
0.000000
1
0.000000
1.000000
1.000000
1.000000
0.000000 0.000000 0.000000
0.000000 0.000000
0.000000 0.000000 0.000000 0.000000 0.000000 0.000000 0.000000
0.000000 0.000000 0.000000 0.000000 0.000000 0.000000 0.000000
193
2.000000
1
C:\DNDC\sites\Ottawa\CEFSoilc.spf
-1.000000 -1.000000
0.000000
28
28
10.000000
105
0.000000
0.000000
258
0.000000
334586.906250
1
